6705
3875
9893
7455
8639
9016
1562
2903
2029
5658
4429
8125
6545
6334
9176
1744
9136
3956
3460
9800
2711
3005
7327
4378
8348
7505
9796
4659
7207
5722
8001
7053
5094
3339
2994
3265
1127
8571
9691
8467
5202
9333
493
4295
3125
9851
1368
1485
3359
3564
5770
6346
9200
7723
256
3407
8986
8940
9841
6375
4144
2884
741
3384
6619
5938
1593
73
8883
8081
6932
5893
155
7395
5315
3182
663
239
1863
8472
9194
8491
6566
6546
1490
8857
6984
9642
8778
6049
2920
6297
3742
3693
4982
1829
8519
618
5777
2312
170
991
4146
5703
9121
9341
9773
2874
5402
1628
9566
2940
1591
5850
6121
5195
9607
6823
9113
4985
7846
6200
3264
1434
4117
7158
4219
5931
8805
9828
4398
9170
2016
4510
9879
3288
5533
5974
2963
6631
197
8863
1627
4495
5515
6772
2388
1450
9055
4583
2308
2366
5800
9049
2194
6628
5607
2727
8725
9342
7786
1737
4095
7332
8954
2833
9509
2764
9749
6761
5287
8541
2456
3064
4428
7180
8826
3613
87
8162
8339
6060
3869
72
8211
7701
4220
4999
4103
3476
4088
2671
2460
1384
9726
1136
9648
3026
7278
9745
639
8931
7410
999
8876
7782
5970
9591
6169
6921
9981
6785
7887
8511
2160
26
8676
905
437
8527
1187
8198
1501
9514
7098
9657
8133
747
2971
5447
5139
3504
3126
5088
7198
5188
2849
1113
9586
6379
2487
8540
7864
7572
453
9511
8478
4531
6507
6919
3586
1111
6160
6338
5540
9783
3004
2797
424
3912
7684
4971
7954
4344
74
2418
4350
3478
9542
917
8333
706
5499
9700
9033
5007
8767
7947
5165
7667
1309
1419
6109
681
8098
3231
7194
8254
4785
4899
9027
8468
790
260
6362
2334
8561
8914
6862
8950
1277
4933
9844
4576
7931
8754
8382
2981
9483
498
1771
6584
5936
8394
3003
8613
5265
9390
7758
6499
224
7275
3424
5873
8838
9554
8177
6740
5550
2432
4359
3851
4375
8997
5735
2271
3750
6659
2081
2307
9510
8526
1924
3381
2159
2642
8246
5357
3719
8092
4078
8891
3763
1508
8775
1087
4624
9425
1961
6394
9486
7490
243
1678
7615
8165
8755
721
172
3312
7993
7770
7289
4935
4545
1976
6851
8010
3816
458
1150
2560
563
2548
2684
6710
5708
8590
382
8713
3901
9012
4006
5486
9271
4022
9725
7052
2124
4865
7118
4169
634
2241
8317
8244
5352
9417
9677
617
8537
1555
6329
377
3335
1016
1015
4672
6462
1672
8810
2635
4365
4049
6215
1375
7733
4570
4957
4825
2589
3154
274
7305
3385
4887
8064
3079
687
5412
9760
6201
3910
2202
9850
2970
5819
4153
4201
6991
1472
8320
5743
3557
879
7248
573
9549
6882
957
4744
1488
3401
2405
6310
6774
7982
7828
4241
8623
1609
561
3862
2468
2225
6595
4956
6686
213
6943
6832
7449
2260
3283
3013
5398
6368
8260
1446
9222
609
7725
1387
6110
7778
2592
4226
1557
5365
7743
1642
6950
6517
9692
8717
4409
8271
167
5820
2629
9380
9249
8225
190
600
5969
1048
6271
7762
232
9455
5643
3601
1484
8644
723
513
2982
1840
3100
2112
3515
2977
322
4137
9747
8790
6233
545
4496
2122
2731
8967
9761
4076
3437
5067
3893
7331
3380
5780
7632
2944
8119
2715
6543
2941
6173
6479
5117
8874
2656
7680
1413
2218
1217
7899
9699
1713
3633
7130
5688
8169
4007
5390
5225
7730
9184
9448
3432
8674
3814
8416
8194
5474
1300
8706
7793
4929
4915
7462
9630
1659
1367
2374
6133
5291
505
6933
114
6270
3446
5898
9899
986
2520
231
4191
395
9919
1036
9420
7415
2037
8969
3115
9717
3448
2632
921
9983
3411
8771
3399
3295
9596
9059
6554
23
6137
7499
873
789
6374
886
3218
6196
9070
4810
4923
8908
7384
7739
750
9358
553
7167
2637
4045
4733
3236
2355
2118
9008
7776
4526
1094
5138
68
6863
5696
404
7545
3723
2238
2099
2089
3707
8837
1019
7692
1575
5343
4490
5234
2549
3858
2593
1079
1260
4926
1044
3256
6638
3543
856
1140
8374
9351
9656
8233
4316
4990
8180
3929
5175
8322
7925
205
4396
9733
6505
6478
966
2614
5069
5751
283
2335
98
3493
7978
8761
7614
6118
4703
8386
642
1032
8524
7935
8628
8641
7987
939
6062
1944
9158
963
2790
9018
4414
7246
8462
7603
331
3445
6322
1600
5489
2853
1467
7174
1988
807
5312
6043
9776
6657
1453
9485
2528
7833
5472
1604
6279
3486
8662
3392
1552
6252
2098
9331
651
7606
6878
6793
5267
5594
1
4640
6001
2510
1308
2831
4719
956
2712
6475
7102
3568
6117
9471
6730
8459
9778
5490
2104
1107
1852
2515
2717
1647
6756
5809
3480
5131
6795
9668
6995
6651
3648
781
3300
8508
5378
3984
4151
8412
7702
1425
6883
4003
4235
3334
2918
1748
5425
6373
1909
307
32
2554
6156
4180
9247
7875
9653
6518
4333
9141
6149
9082
3562
6194
1649
2076
5466
2917
7847
3616
6315
3718
2734
2154
1851
8477
9123
1135
1989
3832
8140
5268
2087
3415
1742
4203
3898
5551
8012
6258
6520
7852
246
2625
5319
6834
18
8850
816
5676
3442
3686
8124
6105
7696
263
4860
1616
9470
346
9228
2904
9432
3711
1329
6477
1775
5452
6282
6150
1213
9803
3990
2929
7945
2385
3426
2739
5218
7694
4552
5114
7713
4060
7537
48
7025
3073
2923
838
4182
1167
2763
2296
65
7618
2358
8057
6952
2901
648
6673
2643
8861
8930
86
4801
6469
6038
8479
2302
8074
785
508
3751
9727
4085
6265
673
2602
3828
7343
1635
7261
4634
9638
5101
1729
8936
4520
7311
5102
7539
6365
4894
2892
7094
3369
2989
2609
6574
8440
9619
317
3473
533
8442
6326
6057
1317
5857
5368
9884
4012
5059
7964
4238
7405
4707
1626
9765
9997
2458
8168
8163
6403
5631
4840
1704
3806
4715
9821
8565
660
7517
3963
4354
9505
2227
5090
1281
7105
1219
8764
8090
1792
9908
7972
1717
2596
1732
3025
3694
2101
2386
7951
9232
4470
5157
2453
5949
788
9528
9453
1109
1427
7391
8061
9195
9403
2821
6467
4575
5163
2381
4110
6463
3
9951
5488
3566
5366
9054
1412
4190
9959
1205
3922
646
2337
7029
4374
5376
9697
757
8830
9178
3497
5440
9730
9089
3943
1122
539
2400
3088
5878
3111
9460
5227
5929
9896
5361
3639
536
6269
183
4111
7575
3640
5598
6759
7401
5122
7759
1843
5308
2143
4364
1930
8624
228
589
8958
2459
9402
6998
1766
1456
2347
6369
5801
9164
3280
9977
8143
7044
311
2557
1245
1101
628
4891
6658
8380
6725
1069
5346
4105
216
339
305
801
2796
9292
1421
4028
8445
2077
9354
2115
4388
6608
3048
5876
4261
2987
9344
2667
6063
7186
927
8127
5520
349
9647
1757
9466
7891
8904
3949
4015
6938
6288
8582
911
6409
2248
5583
3414
5966
2781
7928
9404
5831
1612
9735
5076
2111
4678
9310
762
8453
8270
5142
1698
1946
5622
1879
2371
1535
3083
1223
2877
4240
254
3977
5504
6828
490
3162
9946
4476
2582
2798
2257
5136
8860
9230
1667
5522
9718
9965
6239
3124
4274
5211
386
4636
3337
7582
1560
492
6988
4074
1093
8483
3190
1910
8257
9416
8410
7372
4622
3575
2480
6030
238
2935
9193
934
1393
5333
7500
2668
7792
2845
9449
3366
2109
6812
8583
9187
764
9541
9757
4713
4628
4627
8724
240
6130
2756
2066
585
6856
7058
5799
9995
2913
2696
5235
2737
417
3571
6321
1328
3884
4721
3552
554
2669
4286
9644
1602
8429
1437
2132
5563
7080
3800
519
9826
9305
4609
1980
9034
5670
5677
8897
9849
8444
3127
426
1943
8449
1670
3427
958
5775
4431
4262
3656
4559
6602
6424
9133
4962
4714
2327
1601
7413
9290
8902
4885
5219
3983
7785
5941
3508
737
9025
1621
8232
8269
6646
9377
5421
6599
5547
2128
1577
1723
5068
38
8910
4014
227
7239
3510
9429
3325
8719
6162
374
603
9764
8611
7538
3608
3450
2718
3824
2792
774
4735
9675
940
661
1256
2152
4835
848
5914
8672
9833
9418
8757
4062
4832
3297
6360
6436
7498
9038
5359
9923
378
2149
643
6411
1411
6776
5761
4276
1595
1428
1123
4160
4181
5650
8536
9815
1475
4255
5553
3778
708
2613
1981
334
987
3056
4660
82
2938
9353
9131
6592
4826
2978
7270
8463
8965
1451
3999
1322
8606
2170
8272
555
9686
1358
4769
4402
7540
996
3873
4884
9395
5358
436
9239
9458
152
4690
9666
7515
5403
7037
5657
3590
4
5975
850
7992
2835
7895
4459
5003
2138
8077
799
3600
7629
6980
8894
2258
4731
5838
1142
4425
8258
591
7460
8167
2299
4963
8192
7999
1818
711
501
3069
1606
423
2799
9810
1881
4916
5342
2221
6018
7552
2142
5004
5804
7879
9794
7817
9750
2045
9467
3923
5720
7185
3753
9160
1929
6380
4984
8787
4688
2651
7960
834
623
1765
4132
3821
4943
2966
7040
9990
3221
7442
625
1218
5529
8601
268
3576
2491
3745
3619
3530
2235
4919
4803
997
1148
6384
864
8413
4556
4043
9003
1319
8392
9777
5470
9970
5216
855
2261
4253
8975
1671
8589
3250
8549
4629
5868
3892
3809
8789
882
475
2162
1921
4199
1424
3786
9465
9862
2019
3989
565
2220
704
5071
6653
5690
9736
2779
4818
1116
4676
8753
7851
1767
1192
313
1439
7148
4382
223
3683
4809
7923
5578
1533
6209
5236
8671
5581
7430
5023
6251
8604
3309
1995
652
3209
7070
5664
9738
6232
4794
244
7192
2291
6207
3782
5744
9175
3947
7827
4113
4613
1274
8220
5245
5057
6948
7075
1859
1153
220
1070
734
6594
8314
7566
3708
4783
1444
3036
8419
8824
2878
179
8326
8966
3244
2673
1404
8620
6046
9188
5733
4283
6702
7912
250
4390
4970
5160
4643
7110
5685
549
3191
6993
7508
5156
4482
2539
6418
9831
1199
95
8780
1259
323
2171
1971
1390
9558
8763
9122
3692
7583
7427
4903
7107
8372
8087
9719
6065
4340
9520
6450
8621
4726
4266
5606
5468
5272
3347
2768
2951
2936
2068
2538
5545
4202
1396
7202
6792
1550
3406
7242
2340
825
3032
113
581
7626
2303
3370
1827
6962
9272
2773
796
1834
9743
719
4969
3808
4820
8132
3429
8649
381
7749
7779
2641
6588
5223
6753
6126
7820
5172
4829
717
2952
3879
919
8709
4620
5855
1179
3521
4029
194
4002
8735
9345
859
218
7950
4291
9612
9030
5848
6748
7217
2937
4229
6355
8266
6963
1102
6663
5951
8391
1139
6242
4102
7418
6982
2868
5473
6079
4242
5316
3464
8831
6534
4544
8643
5496
4859
2525
201
2367
5661
1982
6280
401
1397
7735
9478
9780
9512
6180
763
6422
8821
4343
5407
6357
803
6407
3416
7676
989
5915
482
6920
5145
6206
9712
8277
8455
2521
7367
1896
7015
3710
4611
184
9363
7302
2277
7054
7138
3317
8221
1119
8594
5639
1530
7668
7546
9740
1727
1315
6840
5433
742
7241
4121
601
2975
3052
9645
6723
8274
8694
9427
5008
3184
3706
4849
6676
2499
3981
440
5617
1794
3287
6806
9028
2793
1026
5411
7737
4025
3891
3725
5660
736
161
3183
11
9130
2561
2683
715
8595
3591
7543
31
1926
1997
8078
7832
9207
8498
3797
8152
3068
726
3090
7397
6141
5736
9304
653
6381
9213
5814
2009
1663
876
1184
4391
7060
9267
7953
9491
7106
7658
6235
6481
6108
8312
1382
9636
3938
1312
3952
5693
9252
6354
8828
9099
9543
2765
130
425
4717
3276
3817
520
8832
8136
5802
1264
867
9631
5668
3614
5954
8870
1022
7204
4479
2789
7236
1873
5096
3794
9229
5734
1266
1125
1324
5584
406
6383
668
9046
6516
6559
2401
4223
1814
8858
3775
951
2053
695
3582
7201
8964
2869
5867
572
5560
3625
489
5739
3388
282
7998
1385
3417
4371
5842
9140
1735
3500
8546
6164
5597
4384
7907
1618
5180
3042
2049
7542
1432
3948
1234
3453
5313
4449
43
8833
7892
3746
5383
3985
1100
8031
8325
5697
523
1830
4766
2806
4867
7605
7570
7874
2119
8203
6313
4914
506
8464
8822
4071
4709
8247
631
9198
2775
7134
6652
8699
8737
4792
2741
1080
9397
5311
4332
2880
3950
4301
5495
4639
5904
4972
849
4345
8465
503
4050
326
3131
4065
1686
8039
8414
738
7257
6643
868
7307
4250
5828
1363
1787
2177
1178
8290
2622
3343
5667
6618
599
3033
6088
1155
9876
4652
8918
9244
2390
8889
6332
7771
629
4641
4176
5977
2645
7353
7345
6639
2313
1791
2028
8100
2379
2481
4196
8015
3881
7129
9312
5187
3691
4512
5061
7447
965
1169
494
8295
9481
2233
6601
7373
422
6976
6420
3112
5073
8293
6494
7697
9799
6417
5571
727
7673
1987
7262
8809
9322
4708
2356
3678
9102
8187
2916
6442
2705
6014
7633
5793
752
6802
5987
2319
881
1235
2292
8882
3319
805
9215
2914
1869
9613
2423
1903
6985
3722
5788
4200
3397
2908
2244
9378
2607
292
3122
2289
9368
6193
8294
9754
5252
6361
2517
6187
8633
8782
2644
8743
2201
8691
9623
1258
7309
1687
4122
1128
7674
4444
9535
3413
4455
4461
3966
4434
4175
5636
5190
3701
4236
6593
2570
1752
8987
8030
5133
5580
1083
6190
4667
7844
9233
1785
9423
594
8379
1355
6331
8309
2743
3170
1158
2086
459
6135
9892
4692
4366
3503
3669
9689
3389
6253
2508
8517
5281
177
7219
5948
8933
3724
2681
8749
9281
4940
9537
9947
6299
6174
6404
9157
833
4054
8867
2173
6571
1625
544
2886
1238
259
8679
9076
2856
6377
3327
8306
7291
9732
4527
9552
7237
4099
8234
4858
5755
9968
3992
4615
204
2419
4433
5707
2054
1511
3082
3544
1949
415
4130
3008
8664
1242
5000
165
6223
4480
2872
1559
439
3732
411
2084
8131
9599
6330
7240
893
6870
1947
9690
4426
7287
6879
5947
8596
5625
6056
1073
6458
1236
8900
2608
4905
7836
2075
7074
9315
4372
8224
9258
2847
1905
3907
5790
1975
3085
338
1762
4610
517
4096
251
929
258
9364
4977
1009
6881
4621
7087
4573
5782
2623
5339
6572
7108
9479
1461
13
9414
5671
1289
5113
5773
7179
6427
6080
3959
6620
7012
2344
792
9680
6739
7956
8051
7631
5687
1780
2885
3107
2300
7877
9270
3072
967
7376
7613
6440
7854
5652
1936
9564
4784
7111
3518
9307
185
7090
208
797
8777
3674
8935
1405
6718
4689
6217
7392
3430
2097
9347
8381
4936
8117
1357
4989
7535
6446
2650
7919
6390
2064
7264
3186
7973
2574
9502
8576
837
680
8516
8344
4039
5943
272
1716
9565
4005
3041
5710
1104
4194
2476
8335
8041
1605
7467
1529
1753
4843
4435
3522
433
6165
3752
8569
1933
8825
9890
3774
8402
5608
8720
3143
4383
3926
6907
9635
9721
8530
2809
6865
7534
7320
6614
3531
2690
8881
1931
9830
5204
7857
1816
4780
4474
4165
4469
1660
3035
4616
2229
2802
4536
4386
988
4568
7205
9147
4773
8084
8288
7001
4994
6957
3176
7139
9532
9920
866
5129
6461
5348
908
5844
9525
9166
6283
3716
8404
3569
1144
8823
8560
9882
6177
8545
3822
3034
4876
7220
9903
4246
7121
3180
7726
9332
2615
4298
6444
4764
432
4774
2065
2188
5891
7407
6625
8045
7223
1163
9022
525
6568
4828
160
9079
4056
4311
6677
8305
3099
8094
9174
4540
2217
3065
6370
9836
8539
2812
3117
9426
6912
6144
2155
6054
175
4730
2749
6817
2959
284
8037
2647
4282
2397
7930
1806
193
9588
56
4392
1176
8222
8137
9679
8129
9260
4603
4336
9940
5364
5569
8842
1847
9814
9853
466
7497
7368
6431
2305
9651
1925
7686
2286
9001
7672
5182
7213
9492
6222
319
9769
4742
316
5009
7091
558
7123
4445
6304
2855
2058
9650
3660
9240
8184
527
4881
1520
9550
4875
2330
8665
6408
465
6562
7563
1655
2141
1449
4555
6700
5229
3054
1849
6371
6396
9561
8397
2882
4164
8141
1090
7811
5884
6097
8616
7807
1911
851
2776
8656
5321
5721
58
1853
9621
662
315
6191
5728
7772
6525
9314
9171
1183
261
5859
4185
2165
4430
7466
2879
4197
3740
5299
400
5467
4177
8627
1186
1129
5666
6934
4655
8847
4497
7900
2939
6514
1945
509
1902
1941
9678
4868
7146
1159
8457
7990
7151
2530
5168
6789
1804
7476
7940
2663
8729
4674
9889
7057
793
2716
5592
4725
8008
5020
1882
4931
153
8675
6484
4300
3780
828
5558
3680
583
8797
2176
2057
831
1828
8023
8776
9224
8474
2930
5256
9273
751
1076
2758
396
9410
2263
592
5485
1038
9132
896
9925
4008
7255
2404
1497
4893
4823
4647
1251
7906
88
3028
6103
9494
265
286
4718
471
5112
9616
2484
5749
2967
1447
6960
9945
5354
1544
4438
3365
3779
1376
5014
5723
2320
5118
953
9357
5439
4986
5263
4001
1051
3972
2805
1715
4418
1629
6274
6000
5924
6515
3089
5078
468
6263
1712
756
9463
1789
6918
1958
3018
6236
6947
7602
7876
5258
2974
1065
9823
4664
3663
4578
9605
9788
4694
3698
427
9072
1370
1694
1927
9180
9589
9311
9095
8067
2694
6503
1708
3636
8584
5110
4369
5779
3102
134
9527
926
209
6184
8846
2030
8996
6296
5923
5519
9843
2013
7756
226
5762
5596
5147
6205
2636
6341
5956
8875
3946
9452
3281
6805
1012
2536
3349
819
6924
3487
1498
8308
496
2535
4806
1227
4951
275
6880
8352
2017
7838
1951
4208
1689
6582
9824
7843
4702
6954
6894
9513
4960
2482
3519
1098
2478
4361
4410
7578
3931
9991
4210
5310
2042
2168
4964
3204
8708
5328
5458
5827
6549
7571
5210
7354
5253
1907
394
5900
2659
9177
6405
10000
3974
3261
16
1884
8368
2395
2576
7035
4106
4566
4373
4142
1883
2571
2464
8605
4136
3097
7089
9346
1973
9993
4756
7470
2774
9376
4561
5523
2730
8599
4047
5542
9124
3565
236
8972
9962
871
1889
2332
5381
1249
6575
9407
692
9023
9659
7584
9265
3598
9080
9156
9010
6946
1108
7381
1339
5269
4129
2290
9975
3391
237
6347
3906
8610
1739
6340
7188
6726
6167
6992
107
7969
3539
6788
3792
5683
1538
7274
3843
6036
1558
1815
4023
2288
4530
6747
7005
2948
3670
694
4123
5203
5577
4952
1240
7767
6682
463
1633
4946
9383
7400
2039
7178
1228
593
5754
5137
9068
546
9278
9409
9774
6111
686
9251
1680
6010
7285
298
4593
7122
8200
3457
2587
6244
2818
7422
6077
937
4669
2073
3865
42
9266
7894
2342
9208
2670
7340
6153
6844
9517
2240
4399
8585
53
9185
3811
1610
9693
4116
7212
9568
6613
1953
4987
3208
7549
979
6841
8835
8586
5115
2278
6936
9159
8884
7154
3166
641
6722
754
8229
6996
3296
8781
614
4278
7754
6764
4745
297
9504
6669
4327
6501
772
9451
2326
6861
832
1568
8173
8603
1893
4035
6929
7383
2310
4450
3363
8640
8573
676
3617
8281
3060
2800
7371
1175
5821
1409
2306
7705
1359
6563
77
301
2434
4631
4922
3988
2813
9118
4844
2336
1365
8340
2512
3583
8480
4671
4737
4040
8663
409
1407
6289
1952
4787
9763
6102
973
8801
7760
9974
5612
9971
3567
5251
6352
6794
709
5890
7197
4171
4307
2228
5198
5237
4547
8982
6225
6703
1343
1928
6492
8547
2745
7471
4821
9155
992
2346
217
2455
2024
9614
2426
2750
7115
1719
2658
8431
6199
2333
3014
8476
9557
7326
7809
4335
1916
3419
7856
7943
1002
4217
9871
4586
8388
830
3354
4150
5015
5215
6028
8055
2338
2786
3902
5795
885
7547
759
6320
4762
6561
1221
4813
5154
4509
7361
8646
666
9006
5905
1711
9793
76
1145
1749
3772
731
5521
2187
7656
3400
4836
5508
543
4605
4617
8819
5952
4906
9787
5405
355
8360
1106
2559
1149
8279
1772
2083
1378
7787
5604
2114
4500
2700
9863
2703
4358
3687
5774
6591
8460
1000
9146
372
5109
7510
2500
7661
9468
6904
5442
3505
3662
5921
3350
516
7590
7196
5766
5917
5232
7652
3292
6860
9560
5049
562
47
7457
5600
4463
4646
5063
9545
4406
7801
4052
5027
7342
5178
9723
2566
2107
4279
9061
6392
6437
8552
8208
9670
6093
5910
6303
4890
5822
5019
2648
1466
4312
1406
4342
7322
9268
6833
4949
9979
6087
1954
9319
6273
1799
5935
7294
9973
8977
71
6836
7435
7818
4347
2060
4591
9462
3171
2740
6285
9179
8592
14
7862
3916
1422
9988
877
2150
6827
162
2676
6743
976
5574
9074
8783
2606
2729
2040
3237
1117
269
2933
137
9877
982
2584
1270
948
4889
3120
300
5082
6565
2604
8205
8341
9526
6120
6771
4701
5379
1603
5877
682
1675
1974
9627
9555
2475
8980
5373
8183
800
1095
3000
942
2590
4257
9706
9625
8068
7741
2425
684
6092
1673
4086
6300
6826
6402
3302
2036
60
3645
1141
7377
7254
4031
3827
7802
8497
7958
1085
2022
7280
3494
6382
1833
8615
7669
5161
4767
1371
1011
5537
1369
6556
4360
5125
9848
4958
9125
5031
1948
8591
8574
8572
8925
4248
4740
9499
858
3489
534
2304
7718
2832
3838
348
4585
2788
7544
5731
5084
9905
5500
8021
9980
8362
2688
1774
2477
2902
3498
9291
535
6691
9685
2373
3642
7774
5438
4494
9324
5176
1301
7643
8053
4995
8108
5894
6272
4798
195
2251
9842
4306
6052
9797
7764
6040
9024
860
7621
6026
6259
4437
7478
5509
4024
8570
8315
2134
1566
2184
2552
1573
4204
7084
5561
6603
7916
3197
9989
3532
8630
9472
4976
1053
5393
4797
2189
1072
5177
4209
2611
1923
699
2133
350
6590
4472
5610
7227
7231
2427
8424
9083
2485
5493
5155
7873
356
6522
6923
8638
3239
4841
8439
7162
5259
3649
7675
9643
4341
5701
4161
7419
7161
2771
3737
2759
7642
7798
2883
1037
383
8896
7991
7918
4920
3159
2972
2100
4329
7153
8003
3177
6799
1386
8650
2190
7564
7636
8156
241
1271
457
8099
5418
9941
3689
5603
3918
1755
2441
7493
3555
7885
1738
4417
9100
5702
4716
4815
6286
1303
5502
4567
4524
6987
7142
8818
9424
6246
5484
1564
6930
2927
2402
7007
701
8452
5305
5634
9578
3257
6044
5095
8938
138
7910
2699
6084
931
990
6142
7825
4781
1587
6679
4419
7946
5432
136
139
5171
2273
1042
333
4623
6940
4856
6292
863
5632
467
4626
8028
7560
5963
3246
4604
4172
6733
8509
9766
4317
7837
5482
3393
2329
1940
9963
1440
584
7297
4351
5826
9779
6579
9101
255
1854
2769
8056
3748
613
5037
6195
5714
8018
310
3499
5174
3230
8458
7092
6717
9901
6903
7453
6305
3321
2368
1572
4349
147
983
502
9163
6003
5404
9284
1932
5675
4635
6720
4973
6335
605
9218
1613
2348
4231
3717
5367
1596
9655
8405
8872
7655
3443
5266
229
5717
7736
3324
4296
9439
8059
7156
5928
3688
9488
6678
2747
3482
7160
8879
3533
560
6786
9493
3729
8791
575
9373
4356
2416
8566
1760
1132
5318
9518
2457
4723
6831
2281
2351
9832
6762
4546
1514
2301
2996
6672
4145
6634
1273
3076
1077
8264
5043
7145
4268
4468
7937
6466
5462
2545
5382
3631
6973
7763
8568
7922
5991
2844
5863
3945
6005
9150
1741
1569
698
2757
1899
2634
8400
3594
8337
3134
5280
1880
1337
5997
5089
3872
9120
1071
8218
5968
842
1809
9115
4930
3433
7319
3666
2985
6765
6219
6107
6240
192
5012
464
7720
9912
1416
8227
636
835
1607
4408
9021
4614
1590
8580
2293
6485
6751
9040
6526
8091
1856
4661
4189
7866
645
8886
8122
6696
477
6715
6968
1795
6364
4134
5539
9255
5930
6709
6797
2192
9096
2092
7243
434
7586
5694
281
7585
620
3764
2052
7810
627
8999
3459
2004
6008
5883
8138
7306
3438
2282
5548
8329
6254
1118
538
4750
2620
182
894
6577
6649
3395
5087
2276
3378
5141
5039
5336
9551
2181
2200
8731
1692
2919
7727
3903
9571
5261
4880
8514
5889
6557
7485
3982
7432
5104
341
1644
6899
1969
4908
5538
2148
836
6741
6316
8079
4275
8948
7984
8142
9632
8752
9695
442
4184
2986
2269
3679
8403
8934
4807
4244
4404
6429
1589
1669
5653
9737
1521
3195
6210
5212
5191
7299
6609
9440
1299
3899
2237
344
4819
7576
1898
9781
9857
5907
5320
5083
9436
5655
2956
6421
8307
3757
8939
1334
7366
9576
2203
4501
2719
2331
4247
6138
7468
6810
3712
3020
7558
483
4456
845
279
2819
6708
4677
7088
410
9209
9137
3599
3232
3596
2524
6435
2185
3058
7119
6504
5481
4770
4026
7761
5331
9084
9665
1074
2153
278
5566
610
4198
6965
3251
5512
1166
6814
1503
8034
4353
1084
3483
2945
3618
9088
8461
4508
5992
2070
1684
8634
8361
9303
4560
6953
5839
484
6745
2108
8106
4170
6488
3536
4485
3260
2551
1354
2126
7765
9071
2050
6140
5807
3870
6247
3118
6146
5323
9915
7957
7434
6074
1191
7448
9298
392
8941
2316
1598
1917
5778
7753
3408
969
6769
1938
3409
3584
8289
8659
9710
7595
1763
1901
1110
495
4513
3001
7386
9952
7983
2449
2483
3022
6301
9795
1743
8215
1350
7338
6323
7808
8710
9622
369
9713
8942
2550
5903
2828
8670
9253
416
7634
5591
2862
2406
8499
4830
791
6670
4795
8298
3847
2707
4041
7120
7086
5926
4377
6783
1430
5435
143
4779
7351
9202
1871
9996
1594
7679
2253
1850
8518
2973
5406
2026
9633
7221
361
7199
9050
4909
5958
5228
1483
8949
8454
2896
6041
7868
9521
3412
7008
6800
8919
9199
1381
233
8363
337
5270
3305
8622
9126
2770
324
1502
1574
7589
4551
4243
4234
4879
6009
7414
3062
3667
8504
9148
1646
624
8324
1796
6267
4522
7128
6891
3421
5401
7441
823
2298
362
6606
552
3940
5469
4420
8185
7046
844
1013
5835
7579
9234
151
7646
8383
2223
154
4259
7288
1284
5885
3661
3585
6115
25
7014
5385
7099
5982
2391
207
2473
9620
1320
8396
6816
1811
3803
1914
1361
9181
5845
3767
8110
2213
5841
9294
8529
9646
8032
518
295
5242
7117
5771
441
9918
405
6197
827
7921
1984
9827
4195
8740
6693
4553
5635
4193
9419
6509
3227
5786
2215
9969
8714
4961
9859
7216
9944
1477
391
2513
9445
9280
7961
6456
1504
8082
590
2094
1331
1146
3682
4866
146
3609
1479
4824
1056
1211
6644
157
2461
9031
7848
8104
9534
4067
9242
7339
6376
7816
5562
7835
4564
4421
3298
7068
7889
3495
1643
4042
3320
3373
5226
5295
532
4294
3513
5851
5024
4529
1008
4695
8800
7707
1342
3856
2899
4287
5206
6858
3331
6951
2706
2861
3936
8172
1442
6487
1250
1313
898
2377
7315
7790
3434
9820
5651
2674
5906
521
8408
5184
4939
8947
40
219
7568
4706
2120
4227
8852
6875
9825
2145
5431
3007
8343
8025
3410
4574
1327
4666
9846
1082
8888
9399
8072
4691
810
3329
5824
9615
771
3050
3528
7041
3114
7260
8096
6928
2216
9984
8304
857
9144
8466
2954
5170
4070
3506
8263
364
4870
3474
7967
2657
5081
6935
8371
9772
3238
7051
8303
608
6157
9808
3259
5692
5875
587
7554
1057
5955
9391
3818
8451
3358
3338
1808
9664
6809
1751
413
7325
8555
105
1096
7147
9295
2186
4992
2008
7273
5662
3627
6925
3490
1414
5293
2829
8808
3061
2043
971
2106
3451
4734
4251
6168
8730
1335
1373
6539
1597
6738
2191
1666
949
6642
9949
4838
3144
6749
4834
7365
4021
6914
9103
4245
6472
875
8073
312
3205
4381
5899
5247
3754
6724
667
1874
9210
9011
6353
6029
5641
1510
9206
2033
8029
375
5254
2345
9881
8745
1998
537
8845
367
4232
7182
8216
1352
5764
3153
2761
6668
5729
4338
9873
8866
1045
8202
1803
955
915
8697
6317
974
2387
7712
8026
6674
456
1418
4874
3299
8992
4462
9392
9237
7013
180
1292
450
9506
1469
8862
4059
3998
6039
7042
8116
8849
8370
9640
491
6471
8102
6449
6266
2294
2380
7732
4852
8103
3968
540
1058
9661
3526
7794
1068
1734
1374
3671
6521
6714
2280
6182
7436
7970
8921
7171
8963
8907
4632
5934
2697
9724
5587
4817
6468
6032
4473
5394
4857
8323
5181
932
2420
9829
4665
176
7609
5984
2136
1420
6031
6432
4068
5465
8430
2175
2755
4112
1588
975
1822
7622
7170
4385
7272
2778
124
1265
135
5965
1825
6972
2041
1164
2854
4499
7458
5576
8978
3059
2871
7210
7496
5246
5222
7292
6011
4440
4697
6372
7777
4072
4537
5429
9790
657
3835
6414
7301
9431
1968
7525
755
5169
359
3447
2006
1888
1091
5430
4757
595
9097
6868
1781
3167
6580
3436
4093
3887
3743
2127
389
4606
4037
3720
3096
6213
3867
4642
4285
1691
2110
7061
3954
8911
6192
696
1399
5387
6737
1857
1512
2540
4321
2321
3791
9223
8707
4704
7526
5513
3986
1462
3147
6071
8191
7858
8135
4188
2324
2766
2556
1088
3823
6589
8928
1275
2012
6245
5815
6002
7591
4436
7390
1652
5124
6465
1078
8273
5840
6439
8556
3668
7561
1220
1895
8998
7439
1641
2370
1034
6712
8703
8626
1690
8017
365
2364
8898
4424
9835
5257
9323
7492
3727
7166
2172
8829
6428
6013
8667
664
3675
3235
542
7617
6497
954
7114
5817
735
7884
271
1017
985
8922
2166
1788
5395
2955
8052
4387
2382
3520
5036
3561
9306
7226
5663
1126
7769
4732
700
981
2997
1992
1388
7654
798
3165
5901
1306
6990
1695
2003
2677
4928
7006
5091
7819
9098
288
8523
6607
739
7063
3961
9216
3541
6082
485
3527
3700
3193
4596
4872
7396
9573
5294
2236
1046
5362
6848
6400
3039
900
2583
8101
8932
8390
8066
3844
3896
9508
9248
6734
9898
1878
5998
5241
9365
947
7706
1645
3465
6958
7997
4699
5644
7155
5536
5479
9497
7388
5282
7214
1554
2654
3874
2836
4046
4515
1906
3174
4839
7789
7023
3559
1124
8280
4772
3837
5456
7569
7104
4907
3777
941
7518
7321
3148
5249
6058
7509
2034
9282
1547
9958
5371
8736
6024
3517
7981
9367
995
9775
8112
9880
5648
3802
8567
1915
2627
49
650
1683
1676
6528
4729
5085
4685
6837
9694
3624
8522
148
3149
4712
2051
815
3560
3092
9352
787
8515
920
5239
414
1525
9756
486
4587
9299
4968
3293
9904
7495
1897
2103
2573
6319
7304
912
8853
9936
6086
8681
8248
2264
8241
8358
1345
9839
9755
6035
9287
3755
7313
1463
6744
5769
7968
7690
1736
4693
7279
2950
3798
6482
1023
7512
9805
3996
7141
1892
438
2906
1196
9600
6560
9053
6819
638
7394
3145
924
8164
6937
7224
2328
3362
8069
5526
6866
6268
2130
6824
110
1632
7878
4650
7095
7064
8093
7100
63
6808
3047
2424
7587
4395
6945
2691
8356
8219
7853
7599
4258
2242
9477
8913
6113
4263
388
6293
4051
50
9562
1287
1758
4892
1268
8693
4422
3697
267
1527
189
9660
4538
7942
1172
6548
5121
7131
3200
368
2072
5042
8851
5231
6416
3458
4447
9167
1908
6784
2267
3825
5103
6112
7269
6202
597
2532
8869
8974
7522
4465
8995
8909
445
4272
1725
904
8692
1030
5409
4292
5374
6576
7259
9748
9374
7659
8350
3796
5613
1778
840
1398
8342
3908
7083
7329
5686
8637
7507
8544
7651
8115
2492
6363
9394
3713
1214
5221
511
7113
92
579
4477
5706
9626
4656
332
6567
598
5781
2156
2438
291
5942
7363
2742
8543
1823
3812
8690
514
4805
4786
8661
4032
6843
8128
853
9785
5384
3766
6632
1835
1185
7824
6237
1347
9026
5630
5978
7959
7081
9043
8174
1534
3917
1793
1380
8146
1464
7026
1134
37
4400
6777
760
9867
9895
7703
802
5360
6661
3229
4808
9858
8727
2266
1482
7483
1224
8075
9501
8296
7443
3306
4163
7437
1040
198
9598
5973
2569
9516
4763
728
7823
2628
3664
6255
6889
1316
7746
1348
2591
4518
3031
9261
5996
3466
5030
9856
6999
9734
9063
3840
8785
1246
1138
3212
2704
9894
1519
2926
91
962
6796
5760
729
4947
5128
347
1262
3695
2922
5564
4128
1248
9165
1637
3864
7341
9911
6622
8660
5913
1452
342
2297
6887
2285
9869
1120
6257
2633
4498
748
5026
8199
8581
1383
6094
9293
2430
3252
7952
1523
9852
3340
5093
3037
4367
7393
5307
6728
5836
8186
9515
2732
1720
3880
4581
1025
6979
5055
5441
6852
8513
2287
7662
9382
6412
6621
6511
5434
3372
4148
3241
8617
2640
3607
730
449
44
3284
6067
6680
2125
4264
4594
9236
8148
9288
8635
769
6486
861
1493
9007
5353
2193
8256
9421
3882
659
7093
8268
7229
8255
94
7883
9459
3810
9430
9441
7318
5487
462
5628
2825
4869
8373
3345
9927
90
2664
7125
7445
2925
9438
6647
2527
7700
740
5674
9335
3514
5330
6351
4802
4158
8817
522
6348
5146
9300
9114
7482
1639
5506
2815
3641
6306
2488
2542
6387
5645
9663
2907
3511
9976
5716
2900
9929
7924
6978
8427
2682
7429
5944
4599
7519
6637
6389
4087
8253
8409
3587
4993
9985
4511
1426
1349
5919
376
8276
2837
9498
2140
795
8551
3307
2179
9360
7871
1866
8893
7333
6760
7995
9654
3913
6864
2502
1993
480
191
2897
5964
2469
8578
960
852
5638
8022
8759
262
5290
64
977
5950
55
7565
7915
9348
7859
1831
3322
4448
8813
4557
6798
7230
8989
1546
716
3841
3121
1027
1401
6959
3116
6395
89
8991
3850
4998
2808
1423
4389
8895
8981
8423
794
7461
3141
4222
3807
2274
6853
6531
6248
1891
2957
5585
3684
8493
586
5939
1189
5999
6583
8689
2431
9742
28
8520
8701
1539
6050
9930
9570
5399
7524
5050
9617
9838
713
398
29
7250
7043
7648
4157
7966
1728
1468
8393
8820
8481
2095
959
418
8512
8054
2211
2851
6917
5166
6425
8597
5332
5737
1966
9907
758
8349
9067
7805
1340
7592
7855
7986
1470
4036
6069
3550
2984
7276
9369
294
9204
2580
7072
4487
5238
9546
7685
1092
1431
1255
1492
430
7687
1578
2474
8157
3304
9413
7065
19
8619
6307
1257
2863
1438
6801
9639
8223
428
6179
7488
4061
765
5372
6476
2207
9714
8063
9629
8446
62
117
8245
2522
8147
3179
8006
1445
9786
3728
3081
9587
7375
102
1761
3151
1033
306
6455
2964
8469
3360
1779
9104
4168
7994
6483
2272
3093
1476
4038
2915
7247
3673
2621
7867
5016
8593
5461
1571
3502
7355
8250
3967
7531
1286
5186
3756
689
6037
7352
5568
7660
116
1067
3468
6901
5455
7491
5699
4092
669
4451
3210
499
5200
407
9308
5149
5209
6147
923
2842
530
5846
8848
253
41
2686
2807
7143
351
5832
744
2541
8683
9172
1722
4080
8827
4334
5922
5197
5745
3704
8680
6480
9683
5843
9792
8214
8145
3830
5517
4563
4125
1821
7016
767
1293
1283
159
6034
7189
5742
1043
2178
2748
9370
6551
6498
9682
3702
2924
2354
8562
2062
9350
109
7424
5618
2928
9139
5255
8839
447
435
8668
330
2503
1174
8994
6535
1486
6536
961
221
8746
1206
9081
1459
5712
8231
8285
4330
9709
3589
7791
9921
3509
770
7209
225
4871
6752
6587
6166
1364
6822
9264
2414
4932
1524
7557
7926
9964
8154
8494
5097
4352
8235
4394
1115
3958
7909
127
1188
1162
7316
6045
2252
7330
3535
7971
2038
6971
9784
2265
4597
5888
2546
1636
5058
7872
1710
6151
3247
1957
3040
5304
2714
7985
8432
8150
9966
9279
1668
429
8685
8887
529
3217
3853
1014
5649
8962
4979
6406
1654
8049
5740
2537
9878
9601
5437
712
54
3138
9864
5388
7806
8437
5524
6742
8588
2533
6544
1579
2509
1154
5582
2979
779
6681
611
1528
8237
7403
6586
7222
1239
7714
4207
9246
3315
9854
7724
1786
8283
6997
6893
36
8471
5106
6581
8450
2443
8510
3605
1994
8299
2709
9401
2002
5784
7389
9948
5803
3652
1304
7144
8291
5173
7408
1702
4415
7176
2021
9406
2762
3570
455
3105
6716
7359
3440
9005
6457
703
5264
3911
3964
5753
5045
2723
4953
3553
5599
9687
4532
6780
9412
5072
1730
2910
3741
103
4458
66
1204
5356
6119
2454
2834
9673
4816
1105
1531
7380
6059
1754
7556
363
3647
1614
3834
5925
2493
4934
707
3542
7597
7454
1448
7177
7450
8376
9338
5528
596
1194
8859
5033
2811
7719
1429
2214
7822
2702
8657
8060
2243
743
9992
8959
8085
6719
2131
7550
5680
8210
9108
2679
5347
2693
4140
2519
304
2369
2724
3255
3920
7028
3006
9064
8927
9569
5979
6070
4218
6344
8489
7002
3665
3009
7917
9169
2791
2
5750
3930
3699
9751
1553
7169
2992
7486
2662
7101
4796
1341
6750
1507
8647
6615
8496
1887
826
9662
277
1805
4290
2421
3269
5300
1212
7191
9603
1291
7927
1638
8877
3942
8345
7977
1230
5080
242
9816
9490
4592
85
9211
3829
9476
5233
1801
4542
7298
3394
7303
5086
1706
4443
8487
4475
688
15
6161
3592
2245
2375
8275
5196
8097
3501
8385
7649
4446
6489
4541
2841
567
6564
6448
6490
6453
8346
1197
4938
7112
328
6020
4959
7258
9837
3628
8575
2665
7567
6699
1024
7988
4562
1747
9847
7914
9804
4091
9592
202
7463
5854
3070
9547
8760
2652
4492
3484
3790
3185
1269
8955
6410
6966
3554
5240
8856
2585
6055
5927
6906
6931
1540
7428
804
7477
4743
4357
6419
8608
21
3804
6188
3055
1658
7469
1389
5329
4680
7404
4413
4863
173
6012
4066
140
3181
6333
8669
3650
3935
1950
778
8533
4179
3454
9956
2782
6445
1161
6016
6610
3937
5794
4288
6159
2753
4237
3815
2822
5151
1979
8577
4033
4154
2976
9942
3044
2470
3846
5414
17
9112
1177
8550
504
4974
9482
308
1513
6047
7244
5062
5296
906
1395
9972
4256
6701
8798
1474
9674
340
1061
144
1333
1478
7421
3629
1391
7295
5013
2085
3973
7096
8924
6847
6888
2311
9356
9109
6350
5812
5756
4811
8050
2056
972
1460
8319
6698
2158
4896
644
8243
2061
8542
9875
6397
8688
5301
8153
8331
7747
2518
45
7062
9855
6359
2618
7152
6015
3152
4212
420
3314
4638
8655
1967
8267
9610
732
8722
7050
1972
2777
8048
6281
8678
7521
5017
1701
7722
4152
8336
1545
2988
5633
3405
3845
3886
5422
2116
2343
4214
9428
4668
8292
4269
6910
3441
5334
8338
7541
2980
7203
3836
2760
2093
5679
7708
5140
9590
6345
8844
9628
9926
7728
7193
6290
946
7533
7484
7742
6078
9106
2968
6441
916
5763
3348
9387
6713
7356
5647
2027
3759
3080
3734
1622
3871
2661
9014
6513
2363
3611
84
5738
5001
7803
761
7610
8728
3104
4760
5510
4346
3243
4063
3291
5021
3525
7683
6006
3978
2675
1321
2231
7593
4323
5445
3336
8207
6825
649
9183
3761
6707
7783
6185
3955
1885
6413
6143
1282
108
8718
8788
9834
1876
3784
2905
907
5492
5375
1864
3744
4280
1133
5111
1006
2439
4314
2446
4751
2506
1207
7323
4094
3139
4996
7932
559
7433
5980
4249
4393
9386
9768
4239
3016
3207
6076
5853
5066
7536
7671
4600
1582
3123
2726
7639
1515
6821
3234
8
30
1225
2817
6336
5286
914
4118
2139
1620
1302
7682
4411
104
497
6835
5453
3994
8107
9336
3462
9145
3071
1807
9149
6454
8286
5730
6328
7594
635
2889
4682
6872
9782
4491
7252
8625
4572
2953
6181
6227
3146
7715
200
9105
820
69
8712
5205
9191
7989
9375
7308
280
606
6508
5869
9000
6981
1721
4363
6342
51
6542
3361
3472
8531
9752
1201
9602
821
4224
7200
2123
6768
3563
6763
4619
7181
4432
5695
6527
174
6129
3654
6308
656
1838
6911
8814
6298
753
8984
5285
5454
2638
8011
9961
1964
3622
9813
3057
4534
4651
7164
4944
2558
4339
3367
7911
2599
5271
3747
6136
6204
3638
679
6452
3379
5552
5034
5126
7187
2894
7904
6711
5340
6470
9129
3762
4178
3962
3941
2023
1549
9035
472
2680
2531
6131
9221
481
2046
1226
1489
1634
2612
5837
2678
4233
8357
678
5075
6721
2080
3771
6053
7745
318
5298
1733
9584
3610
1556
4525
7502
5967
2465
7251
8747
6391
4069
944
526
9220
1063
5872
3043
2767
6922
4696
4453
550
7955
9168
8302
3150
4013
6820
512
9649
448
3976
3277
8956
6555
3991
4898
9422
276
4098
4252
6095
5902
3215
2393
2018
901
353
7175
2394
6125
212
9186
2780
5279
632
1200
4768
5224
4748
1865
3403
4010
782
1496
8503
909
4864
9276
1959
6838
1165
2639
5303
7310
5046
9017
6415
3551
9073
1697
6
4302
6264
8201
3928
3316
2198
9739
3496
7678
9329
8398
8239
8779
3934
1305
1276
8768
5932
4000
8609
8943
9316
8698
2270
2850
8418
8559
5389
8434
6687
4539
2117
6464
655
9275
397
8197
2785
1677
7886
5579
6226
8631
6116
4607
4319
2858
7768
672
622
5370
4107
2489
5933
4044
1263
8095
5283
3696
5957
3957
7644
7238
9720
8321
3877
8553
7815
6627
4315
1010
9320
3173
7784
4754
3621
6688
7256
1955
3066
366
9955
8485
3681
9032
4481
936
8359
169
3471
8532
7344
4483
2931
7328
3428
1311
35
3793
1703
5862
1181
745
5448
1147
2562
4260
487
4328
343
7184
6218
2435
5796
6023
1244
9937
6830
3225
5408
7473
5309
8673
3332
570
9731
5054
4549
9688
3294
6857
1408
9085
1241
4084
211
5792
6630
4967
3657
2137
2692
5132
8792
8033
2000
9309
5549
1351
6433
2180
7812
2452
6845
257
809
4942
913
6276
2206
8525
2376
3709
7965
5047
2396
9385
865
9002
6815
6091
1990
2867
7420
4855
2082
9408
5162
847
6989
8772
2437
7645
9087
8126
993
8065
1764
3272
149
5535
6051
9870
2725
9701
8762
2865
3075
314
1267
2183
5053
2205
3254
1726
5623
1756
150
7698
8395
7010
273
2497
403
4504
7898
8794
9523
5344
7601
8738
4966
7670
3311
2563
4135
5428
2462
9434
6662
8212
4612
7704
2463
5768
7011
3376
8598
8773
3375
1798
3172
5825
5640
6186
564
4747
5700
5201
1696
9372
6892
5
2866
7829
2804
1231
9906
8892
1904
5335
6736
1252
461
3593
9759
8316
1894
8259
7004
3644
8506
8945
7077
7263
8120
3156
3659
4215
5896
4488
7523
4467
2830
612
9182
5752
4192
3467
6385
4648
8170
968
7814
6249
6295
9806
9556
5759
2543
9235
9475
889
8558
8648
4457
1323
5673
3635
841
7710
9522
2564
230
9389
677
2372
3603
6727
725
8976
214
8973
691
724
9500
7334
3927
4017
8251
3278
888
7830
7944
7078
9480
8521
9753
3046
9269
5450
8937
5436
5262
79
4980
9548
7451
8121
4950
5337
5601
4981
393
6915
8579
2738
2161
9860
4523
3133
3341
9379
4466
2969
935
1714
1681
7082
6970
5018
6874
5494
3038
571
3178
8554
5678
8190
2695
5324
3356
234
9
1059
7501
9138
1986
4649
9708
6732
7962
880
2660
5656
6597
6941
3970
4579
5971
1783
9563
4954
647
5327
6208
5153
824
3739
4020
4804
5985
674
78
7976
4097
1049
4079
4320
4403
7882
5559
6975
6942
408
9801
2893
720
3634
3995
1826
2934
8686
8600
1802
8389
1356
2942
3023
5107
8134
6524
9489
7296
8868
4791
9928
9885
8086
352
2031
2361
9539
1935
3620
3444
4759
531
4478
4460
8756
9932
7691
9093
9583
3248
8088
8793
580
1790
4528
6654
2208
8645
8695
1769
7163
1963
7625
7456
7286
6685
4407
5776
5881
9019
8287
3002
2787
1193
3969
3705
2998
4009
4675
3140
9044
5886
3418
6089
8230
3404
950
9111
9398
6314
6694
3262
890
6781
385
2411
24
293
2350
9328
6393
1229
12
6977
3027
1912
4687
5732
8721
4156
421
5962
6537
7623
3282
6243
705
1664
3581
1457
1332
7277
4848
9042
5064
120
9262
7249
5380
9454
5940
6944
2631
8807
3271
1202
7939
5345
7398
6098
2222
4895
5861
3258
9075
811
3470
9495
2616
1991
1599
714
5179
872
6871
1536
6585
4955
8758
8024
5945
4941
6552
4727
1047
1542
9924
5135
1346
2412
9134
473
5426
9807
3420
3623
7580
8951
7253
4850
2801
9343
3353
5849
3646
5130
4535
808
2135
6075
665
3063
3352
2504
7036
8968
7850
7071
1151
3142
4101
1097
3953
8715
2983
2392
8278
3939
2436
8795
8240
2230
6855
336
7159
6569
387
9037
1465
910
854
3805
3242
203
3279
2014
1066
5659
978
6241
7402
8741
1500
7773
3053
5322
7362
2055
654
7031
7336
6496
4155
6491
3876
5637
6212
9982
630
7137
3987
1215
4684
3328
329
163
7520
2105
488
7349
5192
2617
7133
4618
4793
9036
4521
4162
5530
557
8070
9243
2494
6152
2823
5074
7233
7757
7218
3368
5005
249
9325
2359
6510
8351
4216
7494
6636
4100
2249
1494
7073
7481
6349
5616
2839
5511
370
5158
8399
5477
7775
9334
1978
1004
8744
2947
3529
4590
4965
6004
7933
2035
3355
3787
6523
9127
2529
5278
1173
3857
2581
722
3101
2490
9289
8880
2413
6758
6473
5443
9092
9153
1441
8769
3211
5302
4139
70
3011
1939
7781
7881
9437
5503
6955
8130
3010
5988
9442
8733
5041
2323
1062
9469
6916
452
2848
6048
187
8766
8774
1243
5813
4427
7980
5960
6624
8377
4846
6660
4308
3199
57
9285
1086
358
8653
3637
6902
5363
3904
7627
1198
8366
67
9362
3425
5920
817
4503
1845
9286
118
7657
4654
6695
8534
616
7069
780
3113
8019
5833
7225
8311
2794
6983
7689
1651
1099
4902
7136
8420
8990
5350
7172
9117
2255
2655
8726
3905
4053
7635
7000
5682
5588
8587
1586
5297
4577
2881
8854
5397
345
5611
8364
5534
2472
3630
6399
7532
3491
7417
9143
3534
2232
4771
5689
2733
5159
1662
578
99
9110
9013
2888
451
222
1543
1157
2466
4405
3326
3456
7630
2309
5025
2498
8189
1922
5459
6974
5711
9608
870
2555
22
9302
1877
9474
4700
9041
8836
1584
619
4331
1890
6367
2544
1768
1611
933
3789
9798
6178
2814
3758
141
6770
6791
4746
3110
3220
6553
8367
8415
5806
145
2398
4937
4755
9241
6134
3266
7464
5248
5624
8864
1114
4370
1570
1041
6386
1039
4305
6787
4075
710
446
5476
4077
6538
6231
1377
1326
7283
4355
264
7049
6256
1454
1064
8652
7755
9349
8500
7974
783
829
5916
20
5589
547
3801
4589
6683
9203
6519
2197
528
7149
2445
2993
6312
2408
6735
5497
7975
7963
4127
3233
5424
588
5167
7896
2803
874
8704
7795
4505
5427
6203
4845
3431
8557
9538
2708
749
3960
8960
3781
6949
8013
2720
8204
1782
1820
7165
2403
3770
9078
3398
7357
7831
9154
4670
8926
5464
5747
7350
3975
8144
9667
8242
6641
4814
7047
9696
5457
2597
2958
3377
9802
3914
6250
158
1160
46
5847
1705
6671
1054
5044
7890
131
1740
4271
7079
5100
6605
1035
1746
5880
5029
2121
7695
5185
4921
9484
998
354
3855
4673
7017
128
5413
9634
6318
1203
9238
9604
7387
8435
4313
4658
5449
4873
5573
3658
2870
9967
5244
5789
2212
3371
7234
2816
327
2735
5123
7459
4630
3768
3270
5713
7
1776
4724
6495
6154
6139
3021
4853
621
8629
1415
9580
8027
6302
1298
9116
443
299
4883
2601
3157
9722
5556
1295
4728
7385
1487
8865
3547
3736
3137
2284
1505
5475
2840
5570
9435
3883
7067
6754
3860
928
7003
7902
111
2409
9009
3017
556
1372
2383
3655
8988
5288
2069
3537
1576
5829
3730
839
3024
4917
4228
5480
8005
8330
7897
4454
1693
4507
123
6324
4019
5284
9943
206
7869
1886
8217
6829
6692
2113
6704
1495
6675
8618
1366
2410
7416
4380
6064
5144
156
7936
8171
8899
1724
5619
5207
8159
6221
1121
6042
2572
9219
2961
8166
8036
8470
8113
3203
7317
9062
640
1285
2268
3578
2025
4104
5056
210
4598
4166
9339
8040
4842
8421
5143
9524
9051
6423
8700
2898
9978
7048
8327
4016
8236
8016
4911
604
7574
3094
524
7132
3612
4831
5194
671
5912
9205
3078
878
5882
5498
4303
186
3546
3971
7056
1156
2239
5715
5032
3461
7949
6689
2598
2932
3290
2352
5642
7588
5629
3192
7913
2752
2990
3374
9443
196
1977
3602
9231
1624
5164
3449
1985
4886
1417
5391
4608
7938
2389
4452
8422
1718
4030
5874
9540
7528
938
3213
7425
3813
6782
3897
1290
5724
3854
7030
4141
7600
5077
5866
9866
3086
1861
6311
9197
7032
2646
9257
5787
2965
806
9676
8139
5602
9572
2090
309
126
8436
8750
6170
8301
252
2210
8944
9897
2479
6132
3765
4401
7059
3222
3944
7474
9887
899
3721
9582
2015
454
6811
4602
6961
5741
2275
4325
4324
5532
9214
5306
4882
2876
5419
9327
7444
4633
5099
8261
6061
371
9227
1288
4778
6656
2048
8118
5911
9845
7638
3051
3201
8265
9741
5834
4925
1436
3423
6339
2451
1653
3676
4173
5243
9496
8456
1942
6017
3653
1707
9698
5860
1297
7195
1592
1623
9274
9536
4753
6766
2151
4776
6629
2407
287
8155
3545
5213
2962
9597
3738
3175
8282
5491
2010
4018
1565
6438
3130
5038
7018
3194
303
8953
476
3820
4254
1745
9559
1918
5446
3769
3303
8952
2144
4543
1522
3558
9065
3108
6859
4297
6388
4464
7979
2417
5108
7348
2169
8181
891
3346
9746
3015
1824
1996
3164
8365
2091
1307
9705
964
1318
6994
168
697
6611
6529
9461
3776
3951
693
1253
7903
9934
9758
3933
4124
5718
4683
9151
3715
6655
2736
8796
2219
2721
3507
3549
7905
9533
8080
9986
1338
1360
6277
7282
7734
6905
5035
3749
3516
8840
1481
9296
7228
4416
4827
9142
1650
1089
5989
2946
2011
2626
507
6211
3932
5758
9865
7608
1394
3849
8486
2511
3826
3342
3819
8009
5292
4720
7740
5531
7604
8901
2603
8004
4167
3095
7324
5276
3714
7653
9119
3677
903
4281
775
4945
7431
2710
8502
4847
6430
3997
5593
1400
8985
9094
3831
3382
8109
2949
9809
321
7506
2174
6106
1029
9004
3455
5127
6558
2960
9091
3773
5011
1402
164
6007
6127
5810
5148
4412
4293
3909
9933
132
6022
8751
1233
6114
6260
2078
1836
6804
5314
566
3109
2857
8548
4115
8696
9611
8912
2440
7027
6598
2360
2666
2565
2701
5415
8007
3889
6309
7022
5416
5555
6327
2442
2047
5575
1152
6850
9817
6460
9579
460
685
5189
3888
930
5918
6434
7135
1532
4484
2157
7382
4900
3077
9770
3924
2250
5505
9922
431
8347
9057
5646
4582
8636
4265
3285
746
8375
4758
3469
7150
7908
8300
5791
7293
6600
4948
4441
615
8484
8438
3169
4322
6198
5230
6123
75
5199
6846
9473
6278
2224
2795
9916
9861
5937
1007
6596
9574
8433
5665
6867
3921
6343
9301
4975
4348
59
7870
1581
1130
4812
822
1868
7268
7346
7266
3160
8658
9606
4442
3163
2199
3323
6898
6939
1608
5208
9684
335
7845
2672
1516
4901
3253
5377
9593
4034
8677
4588
633
1081
9039
5727
9388
1842
4138
7409
9192
9935
9950
5065
2020
7267
541
5400
33
6451
5010
5120
1862
8915
3463
5541
1844
1272
9789
6025
1872
320
6474
8076
1028
5852
2422
188
8916
7140
9487
7358
9594
3228
6172
3129
6697
6356
5614
3859
2624
2433
7475
8062
6337
8723
777
1170
2824
7314
3268
133
9530
5709
6224
1237
776
2447
5289
2860
8313
3364
7729
4211
5669
9361
2523
4073
1403
7009
8804
4653
7479
5595
8815
5858
3833
8843
9256
7709
7045
7555
4761
247
4379
4571
7215
10
5386
7548
733
1353
2195
2685
3168
1018
8855
6325
9396
4083
4558
7109
9652
4625
6877
1443
2063
2891
1619
607
1180
7888
3894
7863
2595
7406
8044
2486
4862
419
6650
9029
4108
6807
9066
3993
5463
7628
1567
5805
9767
843
7472
6767
9015
3690
9818
1031
2630
5986
1837
9917
5879
6230
2322
7717
8812
2339
5990
4368
478
8384
9954
112
9190
6570
8834
9707
9883
2577
8528
500
9045
690
9340
1499
9090
3196
6964
892
5098
8871
5586
8488
1020
7347
3580
2246
8970
4119
3435
1699
373
2341
5808
4004
4174
7038
3216
6459
125
3049
9047
4983
8249
9283
9641
3643
8401
379
4213
3383
5028
8923
5060
1480
7711
5993
1937
3286
7379
9729
8158
8318
122
8993
4789
3735
6623
4133
4888
1956
8903
5544
470
8475
8642
2605
3045
4376
970
7596
115
8473
883
1841
8538
4698
9744
2875
7426
4533
6068
6175
6667
6148
5355
5369
7553
6969
4601
9444
1518
5052
3548
3240
3595
1919
3538
8443
7780
4569
3890
7271
2516
812
9716
8014
3019
4550
7504
8105
4991
3868
6757
6262
8176
2315
9415
8929
6645
8563
8426
8020
2226
6401
5460
6291
9902
296
6778
2353
7796
8196
9909
658
5772
2588
357
4397
7157
5994
2594
9702
4637
8961
5116
9393
5892
7666
984
9577
8971
5275
945
9259
5006
6640
5725
9913
4833
1208
7619
4595
9671
2164
2526
4904
3452
2619
1278
8160
6986
3760
7752
943
6890
7511
1800
1131
9812
8705
5349
6967
8734
4752
9544
7865
4722
1296
9313
7839
6122
7126
5785
5909
1541
7650
8748
5193
813
4580
7640
1819
773
7183
5471
5217
9960
4705
7489
7211
3098
1773
129
1860
3132
6234
8612
2209
7693
4011
4741
2471
7681
1661
1617
4988
5818
4221
6081
6021
3980
2887
9456
7826
5451
1112
4310
8042
1279
5627
4502
8047
4854
2059
142
1473
7647
7412
7265
1548
9450
9868
9052
1143
9609
8742
8447
8284
8161
5152
380
2495
8765
4289
5757
5797
9658
7637
9811
1392
5672
6839
9447
1526
548
9359
2283
9433
7607
6090
1005
8114
2689
9900
925
6220
4918
3106
9704
8002
4089
4270
8441
8784
8297
6294
1777
7581
3795
5274
1813
8716
3492
5748
7085
9507
8732
8425
9384
5518
199
1052
5444
1934
4790
5864
6664
2553
6854
8332
6502
8195
8058
9128
7766
7284
4878
869
2575
7312
8490
8957
6530
6214
2505
9681
285
6447
6779
3925
5002
7598
6512
8182
5995
106
2102
9189
4082
6849
6635
7677
9529
8123
6284
6261
5681
8687
4788
9337
7173
7364
1182
9585
270
2783
7929
8038
6550
6019
2649
5557
6104
181
474
5870
3915
7423
3161
3198
9277
5946
6775
8505
3523
3214
6842
4326
9931
6099
9226
2450
3512
2163
6869
9840
6358
7612
2507
2687
4090
6398
9672
6366
4517
8354
5317
9567
3206
4205
4120
4131
7797
2167
171
3685
3965
6124
2467
96
7860
81
8035
4109
1770
5514
637
9254
2067
4554
7530
7731
7620
2579
4913
2262
5478
1506
5250
3012
3842
6909
8607
2254
3313
887
8387
7019
582
8711
7529
5609
9245
3189
6604
6500
9135
469
8213
4225
2428
4057
3330
7559
1682
2204
1561
8906
3606
8920
9162
6128
1379
7516
8786
3488
9086
8614
5823
568
5698
8355
1999
402
5626
8802
5260
8151
3588
5410
3852
3202
2991
1709
2909
2088
5543
3308
3273
5351
9874
7411
8043
9715
3785
1336
1435
1344
7562
1325
5214
8602
4506
302
768
3128
1103
7880
902
8407
6706
3726
8535
6096
7124
5705
5070
5908
289
4423
8917
2071
2074
9999
6287
5726
1517
7665
360
2147
6426
1962
7934
4877
3223
2744
479
4027
5119
2384
6216
384
1784
569
7024
4149
5798
922
602
3103
5605
784
1913
8878
2146
8206
2365
8873
626
6896
3574
5527
6876
7034
1055
2318
5516
5396
100
235
1195
8334
6072
3219
3390
4439
4183
3848
3357
6684
5811
2079
2501
1657
4064
3333
1700
3387
80
5691
1583
9457
4910
2859
7840
9405
9819
7281
1190
7360
9624
6228
8492
9914
3188
1294
3245
2314
7206
3861
1003
1679
6085
2921
5277
9771
2514
4851
4739
2547
2827
4662
3672
1630
6155
2728
5767
1075
1171
577
7300
5341
9077
2129
5507
7103
9987
8046
4284
576
8799
3632
6913
9212
4147
5976
8632
7788
3878
1433
515
6886
9371
6956
1870
2873
5338
4143
6547
9107
83
1674
5621
5423
4126
3556
8495
918
4186
3396
7721
1731
2995
1455
5590
3439
2349
2325
5972
4765
8369
5134
7611
9637
6541
4644
675
390
3067
2895
6443
9060
2362
6884
1832
1846
3267
5961
7941
27
7020
3572
5565
9711
8507
7804
9762
4663
4514
4736
7513
6873
2653
6773
3351
4897
5420
8770
5856
5417
7616
2754
1858
766
5959
574
5704
7097
4055
7813
3788
2196
7688
2911
3226
7514
8905
6073
2999
7920
3900
3158
6066
8178
3577
3703
8482
9618
6027
6897
8188
7446
4924
9201
980
7438
6731
5325
121
683
9872
6633
3839
5783
3626
6666
6100
1759
2044
8417
2838
952
1750
8328
7841
2182
1797
6813
412
2534
2234
1232
1900
5654
3477
5079
7232
1839
3301
814
3524
2444
897
6665
9321
1867
61
6238
2772
3540
4206
93
3030
6163
1261
8651
4471
1685
670
7800
7750
9056
3731
4861
9217
2852
1537
9822
3310
7480
5953
4657
4978
1920
3651
8564
3979
3087
7664
7577
9355
4749
4584
9886
6171
7127
7440
5092
4318
3422
5040
7399
6532
6183
5048
4486
3615
7039
7021
3885
1254
3289
8111
4997
7168
2279
5150
7374
9728
1812
6895
3135
8682
8816
7245
2001
9381
4782
786
8811
9669
9161
7751
3249
818
3155
248
1640
5765
6818
3402
4837
2007
9553
5567
6033
2259
2820
3863
2429
7465
1551
1563
1210
1216
6617
3479
862
5572
8702
884
6612
4681
7208
8411
5983
7641
6145
4548
2846
52
9910
1168
1330
1665
6533
4493
2578
1631
8149
4775
9317
215
97
7033
7116
3733
7235
5684
9196
7527
7948
5897
1410
8226
7748
2784
8238
7893
8946
3091
5183
2864
7996
6927
9173
994
178
9791
3274
6648
1965
8841
444
6746
5051
3224
9411
3187
8803
1656
9581
5220
6506
2713
3783
6616
4686
1280
166
8175
8179
7337
9326
3275
8378
9048
1875
7738
5615
3799
7842
2890
5525
6690
1001
2496
4299
4187
8501
9953
2448
1580
7861
5392
4337
3318
6176
9020
5981
718
6885
3866
8262
7452
7663
2843
2586
4822
9225
9957
2295
9519
1615
1458
3084
7369
8979
2096
4489
4230
34
8448
2698
8739
6493
8310
2567
6540
2826
4048
1137
6790
4679
6900
3604
9297
9446
1817
1050
290
510
9575
7551
2810
3029
9263
1648
4800
1983
8252
1362
4277
8654
7901
702
4711
8885
1209
4799
1970
3475
101
6083
1314
9595
6378
7573
6729
9400
3344
3895
2568
5620
1585
4738
8684
7335
7849
9998
7290
245
2912
1848
4777
551
325
7378
4273
9152
5501
4362
7699
7055
2746
2610
399
4114
2032
3597
5816
9938
4081
2722
1810
2943
7834
5105
119
5554
1247
8353
846
8666
266
4058
8083
2399
8428
4159
2357
5887
1471
9888
7487
5895
9531
9994
1021
1960
3074
9503
5273
9069
9330
6803
5546
3136
4519
1688
6626
9891
1491
6189
1222
7799
5746
4304
2415
6158
3263
4516
4309
2005
4267
5483
7370
6573
8193
5865
8806
9318
3573
39
3919
7821
7716
4710
7066
8071
1310
5830
6275
895
4912
9939
1060
1855
3485
8000
8089
5326
5719
9464
7190
6908
3579
8209
6755
7503
2600
8228
1509
3481
9366
5022
4927
7624
4645
6926
4565
8890
6101
2317
2247
9703
2256
6229
7076
7744
2378
6578
8406
2751
3386
3119
8983
5871
9250
9058
