3229
1849
6368
6261
147
1691
2658
2540
3504
2637
5859
7297
8327
9467
3426
4350
5072
3320
3163
8841
5809
4306
4638
429
481
4274
4713
2256
4068
594
4653
5443
4517
2559
2413
9063
6234
7418
2360
5199
2356
1077
4409
1441
1339
2701
4268
6019
3924
3055
9491
4767
51
7594
3390
4034
2213
9922
7789
1661
4414
6805
5515
6684
9734
5221
6039
5590
9072
3571
8121
8187
7982
2574
803
1562
8289
8016
8196
9365
9971
822
9703
4563
2598
4789
960
8372
8859
7919
1424
5672
7896
8827
8196
7986
4214
1346
1729
2586
8187
1281
7450
4123
3680
2217
5795
3074
9873
8059
4965
1348
6383
661
5020
8713
3778
715
6227
1127
4448
9190
1552
4632
5880
5131
2532
163
5130
10000
8985
4635
9675
2601
9867
4910
4
7705
6629
8196
3163
2647
8629
3804
1952
955
9909
737
6043
3479
2862
4318
1741
8434
2261
9710
6321
6192
4835
1516
2925
3668
7000
2648
2559
3887
6725
898
7735
4927
4960
3194
9725
831
497
536
2162
2428
5500
283
598
7866
2267
2279
7789
9239
7733
6186
2069
863
7411
7134
6025
626
6183
241
5913
6064
2200
196
9646
2006
3723
606
8123
5273
4732
1447
3373
327
5658
1294
3876
8081
6947
1450
240
2065
4707
6638
3827
8765
4414
643
5025
9097
9186
745
8609
3458
2891
8645
1984
3218
3393
5074
889
3053
3054
7282
6058
4628
796
1198
8346
455
8942
9041
861
1977
4510
7566
5094
4327
6114
631
1773
1168
9613
6558
1259
3796
2520
5849
3962
9259
336
8201
9160
1740
6390
9025
3948
9629
3211
6164
9277
2727
7940
8283
9759
5053
7193
2863
257
3631
1622
5350
3993
1650
4059
8470
5455
4016
7148
2605
8840
961
4673
2987
39
2760
192
6539
1892
1571
8711
6025
4435
6292
9318
5990
1393
3318
5432
2830
9401
6992
5126
3629
976
2221
8100
3860
1086
730
22
6775
4731
7794
6194
7072
8107
2697
8455
5531
6150
7294
9118
8437
2012
9794
6325
7384
6044
7953
1524
3485
3233
1527
3049
7505
9720
8383
1652
7973
4430
5337
6404
420
8049
5935
6428
5558
2057
4793
7949
2882
3903
3667
8051
7536
9128
3035
1194
8368
1450
4256
3804
4464
7206
5112
31
6047
2026
3633
7092
134
4570
4410
7577
7730
4087
5088
4891
8812
6868
7345
4402
9092
9028
6347
179
5430
7883
310
2944
3822
7607
5301
5997
8804
9791
3650
4766
6400
1237
6
8649
4491
144
8594
2816
179
5291
102
3679
2229
1566
9086
1457
1090
2729
5609
1396
5765
5741
5984
7965
4308
4214
7102
8625
2094
1489
2005
4150
1237
4054
8388
7750
8902
1692
3831
1344
25
8708
739
5320
8866
9077
5659
3992
6951
8978
5069
6897
2301
9054
8653
2120
4136
5982
7215
8435
528
6624
333
1447
6039
8612
8424
6866
8939
6625
3833
317
2984
5281
4173
4174
9564
5227
4064
4051
1936
9877
6578
2592
6805
9438
9756
7828
1394
1020
5635
2884
8101
5160
8904
1351
3834
3993
8757
7212
8431
7886
8406
2145
9054
7366
1772
6865
1542
1390
8104
4508
1597
8152
2470
9651
4096
6832
7378
5903
3673
6587
4870
109
4043
5034
626
6645
842
7339
7851
7789
5254
9068
7209
3760
476
1128
6771
1130
169
1222
5926
4538
3255
8018
2280
3521
4507
1772
7831
1177
3383
744
5179
8797
779
7189
2940
7475
2752
5934
3641
7035
6840
385
7466
7741
5579
8327
6290
6148
4425
893
2798
7927
1363
3957
3609
9800
992
3314
8376
6324
9834
4262
1819
1953
595
3814
824
8775
8270
4133
6581
3879
3173
8103
5368
3593
3505
7541
4108
7763
8684
4034
644
1110
9058
3308
1712
1815
8382
9182
2880
9372
9336
4214
7875
6595
4672
282
7597
5347
1687
4886
4705
1342
193
6289
5945
3108
6005
4161
553
5183
6772
1333
5476
1063
9504
9422
7061
2528
9013
3348
4594
5381
6564
4328
7559
3617
9739
6894
7116
9074
3978
2319
1833
6315
2908
7664
4303
6441
9271
4183
9251
3439
4609
6009
3498
9715
5359
5739
8061
5222
1940
343
9233
1903
3592
2389
7980
2946
2121
8215
7075
836
989
2526
6113
9329
6796
3218
6591
5990
7338
2973
6263
8166
7863
2403
6817
283
8766
1041
7280
2863
5966
668
4827
8979
9111
5572
583
8393
5407
8235
7573
5909
9448
4436
5620
238
9410
5133
3455
2418
2863
297
3007
5899
2889
8470
7461
4279
1666
8718
7217
1697
7711
3946
598
9552
3963
6248
469
3997
4047
3005
4541
6532
3534
2977
6682
3448
8279
2531
4918
1509
7250
4638
1983
4879
1118
9934
6004
4296
7501
6522
2326
5594
4101
4268
9060
6931
1355
8407
7646
6633
4715
2926
6487
7998
6438
1893
9173
3325
6368
2542
4263
5252
9852
4734
2847
6928
5396
8549
5144
1384
5022
6206
6447
8727
9438
2183
9483
2846
6849
6133
1888
4950
6903
1717
9892
10000
777
3120
2122
5458
6444
3495
2834
7846
7389
5686
72
1989
2147
2366
5529
765
7249
6222
4903
802
8723
1547
3785
9235
544
284
2919
7302
1053
6794
5450
5033
8761
5999
5686
7747
7977
8147
4834
2607
1250
2457
8074
9770
8837
5715
256
4370
2488
146
7658
6596
145
5609
6459
6831
5420
4181
8827
2638
1293
2111
4217
5243
1831
9176
633
8847
7172
364
4020
4957
8749
6994
1990
999
1991
2288
1365
7463
2200
4489
490
6272
9231
1305
7719
4396
5681
9279
4917
2303
4544
7092
6056
5722
8700
4450
5834
8572
8642
3371
6910
2250
9688
9968
5530
5739
3201
2674
7022
5408
3495
3357
6402
3007
5661
8835
6142
5401
5552
6645
3732
1396
9166
180
4402
4074
8002
6357
5243
1059
2545
6720
4926
9062
6613
6577
6283
9384
7975
7149
1791
5015
9825
4170
8521
5856
8326
6318
2820
891
4181
829
8686
3137
7086
6537
9526
8996
5795
8300
4424
676
6084
7799
287
3057
9033
9810
7154
8345
9703
612
266
6082
395
8044
2662
7813
4474
8653
463
799
3826
65
7061
9254
7082
5715
1574
4391
1961
6969
3728
2584
2238
1171
9347
2844
2749
2489
7782
9028
9939
9708
3100
2179
9022
9463
5972
6575
9358
4445
2164
9388
142
7209
637
2203
6831
6881
2707
6411
247
6702
4982
4523
9084
3472
3561
6726
8047
3164
9075
4840
3260
3474
6945
5426
4973
3628
5794
2319
275
5945
4940
6585
9412
8904
4198
3067
3720
1331
6464
591
939
1219
6662
4363
549
8509
1056
8528
597
2209
648
5598
2067
2846
4424
3197
105
6839
5819
8037
238
5268
2058
2739
920
5458
3433
6914
4547
5552
1188
1239
5535
8954
4103
4214
9290
1633
4722
3855
2232
5830
5129
430
1224
3598
9306
1655
2886
1150
9151
3524
7766
4899
9107
6005
5445
1873
141
8693
9839
8381
8546
161
1780
5570
4751
1416
252
3258
7738
7060
2170
9798
6335
6972
9561
4214
1819
9519
9359
2524
6974
3422
7338
1759
524
6652
3220
6689
5201
7852
1253
6981
3915
4446
6690
3912
2795
8635
7921
3490
7463
3305
2702
7724
7105
536
5612
2189
5065
2211
8900
7406
7244
2583
3838
6113
1642
7709
8021
9260
122
4729
33
9178
358
4557
7624
3521
6512
973
784
4075
7525
8772
6736
6832
8435
8795
3061
6226
3579
3005
8963
7092
1318
2400
2583
3883
7153
2875
4238
6209
3930
7775
2662
5813
5062
5426
9072
9368
1013
6188
8851
2672
3918
5135
3303
4031
8562
215
234
9410
9813
2773
3152
8634
1729
2739
8971
6412
9032
3835
6153
7797
3732
9738
7202
1772
113
3008
8922
2092
799
240
540
627
2796
5438
2010
3927
4639
2838
8842
3836
7945
5842
7887
8738
7554
1096
4407
4956
541
3104
8353
8438
8394
2139
3041
403
8707
1363
6638
6502
3745
9858
3721
6389
2886
7685
8117
4237
5506
9579
9168
3449
9135
4952
1151
9041
4196
9868
5622
3701
9019
1731
2548
5525
2203
2853
2824
5467
6818
2839
2372
9442
3484
3656
1174
3107
9303
8532
9736
8062
6747
1404
3907
6589
4820
9473
17
8407
273
8501
897
4194
8008
2358
6303
9382
7971
8370
7991
43
442
5970
6468
7816
826
823
4981
2910
6170
2354
2190
972
6635
419
6527
9046
797
7676
5315
8528
5657
3340
1375
5767
8908
9236
7760
7533
3149
2189
4282
8588
4667
6785
8707
9208
5895
8106
4450
4113
8611
9947
8643
2056
9860
1413
5019
1948
5753
2813
7557
458
9368
3368
4557
3321
8150
991
8645
4168
1260
646
6198
915
3861
2394
5640
930
237
127
4372
8966
5713
7324
3016
2360
1148
1432
877
5329
4670
7514
9904
8538
6059
2455
7319
3243
9705
1980
5620
6500
748
3169
7691
1030
693
9239
5117
6300
1470
8861
3688
8315
6507
3862
2752
1474
1722
3226
6289
8457
1184
6030
3441
1547
6681
169
466
8890
3333
3876
3424
4273
6882
7690
4195
5630
1888
7031
4958
5205
9146
5675
7464
3478
4239
4875
1229
9516
6976
5517
9850
5620
6067
3633
2987
1064
8504
9019
6287
1303
1453
3965
9691
2127
9616
9756
5444
8870
7784
428
157
6916
9882
9746
4078
3865
9124
1451
2839
884
4512
5869
4349
9063
6537
6737
6886
1136
1698
6712
798
9525
2305
7312
3425
7448
3514
8606
1914
1511
8265
7354
223
178
71
3264
7980
2248
7929
958
7800
4925
1255
5161
7772
1744
4733
271
5362
6091
9458
5472
4370
6480
8093
7941
14
6584
7270
345
1180
8633
6385
7132
223
3939
5923
7465
2643
1806
3943
2676
6768
4097
4240
9238
4772
3194
6472
4815
1049
1209
8467
2984
279
5619
7194
262
9498
8018
7171
2933
7041
2697
1955
9389
3812
2479
362
6999
7472
8844
9293
822
1518
2862
616
4717
4009
7722
9096
7705
276
2400
7761
4884
8488
2019
4600
4175
3516
1068
6035
4075
2387
8298
8432
4033
1983
2350
4619
31
1261
1988
5068
6899
6226
7715
4445
5804
2331
9939
1400
4672
524
966
3559
308
7820
8910
5186
2246
8264
2689
4417
3451
7330
5792
561
6594
8323
9597
2982
1056
3037
6402
8535
7642
6982
5144
3719
7175
3092
411
7855
6980
6045
7416
6585
2996
2352
2004
7443
376
7451
4940
2324
405
3578
314
745
3067
9238
200
8611
8835
3247
7732
2421
9707
5768
8122
1438
5824
8006
5804
4839
208
6813
3740
3636
3536
8927
7659
1456
7216
1306
9271
5208
6077
2672
4968
5210
438
8593
6679
5536
4087
4224
599
3907
7699
3463
3792
6744
1019
7205
1684
6068
446
5649
1337
8458
1612
872
986
7800
9735
1458
277
6980
5069
9474
6231
4981
9195
9863
2130
4686
2710
3956
6491
617
360
5224
1328
6063
3159
7643
3568
7907
6939
765
1473
3795
1745
5555
4823
4066
4148
3428
1016
8915
133
3691
3597
7491
9651
6774
986
9751
9394
7264
6710
3685
3526
9113
5285
3527
397
2232
5654
3009
2684
2502
2393
9150
502
2344
360
5743
9506
1367
9932
2926
3835
7324
4403
68
2134
2594
7678
1005
5045
9495
9483
7123
4128
3144
2022
4106
4605
1249
40
1861
4958
9066
7917
4492
9742
3755
79
5294
6255
8012
1456
1219
2712
2168
2099
9783
419
4836
8580
2739
5384
4897
8729
3704
8890
4084
3801
4380
9755
6672
1522
9893
8068
3054
1456
5427
1464
830
9205
9096
7990
6140
2765
6425
993
1379
6706
6753
6749
2354
1535
3818
3534
5831
3953
512
2892
7476
9269
1480
878
1229
6627
114
4841
1524
3321
528
7626
2723
5341
1367
1525
9468
4614
6170
7075
6529
1763
1652
7747
1497
5191
7841
6460
358
1545
1068
9080
9855
3345
7282
6326
6567
8084
7157
1870
3626
4298
4177
4914
4845
8405
9206
9652
3983
7299
2846
7882
4357
3067
2425
7128
4398
893
1521
6835
7520
8349
4382
1671
6763
7997
8865
9688
580
9781
1873
903
9587
5632
5413
2772
3647
1233
2999
9014
7866
9047
6610
6378
7011
2238
6729
4238
8057
6771
6092
4703
8850
3168
5462
5465
599
4170
4851
7734
5863
4593
6236
2550
8187
2521
6362
9745
2819
6486
7658
8825
2779
559
9356
5744
4109
9713
7895
2453
4438
8789
8401
6116
3199
4099
1503
4640
7468
1006
7706
1297
3160
3938
5395
8231
5127
6434
2797
8867
5565
1306
6746
4830
9429
1024
6395
3968
8310
516
2221
7693
153
4119
6860
1729
4103
729
3146
7411
868
909
3041
7227
8884
8100
606
7861
2762
9624
3111
6909
5895
2242
5958
2547
4254
5228
3011
4815
928
8384
3626
6514
4376
3906
6691
6678
8451
3779
5582
6370
7114
8253
4758
3170
2944
9811
3801
4216
7426
7029
9834
3871
1281
3206
8318
4951
8363
9459
4268
8395
7003
7446
3610
6988
1436
8892
4756
7290
1410
6915
7354
5487
1576
6258
1067
7754
1112
8783
6464
4992
9643
3614
9837
7860
6916
8484
971
2704
8175
1701
2040
4643
6719
3734
8107
631
222
7047
7603
7457
1698
261
6712
4552
217
9100
5377
6067
4807
520
3994
1201
4778
2137
2302
961
4100
9813
1628
8005
1201
832
2624
205
8045
810
3757
9990
4825
6042
9371
8134
2847
9921
6829
7628
7884
2200
7021
7739
9009
1348
5463
8601
8048
847
5148
7075
1694
8232
2416
1969
6848
2583
229
2003
1918
4947
7953
114
5118
6909
5322
3916
941
7981
5048
3962
502
9130
7347
1296
4684
3479
3116
4327
1356
7380
8684
9504
7548
1660
8439
5577
7433
5957
472
8634
5432
1055
3838
9002
5515
772
9930
9436
4275
990
7496
1355
2841
9909
2959
1597
4111
9548
8070
4128
4035
5972
6399
3073
6477
1296
4037
9595
6747
6909
5696
7901
5662
7538
6136
3055
3954
9343
2200
5035
4571
7687
3658
971
8644
1282
6820
7946
104
634
370
9919
3579
594
1650
9358
1209
7143
1714
4239
5889
1818
4379
9534
6742
8529
8875
8039
4023
9612
8184
7859
1060
2374
7233
3101
2373
978
6042
6240
6359
5403
2376
8750
1369
7637
4420
6539
8079
4324
7795
6772
1834
7035
6601
602
8263
9522
5257
3710
6866
6119
4575
867
3860
916
1733
5572
7339
9968
9774
6242
3406
8079
8761
6132
9622
9681
4556
9568
5831
6921
5985
3126
7145
17
4097
6603
231
991
3436
6471
4257
2671
9710
9227
2930
1896
1
4872
6936
5340
5084
4901
5715
9395
1695
1373
3583
5363
9736
5548
8957
1166
8189
57
4628
3128
7628
9363
1528
3370
8469
4321
6310
2865
7327
4666
7037
6923
6686
7979
7091
6543
5855
8687
4406
6613
3456
6067
7146
6918
7724
2874
2707
7732
719
843
6297
2603
8659
3518
7313
862
5017
1804
9281
9778
4394
6607
641
6298
9724
8086
1004
6438
3182
6045
9155
6107
5112
8193
988
9943
9243
5613
6023
8699
3387
4380
8392
5751
5173
4880
5727
972
1689
1843
9821
9588
3498
7433
1711
1947
9043
4449
2470
7371
8732
758
3078
2272
8522
4879
5446
3173
7132
5042
7080
8384
4252
9294
7093
9640
8351
5665
273
9961
6324
2864
9581
3200
3851
1397
4506
6126
6745
9212
250
462
8700
6057
7089
1261
4231
2727
1416
7626
9284
1847
3177
2346
9451
8328
7016
1080
8205
7093
1460
8909
3850
5011
8380
5609
9653
907
8087
4360
9393
1
1137
7349
4933
4211
8365
3001
5375
3692
8222
2902
2041
3144
1610
8743
3805
6826
5535
7915
3260
6690
2228
1362
6032
2825
665
3578
5769
7984
9899
7183
9782
1181
4070
4133
1484
3548
3203
1645
9967
1126
3587
5209
1374
3898
9817
2184
9586
4314
3937
8823
6570
7163
7149
8917
2360
7504
8796
4334
2807
3409
1683
5174
3743
3945
6123
1592
6292
7039
1386
965
8521
9255
2732
2021
4787
4444
2941
2567
6358
9311
6507
2409
2967
3866
3498
9991
1683
316
8221
1058
8056
6780
9379
5594
3840
2618
8096
6044
2530
9656
9927
9223
8580
8066
3957
388
196
2862
5655
952
5309
6411
2663
6868
9159
2880
8903
7267
3911
6480
4690
3536
1409
1479
2099
358
1030
8749
9075
60
3129
8575
1837
547
526
7051
4125
6292
9683
2797
7422
8868
8552
3112
5257
7797
1124
9447
5008
6424
8139
1840
815
5153
3919
8377
2994
5634
3088
9635
5003
5519
7082
4120
9129
972
4672
8111
2604
1424
5945
7572
9105
7261
8696
8534
2690
1549
5290
4299
912
3369
7002
1445
1881
4244
9050
2996
1816
5132
6563
5551
4995
9677
9266
8997
4680
3317
7317
8627
8359
1927
3725
9467
8358
6333
8282
3060
2612
8744
810
4830
1414
2249
1463
3959
6592
2004
4906
275
1891
217
8620
4088
7314
8824
9492
3329
3585
5816
1434
3110
2515
4905
4590
4986
7340
3047
1002
6219
6454
9266
8271
6905
6830
4710
5677
8897
4405
3882
1730
6715
4370
297
5570
2452
5935
6882
9118
931
8957
6424
1923
7491
2315
3583
5783
2032
3694
7862
2163
9166
4876
2268
1445
7194
9584
5565
1232
6656
9458
501
2024
1024
8333
3908
5918
7823
4731
6334
2053
5795
8802
2888
2288
3374
9790
1160
7183
4820
9666
2079
506
9584
3884
420
2919
6074
1401
1254
826
6088
3243
3183
7743
7325
8034
2620
9718
3197
3107
6013
7245
9904
814
339
6587
9225
3925
3234
724
8881
2090
7054
9378
3413
243
2933
6548
4985
8273
3423
7463
9216
113
3241
3135
3754
5804
4299
781
7672
8091
5346
3989
1933
9487
690
8474
3559
8451
3289
9785
1340
2190
5282
4922
8696
2783
6942
1852
5218
7185
1368
7466
7633
8021
3068
2234
1871
1907
3634
3742
6306
3155
3557
7385
184
3312
2066
5287
6232
6175
8802
2442
6939
9139
1295
2487
5060
7201
233
6894
9436
3663
6209
2409
190
1694
2857
5182
1729
1168
9894
1832
54
2728
4286
6168
4168
9443
1057
4148
6371
8920
5741
7514
6534
2487
4352
3275
8264
8878
5748
8537
1352
4243
9662
8579
9163
2177
8698
8745
8599
3921
233
2355
4918
4098
7716
9487
4414
9969
4076
1673
2475
5754
1981
7590
8955
7212
6417
761
9513
6804
4591
2852
8601
2701
6188
1377
21
4813
2134
6714
4052
1132
8332
2270
145
635
9026
1215
4196
3270
9011
5139
9094
7485
926
2077
9964
4675
1706
1373
239
923
2224
9924
6513
4564
2261
5890
2187
4662
1637
4349
7472
7482
2294
2451
1178
2746
1536
365
7324
6466
1733
8645
1856
8889
3747
8984
9648
2529
7215
5076
3515
6728
7041
1141
4868
2424
3286
1438
2935
7753
9808
10000
4084
3999
9840
575
7965
823
6860
1272
2888
8891
9615
642
2109
8979
8660
2672
8745
4970
2874
6795
3067
3822
6393
1525
7544
9222
8733
8090
5530
1673
5933
7278
3515
6618
9513
5498
1006
9017
8299
9655
5821
7879
2405
5111
9365
2214
9901
6820
4517
413
6901
3477
459
1720
300
6391
6112
50
6025
3848
5202
5799
703
8610
7902
7380
4506
3145
178
816
3318
9050
1566
2885
295
3103
6983
1466
6445
7042
8947
4642
669
4907
6955
3118
6090
7275
367
1486
3969
7747
351
6739
8947
4456
9664
2782
223
2872
4302
9627
6460
1368
7331
1717
3835
1227
1403
3745
8414
6479
5616
9957
7904
2679
9961
2281
9228
6171
7760
6122
6551
8286
831
4595
1812
9082
2118
7904
6786
4132
8556
4333
7704
3370
4296
6401
5871
2889
8077
4609
5160
9561
2571
2812
949
5023
380
3691
435
9697
6766
5066
2881
699
669
679
6234
2079
4192
4412
4891
7380
1243
2723
5935
1204
2089
6651
3461
1129
4498
3222
8581
6109
4108
3590
9122
958
7765
2457
1358
932
5115
823
7295
4914
3239
247
6211
2019
5892
4559
5616
7087
6995
9081
4277
1500
2193
84
7804
7678
3115
2284
8775
6195
3183
9780
8032
2628
8127
8949
7871
7029
874
4601
528
8032
2878
2232
7521
5203
6688
6322
6718
5543
6414
7272
366
9797
624
6959
8430
4875
5988
4501
7906
4446
8675
4114
2853
4909
560
7435
237
8045
8711
2306
7447
7951
6225
2393
1472
3788
8443
9715
4396
7849
1463
5222
1722
7641
4897
3390
1562
8574
6323
1462
7418
447
4234
6300
7626
5604
2890
8621
2738
2600
8937
7578
5382
4720
5729
4733
7738
2231
9632
4724
8816
5063
1347
2861
8765
8319
5754
2219
9509
8205
7909
6417
5190
6960
9321
1576
3783
8877
7926
2915
4806
1217
1501
8679
6452
7648
9990
8600
5090
7210
7722
9327
2699
5856
1244
9112
5223
1796
2956
1867
9277
6395
7663
534
3317
5831
4722
3897
7847
1466
8583
8916
3564
9255
3675
4244
949
5973
9475
199
7848
1485
954
6608
2713
7459
6859
5381
5773
5595
7337
9969
4034
3391
9345
1424
1273
89
1104
6062
505
1065
6297
3468
3790
2484
5912
9745
5155
920
7210
4754
7583
7073
6933
2175
4135
3238
387
9842
8981
8874
1341
5080
2343
729
6928
6884
7725
2258
6256
471
9785
9370
7188
1904
8378
9985
9730
804
3692
110
1826
7228
5872
4693
50
644
2484
7622
1686
2173
9266
3334
9898
5900
5695
8528
7379
6999
7205
2885
6932
4908
5851
1139
2113
5770
6786
4981
3555
2566
2142
7133
3960
6571
9859
2809
4533
3530
2930
5863
9259
140
6423
9127
5004
7698
579
2727
4345
6671
179
4506
9685
2589
2726
9706
2948
3268
1516
3187
4857
4972
1272
6382
5181
2378
562
7947
7313
99
6588
2597
5233
48
1848
2428
6413
114
6625
6930
8127
9641
7914
9980
3478
672
2753
4420
4744
1165
6157
8418
818
4664
4084
858
3397
5652
9305
4486
2788
9339
6401
7594
8478
2333
4208
8750
3534
722
2428
3038
5201
4075
266
5886
9437
5094
847
1946
9310
4756
306
8730
7024
4411
14
8493
4065
751
6287
3467
6676
809
945
7165
7769
4614
4797
9985
4389
6631
7465
6111
6533
4356
397
9519
8161
580
5864
1763
2186
4810
4092
2721
3992
7026
9761
399
8596
6406
9252
4586
1363
2720
5491
953
816
587
7848
5602
7302
3216
958
4171
3505
7404
4583
2478
1960
2654
9646
7428
3788
8700
3408
629
9844
6173
795
7829
5023
6758
5731
2511
1883
4526
1523
849
5294
4920
5870
8525
3169
5998
341
5429
5702
4348
5248
4570
6190
2981
3345
5273
3456
5078
4503
4625
5227
2691
6094
7291
9899
9907
2550
5413
5680
2152
2514
1274
7578
2679
4312
2754
9653
9988
6844
9898
8215
6832
5533
2335
3238
109
3579
6406
2710
2537
5341
6506
9464
3535
9818
1205
144
3196
1511
8853
8200
7682
4624
9782
7137
9647
6325
6781
2934
4336
2309
6554
5348
6784
1713
674
2556
3686
3834
3978
1956
496
3435
3489
8366
6631
8897
9258
476
6959
7507
8390
80
2194
3138
663
5700
3255
1766
1165
8789
8370
6379
3502
1486
4938
8424
7614
1753
902
3953
2026
3909
8121
4791
4500
9445
4467
3772
1145
1955
7608
109
9156
796
7849
5350
7272
666
7775
3043
8155
7683
265
6021
2670
3762
414
3087
997
8501
6686
2820
8035
812
4738
7245
669
5395
7416
1741
8068
2812
1613
7214
7905
1048
9906
3159
2183
5156
3656
8007
8138
2118
9596
5227
1083
2292
993
9254
1987
1364
8285
9296
9886
9538
3261
5740
729
246
5795
4823
2145
1776
6438
9067
6805
8108
440
8901
2712
884
5568
1883
9384
4641
3489
2817
8658
7645
48
9082
1419
9914
8922
9904
1010
9375
7313
4591
9729
1338
7842
2900
4908
7098
6158
6976
9763
1101
4248
6265
7865
9563
2426
1913
1801
1876
7268
5729
908
169
292
3412
3491
6232
8978
7947
9686
1320
5106
9199
7496
9257
1053
5266
6144
2549
3210
9130
6525
147
5203
405
2080
3953
3374
9514
3195
6011
5039
5721
1825
7788
8728
434
8702
1046
9193
7801
1884
7104
5049
4154
193
8484
6647
6369
6567
8594
7178
8279
5776
5154
8652
9760
8171
2389
1833
2646
2314
5145
7532
2007
6756
2721
1112
7976
5712
8970
2829
1574
2959
3689
9592
7344
4806
6006
5321
5792
2301
2658
7893
4406
719
8009
3775
427
1925
5326
1125
2256
4801
253
7855
7346
1291
769
3728
8722
3535
3565
467
9566
8338
7029
5014
7354
8692
2526
5253
252
6297
7043
4949
2334
5966
1386
6361
9902
3342
6862
4949
2344
7611
4457
1418
5758
2910
712
3822
7646
2514
3367
7017
2240
5795
1163
4921
1606
5785
4517
430
6149
6243
5623
7029
1254
5511
830
341
9602
1341
8757
3886
8127
6555
8175
727
6092
3097
4252
948
2117
7813
3004
1839
9506
9658
5437
2012
4663
5453
1203
7113
1386
5130
4965
9643
5321
6999
9949
8683
664
5784
1461
4774
6811
6799
4631
6553
5759
7585
8502
7357
1869
4542
6621
4874
1883
4830
3035
5558
8251
5671
4171
9868
9021
5249
3302
3621
9935
8871
4222
3718
9478
6767
2733
6258
2824
6020
7927
2473
4935
2824
7954
1762
9701
8604
2352
1128
3477
8588
3373
2392
9610
6871
6907
4052
3037
7293
1164
484
2678
9326
1923
9787
3331
6079
5351
1454
8917
140
4456
4287
1055
17
2437
9997
6584
8827
2705
3245
3970
8735
5924
5943
4609
5487
9012
8773
436
3341
3696
8123
8570
5663
3956
3214
1022
163
8189
8481
8079
9195
8025
5746
758
1925
8567
24
4504
3419
9309
2064
5854
1689
2439
5370
3707
9467
5917
105
3087
5972
9583
51
8348
9512
5816
58
1026
9835
2889
4610
5584
3198
4857
798
3264
4723
9888
2710
5044
4701
836
5883
4238
1631
9307
4245
997
992
5561
4404
9348
1448
1682
970
3535
1465
3503
4418
1393
4700
3964
7172
8848
6040
1416
7235
3488
7682
7304
2850
1339
7102
1348
8520
1653
4795
7616
4384
7374
5535
2245
873
3812
2640
9377
3403
9130
4468
9214
4459
3337
9948
8212
8977
9485
2612
6392
7950
1722
4011
5503
3541
2684
6736
7604
5796
9934
1282
4266
4523
3140
4119
1033
7658
5152
8162
711
5072
813
3191
6119
2036
74
6988
7853
4669
8661
3060
1021
6212
7881
3055
2391
9005
9239
532
9989
8615
4936
3702
8429
2166
6103
910
192
3960
3899
7910
5700
9350
5509
9804
2327
9477
9362
1866
7263
7020
1334
7529
2010
3438
7049
8498
9365
5925
6711
5952
8548
2453
3201
8334
1877
4400
8198
4774
9986
7585
3807
8573
4487
9280
4342
2791
5404
9512
3067
8231
797
8869
1093
7410
2257
653
5048
8920
8720
9033
1957
8856
6005
9924
6613
2949
6763
462
3014
6853
3164
4650
1957
2159
8564
6783
9891
1422
5705
2756
2082
569
2959
8139
42
9812
3910
8310
8648
4597
6980
9181
3890
6510
5412
4809
3726
9921
9501
2882
14
2941
7992
9274
407
1470
8405
2906
4106
1970
506
4945
9007
1250
4444
9133
9927
2187
3098
1007
4341
425
201
9230
4091
9064
2176
1879
271
384
4973
7025
2119
6132
7480
7148
8722
9113
3975
8652
348
7837
1911
5782
63
2152
5774
8517
6255
2548
1936
4885
8156
8041
6635
6037
4139
6146
8590
1456
2512
268
9808
5422
6127
4450
4087
9931
3268
3169
4398
9260
920
8731
7002
1806
5357
3
661
8820
4228
8561
2009
9022
8642
2028
995
2459
4783
3400
4530
6340
4492
4130
6466
1908
3356
5192
9883
5040
6598
5522
9039
4723
3395
5896
4363
3658
4834
4376
8660
4116
6858
4545
9079
8528
6073
8290
3962
967
6842
7395
4259
3682
4458
431
9014
8590
6870
5077
4859
6435
5557
7733
3920
24
1523
6561
8772
2465
9171
8201
7330
4121
2443
7531
1806
6274
8668
7021
5065
1717
6564
4515
6246
2024
6892
1971
5146
479
2704
5915
3486
7446
647
5741
3964
6623
2631
7610
8700
4752
9929
4848
1726
9685
2379
2947
6761
379
1825
9188
7682
8820
7699
8699
3483
2337
6981
6553
1623
8081
488
808
2178
1181
124
9706
1420
6189
3987
5675
1511
3638
4974
2749
62
901
1515
2645
8743
1743
5270
9404
6753
2086
5462
906
5266
2011
5298
3353
1334
2720
3791
1215
4935
6612
3223
139
7196
6587
1670
2899
9777
7672
6095
4184
1618
4882
2971
7094
8019
6651
2847
3023
1230
7902
2178
735
7379
2728
1008
5218
9592
6620
9695
4610
7826
5723
6630
7510
4459
1925
8105
7827
1574
7610
7887
2339
6961
6718
2980
4863
8485
9375
4344
4033
504
291
3978
3649
8402
3620
7290
4088
6751
4992
6897
9792
3108
5779
7463
386
4331
7083
7474
3727
783
6533
242
2566
9909
5157
3062
9091
2756
2558
709
9740
7256
5537
8291
942
2757
6154
3228
6864
5829
1068
7088
1981
1217
9148
8233
2845
7799
2368
512
9184
3346
618
5511
6295
7799
7609
1543
8326
4285
8705
3596
5044
8602
7888
865
2571
2672
6632
2214
3128
70
6862
147
8606
7490
7580
9044
9244
6963
3291
3571
1631
6429
4752
4240
762
5410
5791
1038
6459
8151
6678
7547
1750
4290
3515
5135
2195
6750
4331
3192
8881
2982
1613
4750
7421
5654
5919
4133
3253
712
9946
4020
6346
4366
2040
7534
9249
1934
2116
8961
5429
4412
994
9856
9683
2119
5534
553
8615
183
5923
4997
3566
2823
9544
6224
7144
8988
6045
6113
9711
4616
2650
8276
4953
5507
5292
8696
1464
1335
7908
8352
4719
1272
4760
4204
3597
8574
6755
6544
1267
1003
6176
3124
8856
6539
2019
4603
7749
3606
3665
3807
3356
3143
2332
2350
574
7211
7145
2866
6449
7439
1470
7192
282
4537
3848
2050
1847
165
9215
823
2230
6725
3202
4628
2954
390
2167
2027
4241
5982
3775
6992
9410
1721
7432
8429
7552
1959
2602
8894
5037
3016
8325
4578
4420
7776
9255
3586
2267
2930
4976
4743
2808
5573
8591
6327
4207
1899
3949
3982
1226
8454
5697
9076
4504
7003
3498
9410
4263
4748
9194
3699
4917
2830
245
5478
6177
3422
6204
7805
4866
3261
8777
6598
2467
2848
9815
8904
3330
9017
4286
9948
248
5578
5465
1813
3547
5911
4289
2023
9752
471
29
2846
989
3007
1182
295
7959
8702
6215
1534
2420
9026
534
7912
5629
7282
2933
4788
8930
443
8068
4329
9947
788
6180
6950
2875
1675
1236
5511
8945
9692
9318
4180
1755
5736
8001
8392
9151
2475
2069
2588
4235
9083
6446
6949
1270
7886
4207
1977
623
8365
3273
5733
560
5437
5250
2645
6875
2192
7462
9423
7348
157
6782
7231
9638
1772
6736
4574
9627
4849
2437
5532
3462
4183
6698
3680
5311
1824
4441
4103
8012
7595
7543
925
1129
5606
7414
439
1788
4926
6386
1075
7956
5109
9838
7342
5822
7655
9624
4811
2
8142
3771
2308
9601
7254
5586
4263
4740
4495
4607
2964
3921
9352
3036
515
4540
3242
721
9221
8329
158
3529
5678
3081
6144
4701
4956
80
5601
8303
2889
1360
5575
7034
5844
6584
5321
8472
2520
519
1249
4794
2994
2460
7214
3578
7553
4663
886
289
458
4684
620
6359
910
8775
7393
28
5277
9618
4901
1942
9346
7706
5309
8375
8163
8814
810
7159
6669
1153
3875
1499
7550
6704
6459
4947
4914
8010
5305
9250
6726
3503
3036
2368
3415
1102
296
3327
1956
5317
6533
3035
2122
6318
5172
4972
2702
1005
2503
8706
6980
6983
8199
5264
4395
5922
7809
4322
6736
7691
3220
497
9593
7872
7296
6981
603
3657
4708
6928
2420
2295
6147
3113
1066
4955
5907
6913
9499
1071
2803
4432
9991
5257
1416
3531
5631
4939
5770
9463
7469
8299
2978
5413
8253
4678
6176
6577
7731
308
1996
4845
1515
7423
9459
8720
9224
3941
4866
3091
4833
8578
6869
1656
5889
8454
4778
9630
2071
5479
3124
7865
9152
7533
7350
1940
9871
1171
2522
2952
7384
5205
954
5212
3040
4341
5861
9378
6450
8274
4805
2444
348
8897
2806
8464
1038
1499
6719
1067
4484
9768
3608
8632
1181
1204
6336
248
1609
6991
3097
1227
862
2368
9285
6928
696
445
7807
2943
7164
8207
3498
1172
3358
1202
9757
7037
8095
6769
3851
4077
4612
8882
9030
7681
8848
2426
3333
5824
7646
111
8098
4767
3504
3192
3710
898
1090
2890
9419
4234
9799
8758
5033
8512
6711
4763
5074
7212
2537
6008
6574
7540
199
3665
3899
8882
9188
140
7376
2432
5791
4468
1702
1305
9005
882
6571
4338
3017
7107
5385
4199
2013
4648
3373
2953
636
2480
1893
4967
9176
3682
1352
2637
9620
3067
1107
5940
6604
3979
4085
2448
1729
8658
6803
5803
1284
7748
8654
9534
7021
8096
6860
4248
7451
7079
86
3062
7139
9035
7829
8393
1474
4865
8278
8948
1358
1705
1062
5502
1187
7514
9337
5646
9564
5761
6993
3542
2119
2825
1536
6594
6361
4063
3340
1595
3785
4134
6378
6243
9977
3531
3331
9391
411
5983
840
6761
6764
1738
9286
4723
8616
2758
9686
1469
9345
4306
2721
7395
121
307
4214
537
9833
1097
5821
6416
8710
9286
8329
4429
595
2139
9109
1398
1258
1939
8869
6416
2579
2228
3644
6952
6678
8065
864
3931
654
6179
65
8791
9140
3519
8125
1493
2729
202
8566
2046
8803
3717
4077
3692
4178
9777
6552
4563
2687
3522
7143
461
7742
8585
2663
6946
3089
2500
3352
1907
6179
7900
6092
9532
8250
1559
6796
1653
2537
1812
373
1368
1684
8221
1434
9729
1790
2922
5035
8
6643
3419
4738
4159
3286
1808
633
9989
7047
1850
4019
3237
278
1111
9472
9572
3344
299
7477
8216
8383
1871
6445
7010
2679
6664
5778
6165
9124
9734
4044
5521
3129
131
3506
2031
1263
6209
8421
7387
7227
3515
3227
6336
8700
3898
188
503
3160
61
7965
8955
2790
5406
5944
5450
151
6447
4624
4795
7416
5254
4451
4254
2635
6359
8433
5657
8807
4540
5287
3075
1092
180
2843
1268
3306
9725
428
2125
9957
2447
7919
9867
4538
8309
7671
9657
4326
9248
651
1372
9003
6905
2709
5828
3723
5098
8247
3373
358
4469
100
1164
7787
7941
6658
8896
6011
2762
5314
2545
8527
7586
6602
7001
2485
9728
6989
9997
9489
4565
5809
2142
8449
8762
4857
2545
3947
876
4316
7170
111
4812
3291
9402
9516
5338
4641
6261
7933
6848
9546
522
5140
7829
2614
2933
9621
6266
5385
2445
3615
1581
3817
8403
2043
4199
9955
5690
8301
2251
9238
426
1014
2950
2358
5618
2164
5029
3807
1110
2286
7248
6727
2357
766
3212
3477
8099
3107
5002
8765
8162
1396
4081
2846
4842
5664
9402
5579
3606
7717
4325
4858
6736
4205
4745
278
9915
4545
2863
7122
3339
5543
7434
8810
6062
2387
3699
7482
2917
1532
6196
7969
9638
2991
3610
7509
7250
3292
2821
3040
5932
1973
7388
4342
6728
7610
855
8911
7233
5972
8663
1669
92
8049
8254
8173
6297
5430
188
6718
7379
1719
7923
5750
3008
5463
9906
4380
8631
5852
1500
1649
5485
1437
4357
7465
1985
489
6015
1220
5189
1870
7861
1156
3819
8263
6947
2284
3997
5732
2280
1058
3644
8695
9242
921
329
2646
5148
9566
7353
507
7460
4864
5037
1051
3807
4031
5523
2713
6160
1384
1515
9215
9311
940
9392
5909
1846
8621
3428
3138
1212
9642
4137
2765
2543
4365
5506
4650
4044
3809
4691
2046
8986
4501
8371
5595
9920
1055
3880
3586
9562
5001
2347
1330
9917
39
6599
7067
4506
9304
5538
8012
5550
5023
9297
5070
1168
9215
5700
8334
1338
8735
4201
6906
3914
9944
6715
7397
7953
9958
4557
3409
5663
6127
3209
7475
8818
3932
4368
417
2279
247
199
2940
3137
7399
1776
9726
6678
5197
378
6827
7708
8364
3536
6510
2278
4382
2147
2033
5139
4422
1346
1183
494
6766
2516
6951
1240
4113
9674
2338
6163
5395
6711
7134
3183
5641
8687
3899
3805
1700
1621
1596
9848
6559
5298
6089
2953
6812
8929
3169
5942
6031
5089
617
381
353
9827
8394
2162
6883
7466
3805
4149
615
2072
4454
9951
1851
1544
9515
551
5487
2340
9559
3317
5558
8363
6275
5318
7312
4971
6177
421
1954
3186
6757
437
3338
7797
4860
732
7328
4608
8708
5162
8869
4329
8884
2717
4377
58
3480
3586
3691
2248
4668
9144
9478
1010
5569
9013
3119
9246
9214
3956
542
9805
1064
4919
9959
2866
2969
5333
3667
1373
9045
6340
8139
8604
728
172
5797
9601
6668
313
3768
5134
3564
4792
5394
9614
1807
2357
5110
76
2805
1796
1663
9220
1439
3670
7686
4418
6978
1897
6317
103
9179
5904
6384
599
6937
8996
1557
5369
5332
6682
2540
3962
7227
9910
6354
3663
1211
1510
6226
2751
2544
7058
7793
7809
8990
8013
2988
672
4951
9770
5363
3159
5759
4522
5290
5797
5543
7231
8636
544
3919
5873
4316
4953
2003
8396
2311
2709
2515
1727
4843
6617
7966
8844
3385
6841
9324
9610
8446
4284
4622
2123
3092
5330
6685
8750
5396
5645
5841
5535
7081
3100
85
8886
9694
7515
6925
4145
9324
4177
4425
7076
9452
4796
3373
7442
4170
4846
3392
9716
6109
8299
1687
1959
3566
3967
1466
6004
4229
8098
9101
2735
2284
841
9541
4234
3725
6954
2705
2913
8808
881
1267
2170
8700
6981
9141
5817
6041
303
6937
8155
3599
4733
8855
4082
9067
339
8426
1116
1386
2382
555
1322
2449
743
7805
7050
3523
6756
1674
2883
3195
7193
4661
9893
8232
8893
6700
7059
7037
7130
8180
8677
6003
6675
747
451
7815
6112
7005
2314
3814
117
9362
7509
6591
8414
6713
4077
9634
5274
6819
8190
2644
404
707
7799
7841
4121
5244
9512
6579
9817
2136
13
3766
2423
636
9330
3063
5053
132
8845
6491
7457
9229
3564
2371
4343
3357
9775
6742
5200
9397
4723
6746
3538
9364
9464
5373
3553
3971
6458
2299
3425
1320
4934
4035
9564
1302
8267
8686
413
1201
9095
3731
5874
6744
7156
9326
1090
778
2903
5901
2454
6692
6442
2029
8413
12
6010
9819
8264
9686
2837
7962
1544
753
6533
6201
9127
5559
4036
8755
4715
991
3346
3900
4171
2433
7297
4243
2256
8757
4364
3777
4747
1015
3775
1869
6828
6756
1261
1380
4825
2540
3202
1123
9578
2995
9086
4502
8319
631
7099
4071
2258
3332
7683
4783
930
6471
181
9460
3096
6890
6070
8310
8575
9539
5987
9116
6366
7303
8208
6462
219
6779
2430
9542
2442
9122
4702
5808
1465
1777
6699
7582
5219
8272
5807
40
8437
8423
5485
2416
4222
4578
6879
5996
7700
3320
2706
3045
4265
2658
6499
7608
2206
69
4098
7352
3519
8022
8267
6433
5282
9808
6810
1477
3594
798
6126
3593
2033
9601
3381
8097
2484
3273
1571
2803
6326
6596
9348
5078
831
5075
3193
2451
2344
1587
3274
9830
7049
5330
1026
2990
5637
7350
8832
574
6738
8574
7003
6831
4152
2971
8919
2943
1692
3656
1317
5734
6444
742
3696
3642
8024
2876
2244
4891
4464
1513
2885
303
2203
1647
2236
700
8902
4373
2758
5284
6911
5591
5520
4409
7100
2082
6374
1495
1490
4275
9620
7544
1897
1850
1365
1707
9662
9348
2418
8329
9577
9942
7020
2711
2728
7093
6873
7147
8949
7961
135
7083
4451
8043
2596
9663
7092
2875
7515
593
4644
9954
650
5435
8043
1475
3402
6725
6577
6800
394
8475
9984
608
4413
6344
237
7419
5620
3253
8997
6370
1024
2380
243
7143
9014
3045
1320
5137
5304
7870
6883
2260
2709
573
2160
3209
2312
2260
6324
6598
8513
2114
8715
8604
4689
9172
7129
3847
3844
9489
3119
5321
577
2921
9761
9733
4512
4690
4344
7432
5788
591
4520
3668
4637
4717
2101
8529
239
8618
8676
8721
816
3796
713
4803
7516
9810
8368
7688
4817
9632
7089
6709
9441
5727
9212
9206
2149
8414
4232
6894
9293
5479
2033
8163
9679
8697
6455
5379
6793
4220
7276
8668
3634
9610
4782
8779
9308
3549
7853
9477
4544
7220
2478
4003
4450
9816
7453
885
6568
919
766
1965
7993
8060
9564
4721
6986
1015
9969
1595
7960
8794
6602
3242
91
6116
7114
1417
3598
3290
4757
7642
3552
6010
805
375
2275
9295
6335
8235
1657
7203
3122
7841
7814
8347
172
4588
7451
7012
5634
4435
4242
9768
1993
9958
4409
9772
5448
2018
3942
2039
5162
6382
5896
4595
3259
1435
4495
4855
5441
236
730
8533
61
5642
4770
9523
5745
6741
6037
2572
9619
5058
6464
5165
7713
2494
9464
21
2763
8243
8516
3992
5582
5604
1698
8884
1786
9303
9136
6339
5594
8047
5023
8257
7820
3072
3012
2128
4711
2717
9157
7769
4867
1611
9058
1971
6757
7558
6391
5536
5565
929
7166
6739
6881
1721
9436
484
3374
9706
4039
2352
9017
7357
7603
7243
1487
9667
5934
4213
8058
5186
8119
3165
8082
3280
5798
7168
7892
583
5339
767
8099
8262
817
7355
3311
9155
3731
8142
4413
9434
7814
8670
3250
938
3243
4697
7213
8639
128
4051
744
1107
8999
3913
4545
6222
7267
6120
8381
1272
39
4971
9099
9512
7778
9646
5938
3924
7025
3957
7328
3422
460
6871
9296
6415
2522
6848
3427
5581
7595
1199
9511
2698
8510
8643
4275
9875
9354
5975
9599
1554
6920
478
233
8900
5753
5923
8555
7441
224
9292
3899
6604
4181
6605
5349
5227
6501
6493
4160
999
7710
432
203
9817
6338
1817
6959
2338
3894
7239
1945
4118
1288
9442
2940
1912
4916
8957
1092
6987
514
2375
3267
4425
4888
1080
4191
3957
3052
9971
4427
3683
8809
4671
5544
3431
8440
7213
5298
7926
3334
4240
3527
6592
3526
7487
1340
5120
3217
2423
2691
7694
610
5068
6909
3666
1676
2736
7484
5042
1355
6492
1091
3795
5183
3519
8409
7910
3320
4763
5026
8293
5230
798
5918
2612
857
150
6380
7258
4042
3506
5186
7691
464
9127
4916
419
8673
6043
7355
8433
641
5544
9094
7885
5838
4978
9225
5163
7408
2071
4693
2873
7633
6354
5576
7996
7675
1575
2317
1708
209
3020
7911
9797
9088
8136
6513
5487
2376
4927
7749
7347
3144
7124
561
7059
6992
7609
3142
9278
4324
7481
2660
7497
251
9371
337
3799
7034
9945
1571
7012
683
2783
71
2891
7528
1243
2021
5342
4364
5958
1162
5161
9611
6496
7362
2487
7936
5370
1149
8219
1762
3978
5408
7192
7846
5629
6508
9166
381
6725
4142
6332
9232
5906
6461
3977
8783
8746
7259
8148
8347
9773
7419
4310
1241
442
5600
2983
2049
32
5174
8283
5109
7194
3914
7235
7987
5549
3172
9996
7906
1157
3042
9123
6752
7303
2261
2558
3633
2864
744
2073
1173
1148
8017
9937
2970
5351
7100
8191
3586
3136
510
4144
4722
8112
2069
2301
7658
6192
4542
9233
5983
3580
3000
7294
2823
4868
4296
201
1325
6167
7840
5162
7130
3202
4316
9131
4455
5217
2180
6918
6986
6037
9542
1993
6736
9781
5262
3717
6165
7708
8317
9388
3854
1808
5784
2084
3379
1521
9130
7158
5461
1084
8687
8496
3486
9741
8251
6749
1581
2350
7967
4126
6009
2673
6751
3596
9733
9708
1691
2986
7027
8864
8457
1316
4364
8089
6143
116
2512
3856
3504
6317
8536
4835
7679
2153
4804
5887
4058
210
4160
2747
5967
7690
6516
4549
151
483
7138
4775
4702
5701
6458
2455
106
1674
9617
2565
202
8896
6170
2478
543
7967
5098
7861
6946
7031
5167
9948
3699
8378
5684
6057
5621
9484
8010
5354
9914
4111
2653
8188
5734
2806
8922
5943
5514
6268
8275
5355
9217
6067
827
3291
3833
3255
8515
8197
4852
2986
7954
2969
1061
9308
2456
3762
2655
1671
6571
6178
1084
7806
4119
8608
4912
2289
9915
4363
4127
7745
1762
2547
3311
9511
2775
710
1258
2427
4451
9373
8960
3175
4997
7992
9397
1042
1999
5453
8774
3365
2538
8415
4545
5507
5226
3445
938
2727
7199
7921
6853
387
7056
6388
5382
8052
5481
6986
3095
5697
1465
8904
7237
17
7811
4534
3358
9162
4691
8487
458
7484
6815
958
2566
2498
3197
6853
3791
1505
4226
4686
6331
1895
8756
322
9256
8041
4037
9603
8392
8265
535
8872
6501
2884
50
1363
9233
7299
9423
7040
7545
6488
6635
1207
5634
3594
6078
1281
8213
1098
7382
6347
4784
1710
1615
9395
348
3747
1863
764
6733
202
8617
582
692
2905
5862
9691
6755
7901
9643
6477
601
2205
530
9812
2040
6642
7141
3376
1636
621
238
1734
2228
2655
654
6887
6428
4121
8001
2393
893
9397
8537
1689
7398
4507
6641
704
6015
1494
5125
4945
3231
9119
6777
3576
2383
6524
1290
7864
3091
8819
5839
5597
277
2617
7944
2185
3696
8169
3903
6570
9124
4817
9151
7
4259
4706
5765
2666
7556
5430
9206
2260
268
425
8049
6047
3669
6412
34
6771
1301
9807
2501
8763
6677
6451
4708
5511
6310
3229
6078
5909
8243
2242
3750
5478
6767
8302
1358
4167
6169
6935
8662
4651
384
1185
2920
37
7523
200
1643
7858
8877
2526
5485
1884
9767
9358
5393
2428
4002
4955
8866
923
5356
6844
2870
4703
6588
3287
3856
1004
3759
3089
6975
6047
8578
3414
8122
8859
6120
6055
9795
3275
9434
2663
3932
4241
9336
5447
3965
9311
3824
2207
4981
2937
5997
7500
2255
8292
9811
7369
4325
5594
9535
6335
8931
1230
4746
5244
9912
101
4220
521
2413
2808
5938
1423
8413
4938
7473
7950
9104
296
8861
6398
7615
6790
7858
9113
7122
2073
9578
2343
8575
7438
8053
9999
3932
2983
9500
2339
3500
9171
4142
1059
577
1288
6026
6416
9754
7745
7985
3318
3988
3779
4939
7625
165
1288
2296
68
380
8166
5559
4705
9624
8957
1292
4052
406
6641
4655
3760
986
2413
345
2668
730
9644
7304
7941
583
128
9897
9509
2185
3179
8799
9682
9163
7844
3957
6856
3290
6872
4954
6896
7511
2316
5970
7384
6298
1787
9887
4143
9485
8904
8796
4780
4315
3926
7646
2735
1248
1424
5653
5679
7022
9115
5565
9958
7613
3388
5394
127
8623
3241
4839
2171
4625
3228
6124
6932
3153
7600
5846
4065
6423
8779
4060
731
8519
1959
8542
7510
7335
4380
3646
2881
7825
6860
304
3177
6432
8959
904
2581
7927
8548
3351
3730
4072
8303
1396
8621
4576
280
7950
4130
276
3193
998
9074
9429
4698
7234
1544
4899
658
331
9709
2791
5306
5424
1512
5181
3052
2746
3926
1549
7311
6786
2444
5550
6916
1561
9548
2730
4276
3959
3344
737
1825
7035
8821
3227
2085
9909
3083
3931
5105
3001
7125
2951
1979
8786
4787
7197
4763
8841
6080
5018
3856
7455
6786
4880
819
3176
1459
7028
9044
4302
7342
8034
2730
3072
5611
4606
4565
2319
8949
8880
7178
922
4805
6903
9729
6168
3121
4240
7741
9167
6521
209
7602
370
1817
4198
2006
4820
8645
7380
9811
7518
9196
3672
546
3517
2531
4091
296
1633
8595
434
7894
8189
9138
7805
96
6933
4604
5218
7413
8244
9266
5160
8630
5061
1269
3398
9152
1370
8914
5289
5114
7821
2089
8278
6650
1977
4053
2449
8845
9931
8543
4659
4012
435
7793
6264
5084
3391
1977
4254
7310
8956
6741
5423
4171
1111
6970
1716
5029
5089
7759
2912
7919
263
3941
3078
9370
666
1586
8339
6817
7912
8150
9540
4444
2820
5661
1258
9118
7901
1013
1077
7239
675
8715
8230
8807
9224
8956
9211
9590
7083
9244
1658
6615
62
8880
7496
4540
3817
6217
6605
5249
2191
8621
7620
3850
8053
8908
8717
5794
9791
5278
1689
3657
1562
4191
7812
4099
3697
8113
2229
1660
5394
6387
8194
6317
2678
3270
879
9844
5684
6903
4565
1597
55
5875
619
999
7596
2375
5966
9561
685
9696
7673
3380
4610
7031
5969
9332
5468
3831
9868
8859
1921
1646
6779
1389
4238
695
1715
4121
5776
2848
4919
5442
561
3884
3751
4203
801
1710
3696
7978
6999
3285
9070
2790
9327
6283
4651
4022
2367
9317
909
1889
2642
3176
8622
8577
8887
7515
8863
8963
8206
4055
6135
3129
8724
9799
8709
8081
6730
4861
3056
5583
7222
1015
5789
6269
735
1469
5853
1515
1386
9821
4945
4773
7453
8093
5824
520
6919
7185
6582
2237
9660
1533
1916
1456
5383
3647
4677
2035
3901
170
8000
9063
9452
3454
4587
2005
9602
1305
2260
6385
3140
503
6392
3624
4042
9302
5245
8434
7298
7431
6294
9997
6703
2355
3342
5178
3763
6815
9907
3444
5046
4653
4263
2532
6808
8069
8647
4780
4745
8894
9685
6248
4909
6966
6089
7085
2236
1619
3937
425
3593
6275
5194
7180
6904
9874
6636
7447
6602
8724
2262
5391
8714
5082
2385
6402
1815
622
2647
3153
6559
2160
4811
6890
8005
8865
1414
2341
7872
2725
8792
5782
2162
3580
9464
7764
4999
1638
9501
8420
9514
7643
6122
7451
2296
9061
7536
5580
2169
1925
8750
9111
203
449
660
7560
8824
5553
319
6210
8702
1415
7465
3754
888
9121
1857
7610
4865
3355
128
6616
1052
3211
266
1161
7554
6834
2381
7526
4995
3281
460
2395
8769
1552
277
291
3277
4548
923
2677
1964
2465
950
8745
5133
539
4548
7603
5414
1950
4032
6237
2440
6075
8636
8716
7513
4914
2456
1320
4900
4363
4066
9617
2364
6300
6821
9927
9042
367
3645
6449
1725
6085
3374
3313
9510
6192
2411
6294
9338
9534
5306
3321
6354
5389
1979
6682
1012
3149
2246
5873
1405
4311
3295
5481
800
7508
6789
8723
591
8973
3102
8379
2215
7117
4781
3059
1421
620
3969
1567
4470
2483
4443
6998
3341
6717
8459
1287
2776
1649
8549
8401
9200
9533
498
5376
1341
4302
8773
3765
7102
9704
3549
1890
4726
3375
7919
1001
4161
1209
9672
3705
8008
4566
8570
3030
354
8643
7123
8399
376
983
6273
5178
1697
8074
3234
2594
2165
8142
5144
8792
7214
1403
1901
157
5898
954
6621
7071
267
2182
4422
1287
1299
3104
9132
938
2630
1979
1642
1597
1419
6935
704
4696
1845
8403
6757
2825
2143
8471
8804
6544
6973
4578
376
8383
9030
8885
9723
3407
7375
9764
819
848
1298
8583
2562
2659
205
5058
8081
4117
2882
8934
6036
2147
876
119
3055
7213
2203
8352
9055
6472
2164
6950
360
2331
5860
1298
82
9374
1965
4981
2096
9901
3694
7484
8559
7881
1462
3367
549
6224
2390
8825
1604
4732
1481
462
5684
6857
8728
9792
9079
1645
3182
1273
3217
3119
4610
4128
5535
1518
5710
52
4370
123
2697
5210
1808
1961
6019
7383
8870
3884
8248
4828
7847
7253
6753
3798
2266
5659
7007
4918
6424
1689
7506
4237
2871
8018
9932
767
4174
3478
5106
6508
8086
2258
1576
5550
5919
3496
1
11
7858
5118
3286
1362
6082
9012
547
3645
8908
8160
8028
1068
3899
3015
9069
4299
5640
2587
490
2570
9225
5384
9371
1097
6824
3025
605
9459
9466
4782
2890
7361
7093
6864
5536
5376
3503
3991
7245
9439
876
8320
8192
7787
2855
3827
8059
2558
2337
1597
1327
9629
7049
9804
7240
5733
61
7400
2706
4373
4411
165
8491
2910
6256
4230
2327
6009
5794
1669
2335
6699
1280
9897
8852
7505
6661
3476
62
3643
3007
2570
509
7113
3630
5684
6264
8868
1110
5059
4729
3865
8626
6992
9851
6121
2945
6385
2788
1940
4024
8750
4552
6240
5957
3657
6280
8353
9005
923
6210
8180
5915
4739
7321
9999
112
2804
5539
1984
9827
9011
61
3088
1375
4429
6080
9372
3815
7185
2040
5989
657
9167
8723
3823
4161
2912
8291
139
4645
1110
9154
5492
4525
9075
3650
8652
8891
6636
5945
9536
3108
6044
9397
6842
8721
1093
7666
1809
4738
3315
834
3254
8240
2544
9353
7304
3520
9900
3415
6319
8821
8366
4493
43
7435
7568
3091
4183
2683
2073
3665
636
1105
6447
2013
8140
1986
5442
621
9973
2232
9965
914
2551
2941
9274
1901
5426
8522
8412
7575
97
3043
8101
4617
6136
8139
1251
6231
1578
6082
8825
2490
7290
3973
4056
8617
2434
2526
7499
9530
4391
305
1756
3746
7172
754
8147
2093
1890
208
9520
7126
8034
3660
8129
608
497
5906
203
3223
4718
9533
3770
5518
213
9538
3057
2358
4885
8568
8183
1991
6603
8514
2665
1073
6861
1199
4716
1255
420
4512
6808
651
173
2646
2046
1934
6127
3679
8197
7003
2405
8374
3137
7742
1310
3869
2218
3713
3617
6851
3865
728
992
1436
3490
6070
2865
3786
654
5751
9822
3850
6028
3650
7900
4855
6442
8060
8417
7665
6542
2280
6019
8239
8788
1961
342
3739
8062
8427
4651
3157
4463
1878
1913
6428
597
1447
5411
5070
6053
3065
4763
2488
6133
1005
5481
4083
4434
8222
3076
6280
2634
6982
5362
1789
4933
6648
7877
988
6176
285
8900
2627
2662
170
277
970
6872
1526
4061
6386
5288
9751
9529
6639
4591
2223
6380
9245
629
8362
4801
3370
7226
3848
7435
8161
491
7970
8581
9931
8218
8728
97
1034
2791
3883
4195
733
8872
4940
4529
6337
1712
5292
6518
1281
995
4002
9568
4677
920
6995
3333
4265
2447
4804
4570
1636
9994
8376
298
3227
726
6011
886
4303
9417
1084
3689
5196
7909
6294
7809
6275
8616
8245
5108
5200
9126
9183
7412
8670
866
2123
6066
2686
2588
1443
4440
677
5287
6125
6028
2367
3442
3711
495
3948
8159
9395
8478
5364
8906
6343
271
4640
7881
6796
333
8065
2947
7992
1886
7652
2794
162
6232
4215
1542
4654
2843
7115
2821
9407
6025
6882
8481
1491
1205
6147
8864
1429
9303
8083
637
7610
6273
8536
6606
2087
4169
3513
1092
5853
7982
9816
3009
1407
6017
7955
9981
4684
9599
1903
1922
8115
9653
2515
8675
6479
8580
5028
2430
2018
8799
1000
2000
137
2708
47
5730
3196
4638
7898
3747
4832
6328
8224
2534
6772
2791
8914
7443
4013
3717
2104
4097
5848
5741
6263
7482
7531
6993
3826
617
5953
5439
5937
1745
3405
2057
7333
4168
9227
2546
8675
5602
3782
2875
5733
7313
1777
5059
2279
1620
1108
9568
6816
469
4682
5616
8552
6943
7719
1233
2654
6575
3178
1210
6588
2079
9260
524
2964
1374
9128
8906
9734
8486
7129
8773
5904
9658
8138
1111
3485
6961
2094
1904
3310
9972
9874
6374
724
4728
7821
3696
4838
5475
2319
1815
6914
8896
1957
8302
6104
1121
2705
1479
1814
7908
3214
4601
9557
507
3935
1670
2437
7967
2124
5271
8854
7308
1887
7697
8560
3797
3368
6858
3382
7615
7191
8105
2063
3253
1803
3418
4940
9114
6875
6138
2154
1550
4664
9591
6826
2853
7133
9802
4206
7537
5702
8923
2040
1710
551
8941
9132
1619
3102
2432
9299
1240
5313
952
4997
5336
2740
1955
5483
5688
3029
7926
5543
8741
4989
6810
2079
927
3409
8734
2721
7556
3069
8758
1434
8158
916
8549
2649
8786
2036
1925
434
1753
9168
7813
6866
5240
8443
2162
3856
2089
3621
975
1424
5753
7559
2773
6580
3995
9336
1938
5186
5584
11
3618
293
866
3840
5494
8184
2773
9347
9963
9335
5524
3154
2554
8690
2658
7080
5568
3642
5155
1903
1682
93
9855
3704
3700
9459
7341
521
5437
6158
9424
7411
8273
9774
1796
9710
8578
7249
831
8176
3790
5255
1437
8156
4262
1147
4671
740
7983
3504
681
510
1365
9451
2959
1018
6568
4674
7430
9341
1563
3417
2179
9482
9768
4918
2309
8098
4142
5827
5862
1619
3834
6083
3237
4336
8175
7246
2232
4122
1408
8773
7758
6664
1274
5130
2281
3547
2849
6394
3419
4055
7718
5879
9671
3414
4291
4841
7076
4802
1279
3884
4620
9035
2272
255
3044
8895
7868
8676
7780
354
6102
1705
4556
2414
489
5870
8906
2018
2048
6235
5912
1975
9820
1245
6003
7921
103
7096
7069
2079
8491
5104
1465
6827
179
6728
3827
9967
6416
9104
7248
4597
7227
6131
8292
3827
7516
6161
1482
6165
5395
8078
3397
8363
4494
2048
9830
7190
7421
8165
8881
4275
3700
2999
860
2864
3132
1941
9641
6142
8165
5096
4591
5414
8144
2565
888
701
7931
8137
2679
5522
5953
3063
3586
6861
5999
5711
2616
6651
4605
4265
8222
9006
2133
3101
36
9278
5964
236
8748
3294
1656
6955
569
156
7867
8859
2519
6762
8348
1951
9927
7422
6043
3203
7811
4502
2320
5556
2125
6842
1830
3122
3774
1089
8729
1180
2949
9566
3920
9432
5980
1293
601
2026
9269
1240
7967
7770
459
8464
2906
3314
8797
1209
9797
8860
8712
7887
9308
8882
5075
1146
8336
1110
1148
7794
9797
345
9202
1545
8657
1170
852
9137
3992
5136
4445
729
4140
7111
8309
2573
1874
6621
2759
8263
1376
8201
2860
3650
4261
6834
7931
7236
5644
7880
7051
9750
8244
8747
4446
482
237
441
7976
7032
3026
4403
546
2045
534
2049
1876
6811
4973
3017
3186
9366
8313
3949
128
2746
7
5961
4874
4103
1944
9767
4609
5720
7499
1535
3574
4542
8439
7328
579
3324
4328
3561
1069
9442
4045
9110
2770
4721
8559
2521
6170
8480
551
7383
5236
7126
279
7870
6625
2283
1629
2124
8001
1867
1083
7547
5904
3461
6310
1136
7354
2696
1850
4546
7470
4129
1526
1800
4070
6215
5888
7719
1958
5108
4280
4794
1520
4206
2456
8436
2682
1644
1812
6704
6181
730
7841
3499
617
9576
1527
3463
2588
9159
3426
4934
2070
7941
1420
8373
686
1960
7859
2924
7264
3514
2603
1467
5458
8875
8211
5996
3999
4634
7908
7124
2480
1075
8174
4303
5379
3373
4160
3954
2946
8001
9652
5448
1911
4309
1614
4738
6842
6047
3516
1679
799
8562
9015
7316
4514
5208
2887
4077
4739
4702
8259
582
9304
9972
2712
1690
7995
7884
6725
8657
863
9527
5284
6818
5036
7495
8972
9331
6382
1117
1688
8754
1331
12
3837
6914
3882
804
5710
4631
6230
3877
3924
3685
6271
3727
708
604
3363
1469
9397
3536
4819
1019
1622
4813
4467
2521
471
7157
607
6269
6842
3200
8764
3036
8433
5337
1040
6246
79
7459
4138
7576
4386
1265
9473
9096
398
4936
825
4556
7602
7188
1708
6921
921
8183
5253
9339
2406
3911
8996
1912
6726
1917
8339
8564
6032
6617
4509
4813
2131
4041
8435
6096
9263
756
2995
5644
9743
2286
8439
8029
5198
8596
3660
9423
8269
9453
623
4167
436
7501
1221
9298
5761
2353
5318
4559
6470
3501
4102
5539
6846
3269
3153
1252
5081
2515
8129
5236
9559
5899
2554
2852
8317
1778
3523
2622
1720
7060
5050
3825
6966
5174
8283
4813
1726
5053
7125
4845
2836
5180
1018
6568
5312
9968
7049
5993
6419
109
6555
6725
7687
9736
8278
6648
4965
1263
6103
3069
8724
373
4731
6366
5462
1629
1829
5316
255
856
7725
786
3680
3147
8236
1621
5588
6871
3928
34
50
4789
1336
8980
7740
3290
6716
7999
1594
1372
3685
7610
2930
4740
1686
6652
9730
7933
8266
548
8726
6228
9892
9151
1112
7072
9501
1369
3208
1569
5094
2646
5697
2259
7245
8835
6768
2353
8539
9282
475
645
966
1799
6518
5653
8750
3068
518
8386
6501
7708
6405
5861
479
9963
4835
9792
6046
5072
4099
287
9740
9170
7914
3264
7720
8158
6585
3193
7445
4260
2449
6294
6390
9077
5592
5358
9804
8709
8942
443
9306
5350
1742
4678
4716
2886
8311
8930
7437
654
8624
4983
7730
948
2246
7511
9311
6129
9413
7372
6109
3267
7667
3723
9557
9089
2196
3583
7912
1058
6366
7644
8788
2973
5610
3817
9076
4543
303
8612
1847
8920
2117
456
8387
4049
7550
5282
6669
3082
6454
8991
3600
1304
354
20
7930
166
8687
7373
3527
8247
9180
7031
3940
1314
