9395
1218
9569
2243
1128
8057
8534
9711
5833
3417
669
7690
9425
7385
5167
5013
6995
1457
9328
6941
9560
3878
4271
9182
2006
2205
9519
3465
5607
7601
7663
9800
5602
8716
7575
2718
4697
2291
8769
1863
5617
2897
1490
9156
3477
5248
3575
4573
673
903
5878
9066
1701
6231
3209
6826
218
1513
2296
2232
2924
3801
6221
8544
6896
8498
4088
1138
2517
4215
6148
3457
9744
1733
8121
9080
7233
329
8831
7870
9748
4063
1121
6083
2047
1464
5548
1191
8717
176
1527
446
1356
9814
3853
2419
5017
3643
3338
2410
7334
7926
5176
7758
7837
8023
2198
100
2664
8845
809
227
4633
2359
5640
7826
8375
21
1531
5505
517
1608
4287
5712
5528
3087
1921
7736
8577
2067
5921
3918
5241
1406
4352
4310
1941
6361
7440
717
2925
9198
2392
4897
5889
8196
2194
1640
9884
9294
1642
9746
9037
7798
4448
6864
439
9429
8877
952
8316
1320
8533
3750
2547
979
9177
3991
3442
6001
8632
8307
246
5349
858
1675
9875
6966
1469
8303
223
6114
2967
5948
1334
6415
2816
9857
9975
936
6925
768
9816
4928
1689
762
9589
6785
627
2034
4673
465
9060
1541
1161
1904
9412
3570
2016
6338
2984
9147
4862
9615
4640
2500
7695
9422
6100
4206
3111
1783
7427
2429
2372
9549
2514
5969
6302
9592
2864
3375
5871
5544
914
9829
928
2030
283
696
4230
4890
7038
9889
1539
1473
6349
7200
3409
466
1739
3757
9438
3199
2504
2134
7176
1374
142
4237
4778
5330
2236
6428
4866
6456
3351
9283
732
6484
3038
8872
3250
5933
8223
6645
4850
2699
3780
9654
5085
4989
4116
4983
3316
1256
7102
5116
16
6563
9045
7986
7206
655
3144
1015
1530
5200
7544
9233
6638
5568
7561
1212
2391
1845
3163
4477
7754
1224
8461
8424
5608
3893
6081
2318
4969
4012
6595
784
3673
2456
6512
7450
854
9401
7909
9516
3730
8216
5404
5888
7369
6391
1526
3312
3377
6224
7090
7654
6166
1306
4176
1803
9364
3437
6999
3586
7911
4690
6797
2742
3067
945
8941
4180
8089
3211
3242
7838
7937
6190
9472
2653
3363
3621
8095
5300
5284
4228
5036
6232
2739
9766
6269
2874
7816
2184
8333
738
58
3561
2135
8021
2893
7592
205
547
5072
6907
7331
600
8752
8890
7629
2489
8887
9700
3121
4822
2928
9179
6069
2854
1615
9529
2681
8915
8360
9567
927
3344
4771
4337
3112
9056
9951
2835
6
3653
8258
3537
9944
2459
7286
9140
3102
9308
9077
6246
7512
9818
6729
7143
6185
8946
3803
8105
2188
3553
9964
4614
9822
5268
8486
2107
2274
8630
4386
9839
9468
2043
8876
5038
3413
7971
2250
8063
7939
8524
2832
9917
188
6735
3383
2717
5772
815
4339
3608
7571
3309
551
7307
6646
6704
692
1084
2191
3359
7231
8758
5424
139
2011
807
7688
1511
1727
4460
8525
1937
1425
8440
8413
3320
8733
3823
5119
5906
8616
4902
2541
2626
2213
6596
1213
5093
9835
9028
8513
108
1080
5153
1410
163
8447
3092
9679
1796
5050
1636
5662
9291
4899
7697
1519
3622
2060
8185
5937
6953
4761
5673
73
2795
5166
5706
386
1182
3867
5736
7770
7509
3933
3714
966
8767
9003
4232
5197
1813
6967
4945
9598
3187
1211
8172
332
6570
7708
2902
2866
5100
1915
2934
2879
3802
4432
2133
2231
4272
7114
9701
3496
2921
7966
8128
7116
3568
7519
1622
3544
1633
5720
9375
115
2214
6426
6070
2558
4876
1483
8167
4635
2336
3822
5735
4799
6665
2975
5621
7146
9021
9225
3634
7644
8935
5854
9919
3106
6226
9807
483
9980
3660
2396
8763
8545
1310
3659
2773
687
2061
671
6565
7599
5393
2342
198
2735
9840
9157
8751
9966
4966
1559
4722
1349
1639
8354
7266
634
5256
8675
6725
2980
9082
4951
8129
2725
5054
6673
5529
2005
3680
5223
8191
6079
4603
8402
425
5792
4565
9532
7680
9925
5574
7790
1173
4683
3842
2946
5436
3305
7533
9611
2939
168
4245
7004
9710
4503
7408
4415
231
10000
3492
6140
5836
615
9151
8189
9546
1381
8347
8899
9832
2714
7028
8410
2160
3684
993
1712
2601
3227
4856
7099
593
6859
9058
1992
6515
2303
343
6211
4914
4371
84
3277
1928
71
2431
1590
4619
6839
7240
7123
7327
9185
9718
3444
7497
85
5714
4905
8150
1702
9448
492
9470
8079
7855
4870
1294
6371
2253
3326
6262
3706
4403
2491
1754
1821
5396
4010
9651
2270
3432
9243
6196
62
6609
8519
6448
860
203
787
549
4062
6922
6023
9893
8166
8689
8666
6681
2472
2862
8125
6754
3772
5044
2329
9852
3903
3979
6005
742
4925
1111
9250
4636
8425
9270
1500
7105
8406
6911
7101
8366
4006
7342
5377
2948
5536
5445
4699
7002
2760
7856
5124
5947
7426
7685
771
9238
7995
3811
3441
4317
9403
9296
6857
4091
2950
8774
4475
5433
6339
5460
5250
2357
5729
8559
4172
9911
6663
8312
1220
7919
5120
7419
5076
7551
7069
7615
6441
2922
217
4454
7931
6625
1344
7576
1146
2451
7438
7118
2602
8635
8913
8880
6687
506
8120
2285
3411
2170
8048
6144
3439
3770
9445
3420
3582
3827
3798
9812
4524
2283
9129
8446
5158
3522
7354
7164
2228
1773
9935
197
835
3596
6131
1053
9497
5642
2073
715
6877
3962
7414
7251
9103
2590
5570
915
9793
348
7627
9051
1125
9152
4729
8443
8268
8902
3447
6624
3701
6174
1351
2460
5760
4276
336
7134
7899
1408
1663
5043
7681
4164
6429
3471
9119
4190
3195
6634
8957
1777
3115
6088
3668
2211
3619
3022
9039
5364
608
459
8225
2877
3968
8631
3481
2145
1626
2505
5517
1025
8536
9423
6186
98
8452
6865
8761
3855
9300
3708
6868
2669
9027
2138
7662
4407
5749
2186
7694
6035
5722
3184
8927
3200
9564
2756
3794
3514
9999
8656
1402
7335
4721
4887
1592
1982
7078
3224
7898
4815
2767
6098
5611
1965
6849
644
8508
5531
5215
7464
7900
2453
1934
3240
5842
844
8122
412
5477
8688
9782
533
4739
8659
1034
1139
4436
7709
2847
4906
8480
3078
3999
1788
5904
488
4670
3274
9739
9952
5488
9029
9153
233
6947
739
7175
9476
9269
4828
9064
5703
660
6984
2951
752
7198
4257
8663
2711
1001
4516
4154
7673
6370
7612
3393
1152
5491
581
2786
4991
1632
9974
1881
5022
7731
9410
1209
8704
8336
4250
9361
7465
7745
2014
1265
3661
7033
5049
6063
1098
737
4812
8784
6017
6597
5516
9260
4321
1148
954
1474
8905
1619
4442
7406
8634
4955
355
316
8163
7572
2974
6492
229
9623
4535
2503
6821
527
9745
6628
7315
1396
6076
4140
9418
6692
1690
7452
9931
4589
6608
4193
249
744
8264
5819
5725
8916
3055
8086
61
5185
4043
9314
684
3495
4427
4156
1206
1502
6990
5187
9900
4351
6268
8192
2815
3220
863
416
8241
264
1832
4416
7840
4533
5622
7594
4369
6347
7221
9790
3093
2890
9357
2440
7843
4704
8442
3262
9320
3555
2563
6751
1307
4839
3141
6061
4590
5744
3614
9345
1373
7117
4171
4982
9668
9366
175
4449
5202
5684
199
3100
3573
4829
4835
3980
408
5750
9331
5638
8013
1387
4758
6962
7542
9695
645
604
4035
5075
7424
9070
2536
7941
6311
7930
5395
8835
77
723
1854
3223
7324
3508
8157
2954
1609
9583
9715
9923
2667
7402
7759
6904
4764
6786
9264
5369
7836
3459
9388
9219
7079
4009
1601
3110
5021
2772
6034
9849
7050
6536
2747
818
5010
8206
7493
3130
9799
493
929
7959
5873
1074
2701
6175
6559
7057
9389
6294
9193
4357
9775
3832
5457
9787
9677
4921
8638
9165
3158
5060
8104
9206
7985
793
2522
97
767
4199
1113
8091
5455
8718
6040
8018
4753
3745
790
3504
56
8142
9894
3888
17
561
1763
1466
6027
3937
4788
7550
3862
2361
49
15
202
3796
2532
4971
9447
2226
8703
6682
4084
8624
6873
6205
1076
6976
2230
8808
6503
8771
7888
681
6109
5813
8272
7916
992
7294
7023
4747
5897
8473
5164
1409
7743
3762
4219
9368
5371
8472
457
5903
9087
7437
735
8358
7405
1780
6749
2128
1768
7648
5543
351
7300
2850
2246
9802
3700
4188
9195
4538
8430
1906
7192
4005
3698
4130
8862
4482
1013
5576
2351
9998
8337
1284
7061
4233
7029
8971
3283
9953
1952
7963
3236
6490
6169
924
4414
9231
5972
3640
4544
313
3009
6636
4891
4147
2556
3301
2761
2635
3741
1431
3563
9290
5281
1571
8140
7386
2277
6308
9794
3445
7495
9252
8922
1377
180
8725
1286
7071
4908
7203
5939
6435
2267
8661
9055
6569
7343
1000
3238
6392
8077
4155
2811
3173
3589
5227
5586
6153
2899
3197
8643
9302
5508
6639
5796
7711
9437
1137
6699
68
6621
6421
3498
4322
6162
6929
1422
2840
4244
2449
9761
6761
825
1154
6899
3734
8028
7882
9666
6118
9325
7661
6161
9515
7807
862
5090
9286
4026
323
746
6235
4347
2982
6480
1528
6795
6479
5954
2618
9004
7009
9842
8949
8459
4338
8497
2828
4363
6856
4034
6978
3167
2092
3989
9876
1276
8109
9114
8757
6808
5181
6284
9927
4411
2643
5589
9760
3076
9977
3533
1929
9509
3545
6626
1920
6530
4770
1008
7563
9095
4527
4805
6883
6794
4769
514
7320
4439
3958
8976
6472
5222
3703
1755
244
3239
6551
1935
4452
5247
1085
9062
9013
4108
5704
6974
125
651
1713
6955
7282
545
5573
6457
1136
8433
6227
3329
791
7377
8807
509
1685
7762
4750
3191
766
1380
2442
3244
456
3275
9341
5780
8944
8070
4790
3632
79
4587
8160
29
4842
7254
9831
2049
3510
5556
8977
39
7984
4691
6830
5434
5057
9938
4265
6399
1986
6931
8640
1667
6274
7144
2033
1924
6253
6187
9643
1548
1595
9934
2859
2678
6891
5405
950
2875
534
7229
9680
3624
955
1724
1888
6727
238
3405
6290
8614
3293
9194
8553
3667
6540
4099
2469
5000
3500
1550
9135
5500
4616
1852
2384
6141
2315
7700
765
3578
304
505
9365
1437
3145
601
2605
7389
6432
2418
4811
1649
3370
4297
7862
2255
1985
7362
9382
1635
3681
2892
1014
6336
6171
4709
9393
1027
1426
2295
7223
3922
7784
7407
9323
297
5572
9665
2702
140
9892
9421
8724
8504
9597
281
8040
4749
1047
6774
1627
8565
8384
3945
2022
2995
8730
2454
6331
4852
1268
1637
5419
5213
6184
958
9898
4419
3550
5625
8084
3841
9020
8044
8816
6815
7020
76
7411
5328
1471
6335
1166
1578
1346
2385
4984
242
7742
6197
2526
2691
6964
3456
8233
1546
2444
7514
2017
5407
5928
2114
531
7504
7214
3358
3082
3279
4985
4312
4356
4458
8183
8644
7775
9671
5996
890
4725
7936
3577
7328
6363
7913
1324
6970
30
6718
8839
775
9098
5827
6316
2668
2611
3662
9068
3728
3863
5815
8212
7341
2549
8485
5468
5279
1066
9091
9578
9648
5943
6374
5635
6256
2278
5319
7643
4086
7124
129
3602
917
279
6295
5665
9684
901
5828
3721
5263
2365
5661
4553
4081
7486
8800
2882
3691
504
1376
4596
3644
5597
5926
7559
5162
4434
625
8653
8396
8463
6497
31
3253
8969
7084
7337
5249
5345
9607
4766
8476
1840
7810
5629
3676
1948
4342
3276
7668
9356
4345
9217
9754
6436
2130
9148
4594
6143
3887
8664
9
9126
9836
5846
7201
2115
4098
1977
605
7617
94
7042
5175
3416
9433
4399
894
8075
1367
875
2247
3426
1882
37
8060
6045
8020
654
4269
4192
93
5961
6207
5776
5061
2719
7232
4929
3879
5862
2167
1049
3252
2187
2155
301
7397
8474
4623
1684
4948
7035
2623
2096
6721
9712
5224
7441
9415
1561
6437
8802
6329
4685
3515
2692
4622
1194
8386
2327
3015
3963
8006
5613
7632
7183
172
5745
8711
3152
109
940
9791
3657
6598
2463
7088
2648
1899
5157
5071
9461
1582
3574
4115
9141
1553
7136
618
3921
8088
9553
7765
5998
433
3386
7062
7649
5755
8152
9053
1318
2446
2108
2572
5094
7676
3051
1823
2662
8618
6468
9122
7636
5509
1503
5428
8867
2025
6792
1450
3435
1226
4256
3169
6156
6030
1114
7262
5183
4290
5648
3136
7865
413
6807
2647
1938
8859
9616
6055
3899
6616
6847
1335
4090
2588
1172
7606
7602
2670
951
632
8891
7605
5579
5365
9379
7167
1289
8094
7981
1304
5678
4462
898
8327
2494
3352
542
3241
9102
8320
4672
3231
9716
5493
6003
6449
4886
9384
2695
733
6442
7721
9009
7616
2878
6124
3379
546
41
5890
4216
4149
2726
6007
8197
3378
4671
6693
117
7887
6853
2210
419
9449
5637
2106
1272
4422
8346
513
5367
5718
7478
5584
1287
2883
5887
6058
622
8397
7126
4607
7849
5944
9669
6439
7196
1930
3503
9827
7288
4556
4285
8179
9172
5214
2019
5971
9914
4595
5490
3851
7633
2157
119
7139
4706
8251
2426
7107
7378
7125
6809
749
8521
6096
4248
7174
6522
1868
8136
7933
3429
529
3488
997
6181
2636
7165
4289
582
7083
9052
9959
1683
4974
106
1847
9081
1505
4076
7698
7380
7121
4441
7259
569
7080
5190
4331
968
1327
6136
7710
7429
6942
3452
9786
7718
867
1995
6539
795
6909
5350
5777
1227
7170
6489
2632
4333
713
9427
7719
7181
3593
4568
3789
6388
5112
657
4574
6951
842
7242
3825
8931
7792
48
6272
7763
4707
1905
4689
7881
1509
3034
4428
5077
532
7853
4627
3343
2125
6741
4365
1887
6244
1103
7313
6191
1506
4243
4073
1603
6985
6346
5747
2238
9798
8345
5609
6901
6476
4717
9436
3679
4443
978
6465
3641
8035
5885
3740
3987
2639
1524
1520
557
6875
7235
4291
4401
7372
7403
6149
7965
9242
1366
9593
606
2252
4639
3760
256
6288
6315
4277
5015
7098
3171
1979
6340
5564
556
3674
9305
7462
2430
946
1119
2360
5552
2150
3391
2439
2090
5306
9083
2685
118
5303
3993
9262
3767
9860
403
4541
4910
179
308
1369
1002
1893
2012
9691
4168
5541
3572
6254
1043
824
2905
720
6823
6900
1170
9834
726
3752
261
3512
7222
8434
8310
6508
4173
3944
9392
3364
8314
8555
8419
8356
6466
2479
5108
2507
1549
8170
8313
7872
5783
3972
585
269
7159
5899
2637
6542
3073
944
491
1749
3193
2722
8418
5619
4284
90
7577
8956
1249
478
659
7310
558
4927
5065
2086
7401
321
3109
9523
9858
1070
9007
3248
6567
111
4054
3670
7766
9983
6394
5131
2401
4292
4723
7747
7714
9591
9698
3792
5596
7228
888
461
1836
4038
2056
2234
8238
2809
6604
4174
7338
8739
1475
185
7137
3875
1021
3415
8066
1731
4744
987
1423
1020
3044
7658
8403
1199
7510
9895
364
8317
6188
620
4514
6292
4409
4893
7013
6130
803
5626
6603
6445
7219
9285
9287
9634
761
3308
463
1885
5844
2917
7597
5342
292
1688
1274
3777
661
5982
379
2872
9810
8153
8228
6908
7072
3761
2674
8600
7998
5351
9590
2066
4912
7771
1259
7006
6882
1112
7582
8299
2432
4654
2488
9439
394
6640
5960
6549
4996
9329
9025
5977
5401
8682
309
5402
2496
6084
2078
2485
1565
46
2353
1949
8522
6072
5986
947
1494
3558
3771
8573
5727
1127
8518
8879
5099
9764
6368
5832
294
7423
6712
2740
2242
5655
6281
891
1518
5917
3950
8585
6427
5416
2842
6519
9134
6333
8608
8532
7491
8579
7145
89
4408
4534
942
4875
369
3385
1283
8441
2774
3204
4328
5497
5518
4223
274
1816
7796
6694
3997
9915
5334
4039
2411
5452
498
8489
2889
3813
2945
8000
8874
3219
2550
4965
8422
9888
1358
9600
7907
2791
5129
5318
7375
8760
8925
6838
9266
6101
7964
2408
7782
4789
1269
6351
2964
8945
6650
454
8948
2793
8350
2080
4083
7609
5051
2339
1554
402
3476
5561
2435
7027
5669
1418
1493
6259
838
7467
5691
4810
3543
9483
1871
2307
7638
8301
9495
326
5373
8256
7325
4049
5522
6129
7549
1311
8481
6936
1522
5519
1357
5055
6475
8511
8889
9434
3623
9747
8106
783
9121
788
1331
4017
5444
5843
3140
1774
1926
8186
5195
1079
7359
2991
8324
3836
9008
66
7506
6765
6372
2836
1877
1964
2764
1991
2042
9040
3580
1313
2983
3606
5201
8271
6122
1178
5105
8590
9360
375
6425
1190
4423
9556
1720
3805
1568
5705
6048
9493
9010
5403
7552
38
1850
663
6334
3719
750
9848
28
8466
3408
5816
8870
1004
2179
502
3400
4716
8750
6210
3085
1955
1824
43
3535
5964
9123
7471
686
7218
7217
4320
5569
3787
6768
6255
2387
9970
9295
7169
5942
9584
1584
210
8348
8387
6223
9063
6653
9207
1258
971
2625
7869
6804
7332
7750
7613
3116
8606
9694
2434
813
1270
9050
8156
8599
4917
2885
6620
7780
1069
8720
994
2166
4279
786
3839
3820
3434
3710
2149
9440
5336
7809
3384
4961
3943
1378
8569
1653
6488
9482
5540
4023
3939
423
8302
9024
1544
4599
7014
3590
8996
6965
7081
1914
1551
75
8794
6433
9159
7584
8978
4390
5905
1233
3501
8713
2362
2700
3781
9969
35
3785
420
8111
2861
4843
3969
7356
167
6723
8110
887
5385
2192
7195
3753
4053
9474
9213
4508
8334
9348
9104
4456
4459
2269
864
3410
2931
8981
5372
8488
8556
3154
5733
8562
7168
6683
8947
8359
7322
1093
4114
8102
3585
6413
7729
5653
3394
5387
9767
8527
9347
574
3395
5243
6960
7425
5040
5292
328
3613
3938
9187
9688
4846
528
4378
2813
2189
6324
5294
1379
4323
6534
7890
8620
4930
494
2913
3062
1661
322
2713
596
8338
2221
5
4501
5004
3672
6208
53
4958
9675
8970
3658
3724
841
8961
6261
960
8853
1405
7065
6032
8124
3341
7802
9211
5011
2319
4894
7384
9676
6851
8710
7873
447
3949
1866
7100
4139
6945
9859
8551
8059
1038
8
9855
4132
1032
7993
289
8382
8368
5456
9411
4340
4334
3712
4756
4107
4319
911
3718
276
6778
1583
1872
3548
9257
6400
4638
8940
103
9601
3214
5818
7032
4150
2631
293
9444
1157
3594
8090
3904
4731
8993
1368
6656
2028
9962
8552
570
5830
3756
3615
1030
471
5628
4367
703
2002
7631
4500
1247
9979
8838
4713
1202
8073
8297
8829
2998
8819
484
2801
173
6848
6760
8564
5918
7925
1003
2518
8546
4282
7209
7155
7814
2233
6590
9340
3430
2476
96
360
3094
6526
1176
7421
7547
1873
5855
2123
9960
5169
3229
497
4798
9038
5235
2118
6871
7988
19
3254
4305
3079
1245
4975
4429
3355
7017
7858
5785
3645
4050
1277
7863
5801
7456
4655
9524
3626
7842
9012
9349
7153
3817
2969
2104
1815
5565
9954
4858
8933
2593
4492
8574
5383
3407
6491
2953
7558
5592
4111
5600
7371
3600
9642
808
6306
3402
5009
395
3046
8791
7361
9692
5255
1087
5708
1165
2240
6818
8842
2354
3697
7096
763
1862
4937
2227
1169
6242
9450
6502
8188
2461
9332
3951
365
6991
3506
1326
3113
4089
4181
2820
1118
3526
4094
3892
8754
2966
4833
1162
6613
9017
1587
2733
8404
6605
747
262
3881
8003
7147
9576
6444
9830
4956
6460
3302
1514
9272
1516
1880
2126
7977
538
8584
587
1219
2129
8803
7087
5717
2800
5527
9853
804
9528
6092
4941
5742
702
311
6697
7924
5857
6000
7526
4915
3688
2297
3967
3297
8218
8475
6764
6004
2659
9844
1096
4536
7693
8810
5880
4315
4446
6386
1891
2075
1721
7142
7686
3952
3966
8195
1911
1031
2731
4329
9125
3877
1560
616
2622
3815
8610
8032
3467
4268
7152
2062
8217
7352
5893
5234
3246
8341
9662
9581
7445
5311
8934
3103
3812
5358
5605
7479
4487
2937
2286
3264
6251
7108
3837
2506
3828
5723
8458
9166
5514
9770
693
6485
5795
5794
8615
4430
8161
5859
3859
3974
7834
633
2143
4702
9869
237
1057
4566
959
8680
1687
5993
4502
7436
9265
5257
782
9930
8049
5443
4618
1204
6763
3265
3347
6422
1606
5029
3716
3203
6935
8782
7501
7208
1781
3932
6010
5908
7284
5494
3588
367
1205
9235
7505
9993
8158
8209
6861
8795
7910
6583
5860
6745
8108
6686
5803
5869
7461
3218
4543
6471
4102
8490
1392
1445
9537
4754
6103
9619
7326
4784
9190
7001
1746
5538
6414
3133
7018
8416
8753
215
8578
3930
57
7893
5487
4763
5338
2680
166
589
2615
7367
1902
9877
7976
7370
2869
2544
8965
1564
6201
347
4281
2322
9400
3569
4222
9173
4904
3795
3838
3532
599
9882
1795
4194
312
1359
1315
3896
5137
4393
7805
2577
6464
7912
7166
3168
8547
3389
909
5074
6160
178
6913
4146
7530
4760
8296
9678
3955
5070
9377
5091
8164
559
3759
5471
823
8294
4283
5360
7871
3165
8385
8604
5510
5359
5322
2386
6672
8151
6042
2089
8686
9142
8537
2407
2589
8469
8495
1116
3014
4772
2812
2803
7349
1267
7481
4135
5388
7236
4466
8269
8938
5288
468
2972
5400
2406
1960
5451
2405
3833
82
6579
8822
710
3369
3525
5681
9929
5048
9758
473
1192
1467
5312
9181
2777
1623
5237
3936
8213
4936
8436
6824
5630
5728
580
6180
3026
2660
3024
7634
2763
9851
3091
5107
3882
9655
2579
8960
5650
3531
6846
2904
9407
9016
7314
5685
3542
5641
1299
519
8676
4418
9924
3346
422
6755
72
5233
1657
9755
6690
8855
1185
6276
2258
555
1962
3001
3354
4485
4703
8335
1097
1806
3607
6783
4660
3924
4104
7653
3487
3656
9806
6523
8732
5784
1089
8249
3809
8052
5240
6209
4529
3934
5047
6127
1894
5711
9545
9866
354
9274
4878
5808
9699
6150
5155
8923
8515
8994
8641
8830
4777
33
6819
9533
4058
7303
4510
716
6855
95
3258
8583
1448
6345
3908
9789
7671
2413
7127
1557
1810
1828
9380
6543
7473
590
8361
2493
6199
8173
7330
390
2174
1536
4557
3124
8698
5789
1424
1918
7861
9854
3097
1052
9981
7010
5442
4175
4986
1322
1438
122
7021
2371
4080
6078
4911
3177
4517
3791
4143
4554
2139
141
8852
4953
4803
2259
5970
24
1460
4652
2630
918
1869
5317
1707
6619
2978
481
7932
6326
8370
8428
381
7488
3194
2704
524
2857
641
2102
44
913
1750
3458
3314
7595
2248
756
6744
1723
5999
3683
9714
2785
2527
5101
695
3392
1023
3814
298
1537
6594
9146
6828
9167
1007
7044
5980
2516
4060
8041
6068
6498
577
7435
2938
4052
2388
7778
9637
4151
1123
2838
2196
8804
6293
886
4127
5851
995
407
5089
3118
3479
2171
2136
132
1545
1177
5580
9804
8275
7024
3964
6395
530
4426
4217
8649
6025
1944
2955
9420
1652
3702
3414
8837
5073
662
4995
1849
6049
5408
2510
6369
9239
4545
6698
6195
5929
2782
6278
5390
853
9873
3840
1208
240
1495
1993
935
4148
284
8409
5682
1092
8194
5624
2952
2021
6684
7109
4440
8235
1668
9263
1482
553
1691
7468
3035
9621
4385
124
5149
7593
1109
906
3469
1957
3388
6852
7820
1470
4335
6938
4740
8863
9088
8322
9901
40
52
4353
1239
7502
7917
8116
4457
1102
4184
7104
9777
3650
3874
4373
712
4814
4205
2009
4389
6622
9426
4468
3081
8061
4191
9359
216
3234
9390
3049
5941
523
9613
7646
518
6627
7469
3598
2728
2936
2137
1234
7652
4101
4525
7103
4841
5773
5674
6507
5654
3599
5743
64
6102
9649
6670
2064
5440
3513
9306
2294
3850
2402
3280
794
922
9850
444
6775
8856
8567
6533
3304
9659
7263
6820
5327
719
7756
1789
1390
8894
278
8628
6927
1858
9117
8695
2529
6299
7279
6805
1715
9168
9606
3971
2929
5963
3451
5850
1488
4211
607
4259
4480
4531
7487
8306
3591
3737
1056
9736
212
2337
3454
3541
4045
1436
4512
1907
9702
8911
9896
4027
443
8214
6024
8572
8998
2766
3914
3894
9399
5417
6705
3201
2616
8779
2595
6777
6655
9720
380
9724
8888
4687
3266
5752
1068
3819
2416
398
9751
70
8983
4959
5236
6218
5732
5037
86
2963
3946
83
9624
4350
6642
5523
4486
2961
834
6159
2933
4888
4048
4484
2004
7189
9307
8043
5506
4620
9107
1065
239
7674
7728
5482
8131
8939
6120
8639
3332
6511
5056
3427
1453
9218
6350
1341
9771
7640
4612
2655
359
3307
7151
5499
7960
9693
1696
6322
4126
9551
9079
8392
9256
2896
5539
1257
8279
7815
7588
7645
9109
7053
4024
4461
8100
4383
2888
2839
1744
253
7892
3464
2752
5221
2279
2203
9717
2810
6810
8064
9947
1547
6742
5475
4732
9797
5245
1323
7482
2750
6829
9536
1492
6535
831
4118
1279
8554
6879
6212
3233
9435
1198
8926
7604
4238
4030
5807
3919
5156
3489
3361
5804
357
4381
6994
5687
682
4182
6304
4509
4263
6373
9203
2584
5652
2093
4804
6447
4264
5225
6202
5754
1766
4528
5567
6814
9729
333
6482
5927
5421
8319
4208
7657
8530
2368
3016
7992
5957
387
5289
3866
7761
9372
1535
1491
8846
8207
2029
3583
6897
3612
8770
9635
2065
3334
5949
4701
3483
4610
1241
2131
9910
330
9738
8259
9097
3852
5218
3273
1515
6730
1214
8220
411
3776
18
1158
458
4768
9971
6675
211
6275
9428
5409
2048
3159
8278
4267
6532
3845
4405
8912
4022
6954
6380
5952
8932
9220
7368
7974
8208
1596
6385
3190
5909
137
537
438
6803
1246
8305
5950
2068
1131
9032
814
7920
3490
3004
7589
729
7390
6360
3651
7296
371
9275
4032
9254
8507
2152
7418
3885
7608
8765
5504
5132
6557
819
8460
974
855
7968
649
3666
8342
4376
9351
7868
6364
8955
7225
5512
3854
892
1532
1660
5267
1317
9521
1145
7776
743
9713
7247
9769
6776
3206
6800
3365
4082
7292
10
4133
9937
7171
5511
8016
3609
4883
730
9267
6348
7678
2597
6906
9466
7447
157
9149
7388
8539
8287
8096
9517
1062
7637
5835
6291
8968
2367
5797
6182
9520
2987
8806
8790
7268
4366
2305
3978
1747
250
5179
9118
3319
8479
2649
727
7564
3431
314
8543
1312
6917
5346
7180
1196
9554
1372
8205
8818
3243
5636
5278
8400
5758
3727
2268
7978
3446
1552
1966
4879
4318
5809
9518
4561
4066
1740
9703
9843
4630
8681
8744
4967
8966
2676
7545
1973
3330
2585
8374
1060
2148
5064
241
8417
5709
8304
956
1262
6812
3216
1629
9160
428
1108
2366
3008
4170
9065
4999
4273
4919
937
3390
2478
1217
7701
9196
2944
9381
7852
349
7297
9288
2074
5398
9192
685
4079
6840
9781
8560
963
5973
3788
6243
1019
3655
7432
9191
7034
6799
5264
4604
1183
9336
1077
7580
5375
3551
8700
1361
3778
3704
410
9489
9280
4809
2734
9618
8448
2260
8261
7830
2414
8792
5333
6051
8595
7077
6353
2020
226
9820
7994
4864
4300
303
7948
6637
3419
2172
1042
8637
74
8668
8265
5643
2578
1386
5039
2606
7738
434
1656
7000
3864
1916
8696
722
2059
4688
5826
1923
5620
2831
4341
8510
3834
4773
4650
3376
6225
3521
800
7511
2003
1184
9092
6163
7804
2530
8726
1621
1786
2154
6478
1647
6260
2855
2070
7212
3292
4153
8693
9417
7548
4044
4431
7877
4071
4072
9867
7538
4837
4583
8526
7476
9413
8895
4762
5016
5186
2979
4207
8708
3263
7896
2628
4726
3652
8878
3331
8365
1600
9258
4469
3114
7650
4158
2546
2398
5361
9594
5394
6671
2754
3371
7305
8943
5397
5987
9057
3485
7803
8759
5896
480
4002
5031
9730
7449
4884
2475
8645
4647
2046
1285
6688
7768
4067
384
8014
5545
827
781
9144
3560
4445
6837
5141
7400
8132
4853
5412
6234
9367
688
1348
7220
2960
5583
8118
1497
6282
7574
3372
8679
5302
1718
6487
811
9973
183
9632
4832
3065
4213
9467
1232
5876
5700
6147
9801
7415
1654
8072
8930
5737
5686
1231
7783
8737
8821
7874
8250
3523
5140
4642
5226
4433
6332
3774
1126
1005
8248
9916
1819
4298
1752
4608
7394
3491
4106
7553
6245
7656
515
526
9647
9909
1767
9942
4493
8962
9261
7822
4400
2682
628
1666
4807
5651
3665
2977
7082
8738
4451
8232
6920
3687
9180
3889
9339
8456
1398
2224
366
2868
6183
5062
2010
6566
6265
1745
796
8903
3509
4165
1487
4064
6863
8972
9409
5274
7970
9161
3207
8609
7490
2996
9078
5995
2555
1200
4214
4714
2051
4262
6924
7835
9385
6450
7269
9670
9539
9072
7651
9183
5298
8642
871
3808
9048
5481
4968
6996
5252
8174
2433
9644
6362
2985
2323
6033
2798
3261
138
6006
3151
5026
1807
9034
191
3738
4495
7025
187
9132
2225
8138
120
5924
7560
4189
1837
904
9163
9640
4693
939
7381
5501
6573
9845
4296
8146
9442
7003
9268
1959
9111
7777
3829
3040
5410
2346
1305
2822
2370
2851
8318
8576
1328
740
8011
885
6082
9164
3886
5837
2576
8343
5763
4355
5114
4425
2824
2940
7581
445
4359
4162
2548
7076
7363
1388
3019
973
631
8657
9838
36
612
1463
2176
597
9681
650
3002
6806
9105
2870
121
6779
6408
5734
3868
4364
3584
868
2183
8353
9696
8190
1292
2553
6177
8451
5191
2973
5555
8832
7113
7884
5078
2705
1669
6831
2817
3089
820
2789
9667
1686
1147
764
920
8836
8575
3450
6949
7376
5086
1580
6008
5606
753
896
8025
969
8300
3717
8896
2920
4674
4029
2768
385
2677
7213
1432
2634
4113
7351
2340
4124
7416
7239
6788
3403
3088
1953
8274
6841
2614
344
9996
9402
7022
6193
3620
5537
7539
2313
5228
4136
711
3941
1083
7191
8103
6574
1044
7085
7586
6971
5778
7089
1981
8024
6870
1454
6710
6041
6053
6680
4177
9116
9234
7769
8924
8768
4201
4684
8244
4634
7041
7248
9464
6022
3571
5814
4360
3160
1308
4947
2378
9878
1253
4827
7207
5831
3247
2424
1758
9562
8007
3977
9596
7541
3202
7667
6060
3956
9541
8483
9289
6572
6606
8501
3482
8395
8097
857
1510
1760
6959
9582
1736
7355
3021
4470
2538
3006
6214
4696
3507
1086
1709
2007
6105
9139
6827
3472
8986
1700
59
4759
2528
8860
2941
6801
8858
2619
4641
866
8273
1716
5566
972
8187
5615
3041
7670
1703
2309
4301
7600
6708
9259
5925
2193
8936
3306
331
9943
1800
6097
393
1542
8921
8484
6375
2288
7786
87
7068
7289
2992
2729
7483
3973
3095
1913
5822
3053
5154
8881
8201
4970
470
3018
7387
2441
2755
7067
4
2044
1969
4358
5810
6145
7160
709
7889
1719
6881
8467
3256
4117
4195
8240
8709
3058
6577
7642
602
9494
5068
1135
9327
9672
603
2912
5368
8929
7451
9014
5450
4479
171
3322
7439
8999
5295
6661
2814
2298
4522
5484
8748
7851
4976
105
9408
2054
9378
6527
996
7854
678
9526
3947
849
3595
5945
1523
2036
2301
4625
817
539
3271
9664
6850
8692
9282
990
7818
7047
2600
435
9984
8026
7883
1759
1011
2627
5362
2147
6555
9322
6703
3783
999
1465
3080
9757
2317
5805
9162
7824
6541
13
4649
2427
672
4733
3984
7827
5649
3520
8332
9462
7256
6811
4646
9255
689
2293
5713
7312
6981
3625
1339
5172
1414
436
6014
2438
1605
6706
8394
6724
1303
4903
5275
8010
1933
6921
104
8827
2748
8706
6459
848
2464
5389
2072
7398
307
4227
5030
2306
3072
1895
8255
4404
8027
1364
6934
272
1566
3135
7216
2573
6610
1394
6330
5847
437
6239
8168
8980
8288
8039
8727
6080
4424
1811
7237
8622
2656
2417
4586
9673
2646
1129
7131
7655
7934
2244
8990
9660
9604
214
1352
4669
9658
6104
4933
9749
3720
2341
7664
4708
8813
8721
2644
639
675
4388
4823
748
3524
6501
566
1936
3799
1708
3530
2249
3059
7732
2257
8885
5414
6381
1742
4637
6155
2175
8715
8282
902
9224
2310
9811
2420
7070
472
1302
8671
8549
4042
6747
6285
1417
9625
6410
1614
7287
2708
9587
7477
196
9778
8907
2314
4613
2008
3905
3915
2110
42
6493
7630
4377
5633
9414
9531
7298
4344
4755
2509
4873
3003
8429
7774
7347
342
234
5266
877
5339
2927
6086
7140
6825
9824
4395
828
26
3995
8591
160
6793
8414
3954
2039
421
4575
7794
5882
6537
5875
9475
8112
2425
595
8379
2023
8076
389
8958
5473
5861
476
9044
3311
9452
7707
5953
9939
982
5498
8491
3077
8169
1594
8538
9251
5127
9030
305
7751
4877
9136
6065
4506
2638
2120
9796
9018
7529
3517
4728
7185
9987
339
7056
5884
7261
881
1620
7956
7727
4658
9841
6963
4551
9301
4559
6139
7265
7524
643
837
5316
5593
9819
3267
8613
6237
4402
7591
9143
1738
3565
1725
5489
3398
400
5765
9398
4997
9639
919
611
8627
7692
1829
6434
9982
7787
965
1385
2613
8253
404
4166
358
1646
1461
7496
3466
2959
8380
486
7060
6674
5282
6327
8283
6099
2031
7682
5347
2524
8677
1484
5343
8570
4872
4571
6310
3826
6657
3056
8687
155
5366
9096
5530
2159
4720
728
2325
3486
6676
6711
9768
7578
2797
3268
9994
1017
4972
5823
9870
8054
9232
6773
6029
4225
1427
4808
6593
2621
209
3443
2932
2895
5069
3149
9548
8793
4059
9955
5012
6039
8596
9035
8500
9795
856
9656
3692
4712
1363
5063
6652
6739
5892
4851
9486
8193
47
4200
299
1281
9525
306
8850
8224
1655
2741
8222
8229
8728
9826
4278
802
7795
4800
190
1342
8226
8015
2045
5891
3907
9780
970
9249
1407
2437
5585
9221
9394
7058
2113
123
1345
257
4920
9276
2780
8420
7806
5632
6582
9186
1215
2609
2168
5163
5182
5913
8811
6378
5111
2671
6016
6303
5211
2673
2684
899
1016
1244
5557
3646
4562
8540
1855
1155
1035
9574
8914
4218
1988
7666
6325
1613
2144
9926
7430
169
7740
5066
5800
7556
583
2898
8605
8719
4802
6948
5858
1370
3709
1694
4776
7566
7753
9277
2158
8113
1945
5502
2412
9653
780
3528
6666
3860
174
7823
1717
6409
4145
6952
1171
8592
3705
3782
1478
7273
5756
4252
6731
5135
7012
6473
7420
923
5203
9585
8747
4311
4867
2468
6419
7660
1980
5680
7972
4781
2084
4249
708
2560
3105
2452
2746
9603
2018
3174
5453
5079
6213
4069
2654
4874
882
3494
8477
9750
870
2871
7119
3519
9544
34
6452
7448
9498
3654
4801
3478
2594
448
2481
5429
1939
5321
1748
7333
7793
4020
8586
4103
2422
8357
5627
9184
1316
1447
9490
2055
479
3988
9913
4938
3045
5356
8951
2304
9310
1698
4240
2103
6600
6968
6021
4838
8967
7031
2474
1818
5520
5578
5786
2100
4119
4600
4187
449
3368
5748
895
9362
4019
2140
4679
7308
4109
3872
8886
6832
9500
4987
1598
145
6056
1391
1455
9205
2860
6002
5601
7095
7901
6762
567
3497
5296
8008
4992
7812
5454
2209
3333
4001
1298
5774
2450
6552
6618
7850
5115
4212
5152
7554
1243
5357
7905
7238
2990
8866
7987
4532
4569
4738
8625
4348
9721
8280
7503
9479
9940
1838
2694
2216
3107
6813
5526
2483
9330
5189
5710
5967
3617
6277
3321
5253
6615
1429
1350
6356
9821
8036
4093
8952
9686
2906
7737
8389
5821
1458
8799
4121
3804
1413
6979
1443
8723
266
8058
353
4397
2272
1024
4254
4909
8263
6588
772
9932
6802
6287
9825
9299
1679
3328
6998
3068
5907
2470
143
769
1695
126
9169
3069
4036
9628
1433
7534
3339
1389
4993
6050
7499
496
4892
697
7293
8230
3162
4549
7625
221
4280
51
8797
6319
5325
7950
9460
6737
941
2994
1648
6787
224
4210
7906
5966
7211
3423
544
7
8243
9687
792
7938
4678
7045
7904
5425
2566
520
5707
8780
7037
6280
4597
7523
9499
2837
9228
9992
3028
5209
1543
6216
9620
988
8844
1650
6602
3884
4694
1403
507
5023
4840
4308
4144
5032
114
1088
6836
8055
1618
6463
2591
7162
9315
3029
9661
1435
5870
6919
6926
9968
7055
9485
7111
8789
3773
4092
2276
3284
3037
7801
9697
8119
9465
1325
3554
3749
9237
146
2032
3998
9978
7138
2738
1728
4826
2127
7532
9783
4231
4681
1630
7442
4202
1624
4606
7434
5354
5446
2208
7250
5981
9041
9210
5802
5122
1383
3448
4025
3986
910
8009
3847
8053
7494
560
1143
8401
1533
3871
2119
536
5133
2807
8165
7396
6343
3070
2511
571
8383
1156
164
3295
6707
5594
2163
9685
8037
1338
5184
1512
8017
6189
4261
6520
5740
6695
8426
2502
810
1817
7622
1479
245
8162
2557
2462
7135
5110
9093
6770
3748
1901
4791
4056
5840
1250
3345
9510
1421
2403
1151
4379
9061
9110
7399
4686
1540
5697
5930
9543
7914
7846
7684
9350
9599
268
4626
4325
4737
9759
9557
2099
8707
2053
6044
401
3883
8311
409
614
975
6746
5479
8901
2302
5420
6531
9890
1481
4922
5900
2687
1792
4577
6977
6486
5931
1180
4741
2910
2737
8227
6867
4004
2038
9918
9248
4819
7999
5025
4981
396
6691
5834
3960
1586
9049
3226
1889
4700
4682
1940
5143
1692
6157
953
9204
4746
5759
5324
6685
7026
3784
4236
1293
4889
4242
6164
4314
6643
1574
6403
1976
2981
6377
8987
3350
6420
2658
1010
2596
1329
4186
4752
8159
598
6270
9137
8729
2508
1865
734
676
9145
5997
9809
1576
286
451
7746
4692
667
3313
6860
7712
6091
7283
7323
3325
2521
9609
7115
3315
5829
2111
3155
1644
9936
9813
2215
3742
5125
7252
1851
8175
5045
4940
964
9512
2988
9908
5990
8678
4497
6066
926
5588
7717
8875
6240
7457
3800
8388
2498
1831
3340
4668
8520
6641
8482
7797
3587
949
3031
6126
8081
6297
7048
5968
4591
6992
6474
3678
8432
7757
3299
7091
4122
2182
6320
5352
6756
4085
1538
629
9542
8843
9972
1061
6874
3976
7132
5285
1336
3075
6578
2206
5974
6662
3925
7141
243
1456
2965
6933
9071
3754
2830
1382
2320
2400
516
2880
7459
4988
3455
5726
376
3821
2533
9991
1897
3367
2624
2562
6406
1778
1975
4593
6916
4374
679
453
361
4260
5340
2421
7716
3876
2040
5679
7958
8114
2473
1430
6095
3858
5811
9480
427
7942
5676
2415
8776
1830
3143
624
1499
2947
2177
310
8851
2101
3232
6607
4324
5138
5587
6740
9212
9033
934
1625
5422
8496
6558
8764
5984
1631
8083
6289
6217
9006
4662
522
4555
1036
4806
8629
865
362
6258
2487
2122
1360
2328
9209
6314
2827
839
1898
9391
7485
4615
8992
3222
1133
6677
4918
2212
2745
4719
9245
3017
648
3294
8292
2540
9571
4015
5554
699
7428
7800
3047
6547
5126
8493
5092
4476
9881
9626
341
9278
893
5825
5738
131
7382
9383
7274
5513
8598
9059
7611
3689
1974
7825
9031
7568
8873
2204
5130
8942
8542
440
4617
4391
6387
3418
9530
718
3221
3
6367
1999
7990
700
4375
9047
1468
80
3217
8126
3255
9961
7339
107
3000
760
5008
5117
2245
1271
3342
3071
2169
1971
3125
3120
3281
7470
8674
8005
4651
1071
2087
3025
9355
9246
1476
6930
3758
1107
3131
8854
8953
5265
6601
4286
1237
8647
1319
8611
6989
5938
8650
9313
7596
4326
4065
81
1917
5199
2352
9298
5128
22
1397
2721
5951
429
1927
2863
4621
1101
4003
2356
4547
7246
4507
8775
8857
1673
2292
6521
9075
7474
189
290
3775
5465
2683
9950
552
9946
7358
5902
4505
7969
5521
206
1651
3897
5923
2109
5381
1856
7819
8457
3148
7517
8468
1075
5610
1805
4675
9253
208
220
2333
6957
3449
490
2497
1504
9457
5688
1628
3406
3970
267
4609
8937
3011
5716
5194
9502
777
1732
5001
4241
9728
2887
8391
3181
7492
7540
338
25
3540
805
259
5430
8148
7049
7383
3647
7226
6750
3975
4950
6817
9353
3669
6771
5994
5217
6629
9733
3286
7880
6173
5244
9022
6321
8594
2580
4394
6895
2482
3637
2926
2457
905
1203
6553
4198
1529
5331
2844
8284
1242
247
1676
7040
1900
1820
832
4159
9805
5258
4844
1903
1207
1706
7983
5865
5262
7178
1160
3166
9833
5399
8672
1951
2551
4643
6192
8289
8200
7945
7443
2781
5657
6648
165
482
9763
4294
2765
116
9208
785
1874
7074
3996
8568
150
1290
3188
8984
9369
3835
3816
5472
7647
1058
6510
6461
6179
5305
7513
4239
3237
1797
4343
1452
2343
207
6384
540
5553
2612
9753
4855
2381
7016
2698
4751
345
8074
4327
7735
8135
4869
6152
3260
3373
6651
2970
3192
6443
7008
426
4000
3901
1163
9085
925
7957
9503
8989
9756
588
2808
6168
5766
5170
8612
6424
9273
7321
6538
859
550
8087
5277
2443
9397
2642
8449
3179
8093
8589
1153
5052
8450
6481
2436
5647
840
5058
2554
6067
9120
1451
5547
195
1861
6575
1321
1848
1534
8260
3360
4977
4087
4734
3699
6975
9765
9689
7064
2512
2358
5793
2865
7885
8892
7610
3849
6752
2567
4657
5283
8204
7587
8909
5912
7779
147
3786
5081
3677
6236
6117
4585
5806
1909
1022
6546
9614
6401
694
4515
8619
7570
1189
7741
7715
5671
4944
1867
6071
9891
3779
5246
6352
4745
4131
6359
6835
7301
4447
2185
8685
4112
9506
2229
177
8950
879
2199
2561
5962
7413
9324
8134
9131
6644
1556
836
6342
2321
2326
1174
3848
6305
2853
8582
3663
5106
1486
9170
8144
5976
3119
5287
7811
5168
8531
7522
816
6495
1420
2867
2759
67
4255
9115
3480
50
5102
5293
3317
755
1946
4246
3733
1970
8781
4990
8326
9133
1288
5841
2776
1248
6983
2918
8245
6357
4435
2956
5533
8869
3257
6717
3063
9595
6110
5672
9897
8975
9752
7260
2592
1591
5432
3743
6298
201
3917
7234
4653
757
5591
4096
6614
102
1876
3557
6866
2716
674
5309
1197
113
3176
9002
931
9319
9522
1942
4380
5118
1801
7453
1028
388
6798
6249
8453
2499
584
7163
1072
1602
1577
6580
9226
3052
4295
3940
5270
8376
4742
2142
2783
2907
5849
7947
3183
8050
1026
5193
1048
7215
5731
4046
8741
1910
3982
2749
6454
1399
2825
4598
7955
3336
2265
7621
5812
7063
6119
2769
1658
2201
7156
9279
3928
8099
1343
1041
7319
5082
6504
2537
2997
9967
9734
3210
4817
2332
541
5374
2574
7659
3474
5895
1141
2958
2501
4695
7073
8254
5634
1835
5542
8478
2146
4664
6679
2858
2607
5391
7748
4661
2363
5958
2026
6390
4946
5645
5696
4782
7489
7304
7997
2923
3048
5431
2599
8828
3104
6198
3228
1956
1883
2846
1741
7244
6617
8390
2640
8820
4074
4825
3042
3891
7691
5478
6317
1037
852
4251
2041
3356
8898
1439
8437
4602
2097
6132
5098
9514
8407
6548
6389
3401
2534
1266
2891
1593
4134
3633
1958
7360
4384
6108
7817
7258
4444
9069
9572
8034
55
7989
6505
9719
1963
6633
3961
9907
1641
6393
3137
5915
3086
2856
5376
4498
9456
6064
4519
2620
630
7353
1987
219
666
6089
324
6411
2706
5751
6986
6178
2207
6987
7417
1896
8423
6264
2914
7271
6599
9690
1375
9086
9199
2709
3170
5307
5562
9563
9344
725
6912
4793
5480
2024
6203
2287
1371
6047
4644
6928
2000
6893
3288
8438
2156
3635
5532
3066
5656
6584
1734
4483
8002
7193
5254
7472
3212
2570
9130
5914
9200
7272
9610
2900
3983
2178
4068
7982
161
2873
8655
3027
7197
6843
4209
2373
1365
736
5659
1833
9682
3711
1055
2447
3440
5271
1884
5852
1793
6973
6869
4567
5668
1932
1581
2525
6250
8561
5782
4370
6031
317
3638
6988
5042
5427
6018
843
1825
829
3929
2519
1671
8928
8499
7344
3285
9477
2001
7224
9920
7241
2345
543
8465
8541
2894
6702
1787
372
9788
7902
9074
869
8864
2583
8137
2223
2736
5435
417
3374
3030
3824
8701
617
8963
3831
1943
4857
2833
8823
8471
3349
2057
2564
3180
5206
3694
8731
610
1839
2399
5464
4563
8056
9416
2575
9318
5104
8344
7161
2331
8954
9559
778
2374
8705
8071
623
3566
3108
3117
1395
7713
1589
1063
6229
8694
288
5462
5087
3547
2689
4463
1444
8098
6876
9630
9865
1521
8529
2237
3755
3397
4455
9674
1140
7808
8042
8603
346
5551
6073
2112
4235
3685
2901
6728
151
6257
7703
3648
2568
3581
1857
3362
1282
3296
6382
9580
3010
4794
707
6544
2690
8143
4775
6451
7281
6404
4270
5204
3564
1697
8257
3857
4973
8286
2784
3032
880
2876
9817
3129
525
8107
63
5269
4847
1782
6738
9106
705
3245
2790
8834
2806
4499
7973
5507
8626
9458
1994
8824
9912
1340
5701
7821
5171
5363
4848
7739
2770
7122
8177
1879
6230
5550
2094
6822
7257
6036
4558
3723
7458
5251
1314
5932
5779
8062
8623
2124
7946
2098
9127
758
1489
7184
9108
6038
6337
2151
2181
194
9958
9856
4677
3618
5113
1672
8470
1616
741
6233
576
6263
7157
592
1562
4998
6379
1168
7431
1278
5139
6759
8699
2884
6958
6358
4881
8755
5623
6623
356
3324
6412
5534
374
9363
5196
6834
6878
1150
1662
8566
6715
9868
1730
8393
5989
4779
2382
6146
5485
6961
9902
255
9150
69
1223
2261
8735
7908
1095
636
27
770
9636
8315
1104
5231
7364
6589
9046
554
4861
6059
3953
8787
5439
6880
7276
8069
568
3178
7059
4648
8502
7410
6758
7295
2720
7043
5205
9504
2116
7280
2083
7620
4368
7173
363
7255
5392
2665
2484
9424
3484
3844
4592
2513
9463
7996
3348
1045
4362
9990
5979
9309
399
8171
5757
9386
7943
5348
5304
9316
4979
4406
1769
319
5775
2369
2818
9704
296
8571
7484
5495
6858
2256
8667
5208
5144
8101
5988
9575
2986
3436
1094
5721
1261
9828
640
562
3098
4110
1039
3793
4169
4943
8749
4666
4332
658
812
2316
9128
6872
2829
4628
3923
5699
1228
5741
6796
6576
5910
9451
2324
578
5142
3012
7781
5326
5423
653
373
6888
1477
9304
6204
7857
91
1411
7182
2448
5219
2520
7618
5121
170
6910
1989
2565
7264
6366
7365
4275
9552
3546
4307
4220
5024
5535
352
5041
4258
6113
8509
986
9094
8080
521
797
3549
3366
9928
1912
2823
7897
4963
8130
20
5598
1412
2275
4787
5603
9042
9995
2095
594
3134
7249
406
4960
3562
230
9076
5560
3182
6902
5136
9823
4898
8742
1330
8270
9785
1757
3639
1947
2350
158
1459
3806
3298
4934
8557
2657
8662
8439
3473
441
9906
2539
2085
6789
1187
5103
1273
9683
8814
6134
7340
6782
4203
9762
5033
6939
3675
3616
7844
9171
2757
7829
3138
5771
3186
2552
9792
8848
6057
5503
8756
2843
156
714
5019
3023
3735
5474
1300
3461
2050
1563
1507
3128
5770
6009
1498
759
4667
3916
9709
8528
1569
9138
5525
9387
9846
1776
5035
7833
1280
5230
1033
415
6418
1922
5667
6026
957
3935
9784
2971
977
7755
4859
9223
3744
4016
2027
4033
8805
325
6733
3630
6355
1188
2063
4504
7515
7455
469
2173
8219
300
9726
3605
7723
8398
7480
6932
6123
9605
8691
7607
776
5161
2957
4372
475
1954
5210
8991
4871
4736
6176
1875
6151
4570
5438
3291
4316
8323
6074
1193
3912
2347
4226
7839
8298
1210
1419
6905
7744
1230
3259
3729
3576
8210
5715
1059
5515
6753
5692
2663
2312
4057
8141
2603
6341
54
4031
9352
7500
3869
8766
3965
683
4735
3054
1362
6154
1067
6914
5677
9284
3538
4438
5894
3282
4137
7039
5212
5769
7129
5483
65
2841
6982
6467
8239
9513
2338
1729
5883
5448
5123
8234
4392
5220
4926
9229
7562
3422
2330
92
455
1441
9471
6300
7466
2707
8683
6719
4631
1699
8512
7669
9732
1181
5466
821
337
3910
5310
8908
638
6453
5384
2943
8796
1018
3475
3567
2792
2804
4467
3272
6431
1841
7590
2013
8331
2121
9588
7373
7928
6845
1665
9511
2569
3303
889
4676
8421
6592
2289
3766
9405
2845
4161
563
4309
7683
9073
7270
5670
8714
3005
7546
78
9864
2743
8697
1784
3539
4523
5614
1798
2308
7210
7845
5096
6090
8154
7641
350
452
1908
9358
6220
8004
5791
5604
7866
1983
9455
900
8454
845
4854
8464
6094
4546
5315
7961
572
3942
8548
4051
8883
6769
7277
6518
2915
4765
4548
6115
3289
148
4021
4582
573
1449
5286
4629
9342
4382
8455
7187
184
4361
3898
3769
1670
6423
8082
6200
7536
9100
5599
3870
4880
8155
4070
477
8660
340
5965
8593
7876
6019
4952
656
7036
3746
460
6376
9957
9084
1814
1078
3556
6215
4783
3686
133
9089
9492
7202
1617
2280
9404
7531
6611
2037
5242
251
4931
619
5020
1221
235
1950
9174
4410
6884
7463
6696
5178
9222
5198
7785
1222
3318
6701
3765
5080
8658
8412
153
7172
3913
8633
7329
5658
499
9101
7749
6396
8328
8203
6328
6271
8435
5159
6528
4584
7675
7867
9527
1225
5549
9534
5053
6517
7092
7705
2165
1050
9376
9227
8621
2617
1309
8979
4831
1931
3060
4537
2409
8367
2284
8563
5406
5879
510
5150
3353
8690
1756
8415
3460
6015
8516
4037
5344
6923
5753
1442
5095
5005
9550
5788
6513
1195
378
1134
101
8321
5616
4564
4816
2380
8085
295
5341
8445
4954
873
8778
8252
7953
4306
9986
9281
874
2679
991
302
2117
680
7764
6116
9175
9011
3327
1175
3050
5426
5188
271
7975
3235
984
5992
2141
2610
6087
6969
8826
1149
5458
8363
3382
6514
4978
9874
1870
4511
9608
8198
7895
213
2650
9722
1645
7460
5323
8293
5380
9453
1106
4160
8369
414
5467
8267
9707
4464
467
3399
6525
8246
9230
8973
5088
1179
670
664
1597
370
383
4957
4962
3064
3631
7567
7967
3536
6561
4007
9000
3198
642
4830
8587
3013
3751
277
3920
9271
9886
2999
182
5461
872
1853
9905
8462
3818
564
7535
8372
8865
6238
3902
4698
8068
258
5418
6946
1765
1827
9484
4718
6121
2703
7557
7894
9293
2071
4481
7158
3627
1401
1355
503
3428
7311
7699
5689
1122
6075
861
7130
1012
7446
6279
8982
2486
8783
5232
1332
5985
5702
4491
6037
4288
8652
291
3287
3357
7444
8651
7128
5386
983
3985
7110
181
6142
2672
1124
6093
535
4896
2239
4421
2608
4526
1347
8917
7878
6416
4795
1462
9872
4552
2190
3693
3499
8959
5768
7569
1090
4247
2455
907
2881
2466
1972
698
2299
8139
2949
3381
7859
5571
2467
9303
8330
7205
4302
1785
850
3707
3208
6167
7724
9922
4821
5034
897
6943
1722
3726
4471
9871
3278
2771
4994
9354
327
5798
7309
3090
8841
8046
6726
6844
579
3690
1525
9727
4792
7227
6720
5575
2091
4632
8047
6430
8373
4727
5724
1834
2723
1132
9297
2052
6635
2471
1434
2604
8871
2744
3251
9201
4473
6247
4579
1604
7177
8115
1638
6273
4179
2197
9441
2458
3843
5644
2849
7518
1573
6784
6309
236
3083
2088
2
3453
2675
368
5355
3846
9214
7106
495
9997
7290
1743
5901
88
774
5180
2271
1240
6571
7230
7962
8176
5018
8030
5746
2162
5028
1710
6736
9538
7773
7291
5781
9158
9774
7243
7752
4932
6516
3337
1570
3269
1674
826
5006
9469
1984
8712
5146
110
7952
9454
7704
7927
637
773
5280
3380
3132
3642
9459
9976
2300
7935
9292
275
149
3213
5853
8022
1677
6194
3230
260
1404
6894
500
3611
5694
9043
3790
2796
2919
5881
8849
2202
9333
6554
5109
3856
2629
9443
4907
193
4935
3036
1822
7628
4539
621
5877
7726
3906
4041
3127
9904
2712
3146
6660
3715
3511
9883
2819
9507
1301
8535
8067
2266
2523
9631
8517
4645
9311
1508
1117
8276
5335
3249
9240
9558
485
3421
3175
4601
4105
8199
8840
6440
9338
1235
6307
8411
5260
8117
8045
7148
4774
2908
5470
7516
6915
1864
7565
431
3900
7316
1567
9054
5920
4576
9633
989
6654
1643
6889
5666
4542
6658
3396
1585
4942
4611
7133
273
2263
7112
5563
7507
7915
280
248
9023
3601
7543
32
4129
1753
8031
3527
282
2758
4530
8277
3861
7585
1809
4303
3150
9176
6252
3830
2542
2753
2515
6716
4075
5003
1142
9586
1804
7046
8487
7245
2262
8825
1737
4008
5866
5413
908
9321
4916
7879
9899
5739
5332
3628
3736
5382
8285
8762
591
6529
2715
9113
4221
1291
6483
7412
9879
4028
1680
4900
1996
8602
8893
5027
7498
418
6885
9036
3205
2311
8281
4767
9617
5067
3671
3096
501
2015
2751
265
754
4757
3604
1705
2251
5872
6365
847
2834
3552
6283
8492
382
1925
3335
8910
3579
4274
5291
2069
1251
9112
5639
8506
2264
508
9481
721
6732
7799
1843
8033
2335
5864
1446
9488
8295
405
5612
1264
3310
5320
6323
6950
2344
5761
4710
9535
5238
335
5946
5663
6669
1186
8665
5449
5145
7199
7929
6631
9638
377
2598
5207
6107
3747
5839
948
5337
884
1238
5276
3957
1779
1115
1415
9742
4580
3074
3139
3084
4550
6135
8092
6469
1064
1794
3033
5916
6562
9645
7366
3763
7075
706
2058
6972
222
1812
2821
6997
2376
5147
9568
8147
9921
8817
5868
5940
3664
1990
9965
430
4656
3559
3323
6649
1558
7120
1040
1826
5983
4489
5297
4863
9334
9956
7951
9663
8919
99
4624
9743
6632
2364
5820
6854
5259
6560
2082
6402
4836
2543
9779
8906
4061
6354
7626
7624
751
7093
432
4125
8995
5787
4964
7980
1726
7923
1275
8182
144
1384
2693
9067
7520
6781
6524
6581
6383
391
7922
7832
5192
3007
9612
6545
9963
6405
2762
6158
7598
4711
7345
7350
5059
511
789
8427
921
7521
1775
4450
5646
4299
9015
2852
4588
3895
6286
3412
7150
9431
7891
2778
6659
9178
7679
8377
5698
7789
2281
2587
6112
9473
6138
8494
1472
932
2710
9570
799
2696
6398
8211
8231
5314
2035
1714
4330
1354
2200
8743
8247
2490
9887
9370
985
4578
5911
609
159
9312
6591
1572
8181
8918
4820
6296
7555
8127
677
7278
4663
9124
1144
9373
2428
6494
976
474
8673
2077
691
6937
7687
4540
9706
7730
5097
4980
7760
2081
2886
8964
6046
6767
4047
1295
6689
3725
830
1771
5934
7475
6586
1110
7188
3493
127
833
2379
7267
1099
5991
846
5824
1968
2848
8786
4196
4138
45
6458
4183
4818
6568
6052
5848
6898
3682
8646
8734
6556
1353
7860
2161
8038
801
6028
6499
4743
2241
4885
3043
2492
192
9741
613
6550
1252
9540
9646
7392
4518
5955
12
4824
7848
5437
6630
2377
647
851
9216
5299
6301
4474
6222
7940
5582
8349
2273
6757
4234
6085
6496
2942
1693
4293
2805
2916
7527
1009
2079
6219
3290
8868
8801
1842
1229
1254
1998
9566
4520
2930
7733
4949
7696
5886
1890
1859
4923
8861
6125
8597
4705
938
5590
9244
8514
1337
7944
4018
6020
7619
4077
1201
878
5558
6012
6128
7623
9005
731
3196
7391
9335
8339
7019
943
7149
8308
4304
7579
2775
1073
5148
6312
4785
9602
4157
4313
9430
1664
6647
2254
8736
8381
3185
1400
2389
3713
7393
9501
1297
7052
4229
7404
5476
2993
1579
5546
1428
6313
3061
6043
1704
392
3518
8355
8029
7005
1610
7374
2727
8290
883
1236
9247
2686
8974
4901
1967
4665
8019
779
9419
4097
7299
2164
8364
4453
7051
5411
1100
397
2423
1772
2586
5165
7336
8405
1751
4120
8785
9215
7672
2477
3592
3534
1485
7194
3629
5936
6780
8149
3807
7154
6509
8746
4724
6013
3157
5378
7979
5874
930
7639
7318
2480
8123
2968
1919
5867
6077
2220
5618
7918
1588
1416
2219
3931
1878
5301
1496
462
8078
7864
704
204
9326
8431
7921
4204
4521
8997
9090
4560
9723
2788
8215
3502
6791
8352
6500
6734
6664
4349
136
9565
6165
6887
8236
1678
5496
8503
5898
5817
9725
9803
450
7357
4354
5272
6172
4494
9577
3981
2730
4141
2582
1808
2132
4472
7991
2935
4834
5492
3300
8773
8740
9627
6956
7725
9406
8291
4437
2962
2282
8362
128
8065
745
1046
9343
7954
3468
2393
3603
2911
9019
7454
3462
5486
1764
9573
9708
626
4152
1051
3909
5353
4167
1997
9903
4040
315
6206
5675
7665
5160
5978
4420
5683
4581
7847
232
1006
4417
228
7275
6585
8607
2724
2222
1159
5695
5577
5845
1263
7379
3122
6462
5173
6713
4490
4659
933
9155
5441
1886
2641
2794
8669
2235
7097
1892
8242
7253
6011
4398
9579
3505
1517
7433
3649
6106
6709
8702
8505
8988
3810
8378
4845
8580
3597
14
8772
2651
3057
6678
225
4939
7525
3990
5764
424
3880
1682
1296
4865
442
1501
7204
1599
7054
3463
1634
5134
9432
8920
6722
8399
798
1480
6748
6667
7614
8815
4011
9547
5469
8221
3039
1167
4123
5379
2732
9776
2375
6407
5239
652
8237
1761
5007
6062
5799
464
9861
4868
3911
8745
2218
7886
4013
7831
1607
8408
252
5730
4882
6918
912
7015
23
9629
186
9933
9941
1844
2404
7537
4748
9236
5463
3020
6266
1575
5767
3470
2397
586
1802
8558
4095
3126
1054
1846
7841
8833
6318
7508
6248
9988
8371
8325
285
2799
4396
5524
4895
4849
6397
9949
548
8012
3215
5922
9496
8001
9561
980
1333
2571
7635
4128
5856
5273
3147
4100
5919
665
4224
1611
1961
7285
1130
2395
5595
635
1105
9847
1711
8340
9989
7348
565
3994
11
1681
4014
9099
9396
6892
1791
2802
4813
9317
7186
4163
3959
7086
6816
8588
5083
981
9154
7772
5956
8444
4478
7949
7720
7722
3123
4185
489
7828
2465
4860
6054
9188
6417
8180
2334
6612
5975
7346
9740
1978
4513
4253
7573
8897
998
8550
7875
5229
6890
2217
8722
876
6980
2779
6470
8202
4346
575
4680
7788
5762
9026
6743
8617
3425
646
9241
9508
9371
1612
2495
9735
9862
5216
6772
4913
2153
334
7603
7395
6506
6455
2105
3099
6842
7677
5313
668
690
2180
3610
7528
6267
3424
961
2666
1255
6241
5151
2826
9657
134
1091
3172
254
112
6790
1440
3873
5690
2903
9346
2290
4142
7583
5177
9773
9189
9505
5002
3948
512
5693
8684
916
5415
9815
3890
4715
8262
5370
9202
6940
3636
6111
6833
1860
320
8636
9948
8601
3764
1
6133
4266
9885
9487
3387
8847
8985
2349
9945
6862
3797
6903
9446
5308
2076
7306
4780
2697
7094
4412
2581
8178
2989
5046
6137
9491
806
162
4078
6668
8351
1260
1770
1659
7903
130
7011
8809
60
2652
154
3696
9985
8523
4178
1735
9705
1120
9374
4605
7179
7190
6700
7422
4465
9337
8904
3404
2348
9808
7767
2445
7302
1164
9880
6587
2645
967
318
6446
3732
8812
5790
9650
4797
487
6170
2535
3516
2661
3992
1216
263
7409
9641
5581
8648
962
7689
8266
5447
8670
4488
6564
7813
9772
2394
4496
8798
3927
8309
5329
5664
5863
6886
4197
701
5719
3722
7791
9001
5174
4055
7706
724
3161
3164
9622
5935
8788
4413
3156
8900
5838
6944
3731
8133
135
4336
5631
4786
9478
9652
1555
5290
5084
8145
6344
5559
822
1790
9737
2909
8777
2787
8051
3695
4924
6993
3768
8329
4796
3270
6477
3101
6228
8184
3153
4572
287
2383
1393
200
3926
9863
3189
6714
3433
5014
9837
2545
5959
270
5261
2531
2195
9197
1082
2390
7702
4730
7317
3529
2355
3865
2688
2559
1799
9731
2976
152
6766
1029
2633
7007
5660
3739
7734
3142
5459
7030
8884
7066
8882
1081
4387
3225
1762
3438
8654
8581
9555
6438
