529
6568
9298
8437
6732
4187
2792
6337
5086
713
1107
9151
3458
4676
3440
393
1591
9714
7107
5378
6984
155
2729
1043
5042
3203
2261
874
6757
9514
9566
9705
1241
8890
6636
1955
3106
5571
1281
4021
5740
366
861
420
8075
4091
5558
5914
3611
9037
6641
4557
166
2679
8289
682
378
8664
1985
8516
6926
6185
8948
3229
6344
4068
5156
7642
3801
7421
1292
1756
7666
8723
9676
8484
539
6793
8349
7145
6338
1996
175
1661
2671
8883
6307
541
8682
6859
8727
612
193
6268
4622
1607
1723
5523
1534
3967
2246
5071
3341
384
5757
5830
6415
6075
5623
7744
5781
6297
475
6001
31
4163
7447
2046
9124
4069
5552
4548
3907
9343
3001
9267
7696
7957
4924
9776
8642
1074
8455
1376
9610
854
1795
8210
1693
3356
5198
2969
9838
1727
4085
8820
4017
3681
3618
8396
4185
6665
9301
606
8348
5022
8239
2442
6003
8192
5717
3919
8822
900
5702
627
6612
1726
470
5792
60
935
8601
1757
947
2925
9429
6134
3355
8100
583
4600
1392
1598
5021
8718
9108
6286
3556
3785
3995
9183
2566
7626
5632
852
7071
4282
2069
5169
3804
8897
1752
7280
550
4120
992
5448
4984
4356
3009
4315
3882
3359
3715
8914
2205
3068
3823
4923
3745
7238
33
5043
3783
643
8907
2639
412
6340
4214
2740
3321
9150
7681
8480
9550
5987
7429
386
2433
9191
6527
452
2959
2786
7538
3243
8104
5463
4141
4679
5265
743
2563
3583
3994
4173
3910
2230
374
3774
7021
9410
7108
7689
9530
9287
4109
501
208
8202
2463
9502
1254
449
1096
2690
4771
2369
8448
4794
5881
8143
9355
5838
1463
7211
1562
4254
3501
8401
4911
6943
2468
3053
174
6000
4968
8568
5355
6090
9260
8175
1915
7514
1518
1899
3610
1961
5528
2457
7934
7182
907
9541
5289
4434
1079
980
9362
7361
9386
726
777
1059
6276
9758
8780
1893
211
4391
9014
7221
6746
731
7131
7574
42
1655
9794
3596
7432
8011
2768
6761
1056
7415
6667
9827
3107
9036
3686
4241
9518
910
9047
7185
6790
856
8144
1401
7921
8734
6545
8781
2896
8246
3004
7583
2799
4688
7524
5081
6438
4678
3207
197
2937
4497
1093
1981
8964
2192
7067
6731
4148
3699
4041
5521
5165
1131
2849
6603
6861
1772
2272
5746
2731
2899
7473
3206
8779
7208
4485
9471
677
864
1189
1468
7457
2174
1440
2750
7595
818
83
1335
7628
8068
3949
8102
8312
5027
2318
6360
3538
1777
1298
1503
65
8762
7132
6680
5437
3612
9668
4328
7206
7857
2737
4011
692
318
7087
7371
8284
4421
3565
4523
6228
8806
4532
6607
3510
3310
5455
1535
8666
1567
7453
2044
1361
9389
373
5883
6806
8934
9288
3971
4845
5337
8595
8298
4334
898
4677
9562
8051
5237
537
4839
6454
2535
9011
8783
9424
7438
8980
2206
2538
1612
9488
4335
4145
2454
4816
389
4958
468
7414
6260
5530
569
2022
4002
4787
7754
1489
9956
1969
9724
9640
4927
8913
3656
7864
7615
4228
4376
6272
4601
2527
3530
8007
9486
5728
8327
8684
2356
6408
1212
972
7207
6699
1895
1290
653
4242
6308
734
1569
5936
4790
6654
6836
1066
3578
7336
2727
625
9436
9258
4811
9255
9179
6264
5690
624
2716
8098
2852
3568
1583
3769
4668
6703
6707
8836
8835
3481
6944
5285
6658
5988
4749
9024
4589
1714
5646
4078
2808
6271
7104
4730
3066
1745
1799
9292
5424
7725
381
4131
2717
1235
4087
3244
1138
2934
7613
9756
3807
3120
2584
9004
1327
4433
866
6309
6380
7159
2532
3552
5083
2173
3343
3202
6193
6400
3690
8046
1637
4415
4757
7997
4682
1521
3438
7178
3942
4965
8277
1684
1498
1352
6358
3803
859
1725
7470
1527
7392
5778
4657
8107
1070
9098
6638
1578
795
520
5534
1269
66
4099
2531
4665
7663
3840
6952
9413
603
319
5973
2458
7506
4856
2313
4435
1450
9021
5947
7699
8785
8060
6352
9102
4168
4726
4321
6016
6283
8193
4080
132
2130
7830
7334
5278
7726
5540
5874
2876
3298
3060
6909
2353
2609
9340
3162
3259
128
6246
6368
7519
6932
5852
7188
8552
6578
3457
5030
233
8473
4844
7920
7345
4566
899
9300
1405
9417
4537
7762
6509
2093
1808
2763
615
5399
5407
3067
4969
1876
654
5338
7015
1979
4817
4553
9932
545
1391
9097
7939
1322
1073
9725
4139
5514
3970
1627
7918
2846
8122
7223
2279
4166
438
9171
2476
421
5292
4124
6559
7344
740
4394
8436
2612
7523
5872
6835
2326
741
4729
8697
1112
44
120
1813
8725
4918
2815
5897
3571
5033
2724
2490
8197
7609
1049
6717
6760
1941
1253
9819
6301
4062
6419
1512
2869
5526
6770
5035
190
5625
406
8501
8586
6933
8087
7763
6554
680
77
9251
4498
1792
9
3999
2099
1012
2908
4424
1843
5812
5539
7716
3401
4159
403
4809
5568
1424
8573
4209
1618
1572
226
4899
9051
3421
704
6966
2017
7745
4004
7199
2367
1586
4178
136
5892
2660
9563
9155
8287
4602
2368
920
7260
9064
8900
5826
9361
8024
4346
808
2362
8041
206
9580
8850
9357
5202
4546
1443
4707
6498
1173
5651
91
9275
4744
5168
4583
7290
9868
2966
2243
6258
9390
522
4708
693
7102
4104
9067
2827
9000
303
3557
5644
2589
2030
4491
9092
2382
7985
3316
3146
9407
4331
9144
2982
8886
6824
8205
2399
9678
20
9280
3101
5566
2102
6898
7557
8831
6427
3862
4448
760
9852
8013
8001
9164
6716
8689
5054
3648
3169
553
8330
1592
1983
6328
2302
2473
5633
5704
8414
5657
8882
2363
6218
5694
5084
2543
2043
8096
7691
3787
5544
1984
8309
5263
4061
3426
6111
2207
1636
3512
5028
8030
1129
92
2254
3058
4861
5357
6965
9034
1917
6343
8637
3141
3872
7059
8027
8066
4663
1470
3461
3854
5564
1404
2688
650
8057
5179
9736
6941
9319
1708
9404
2346
9933
3473
613
7240
7855
4872
7086
676
2208
2267
1340
7083
1719
2599
3295
6998
535
1538
9391
7866
7263
3251
2797
4445
6314
6386
296
6668
4030
7903
6153
4873
7140
2397
9682
7600
1668
1114
3170
2864
4874
7890
8363
4482
7723
2459
419
9441
9709
2352
4910
5638
3654
4740
6551
5
9950
9934
7137
2965
1053
4645
4766
1633
5705
3423
2183
6873
4229
2184
7586
6908
3283
4057
5101
566
979
3416
1542
8142
2197
3764
2217
1316
3129
1003
4177
6977
5252
3122
5048
9807
8021
9851
8685
5641
1947
4384
749
3216
9380
2867
8926
6590
4121
5113
1798
9501
306
883
5929
7155
8525
7933
5107
6597
8694
660
6555
7427
3751
5480
637
1349
6582
3433
11
5569
1171
5313
3866
3894
9068
3273
6214
7780
5815
4298
9835
7196
299
736
5215
2145
9278
1546
5685
3877
7822
3089
8778
8137
2124
212
4252
2993
7792
6192
273
1091
592
6623
8084
9039
5387
6937
7472
1485
2919
6779
228
674
6643
4019
4025
779
6331
1952
878
9837
9315
842
6946
781
6659
5556
8404
4488
630
2381
5506
1369
725
3388
4342
7065
6678
8748
8663
5719
635
1852
6208
4753
5668
9800
2691
709
6339
1541
914
4886
7645
9207
5469
3075
7130
2719
3780
6783
7410
1441
9652
7675
205
3811
3242
3430
1888
413
8178
2195
3188
6788
5371
601
8866
184
5374
5900
9382
1626
2856
8575
538
5117
8840
3305
1262
514
5277
9895
2728
2219
199
6227
2920
7612
7791
8505
6191
9487
7980
1029
7607
75
4443
9512
1721
8354
7441
8213
7012
7622
6565
7149
207
981
3138
2746
2854
4511
607
9336
7156
2682
1905
6413
6724
2210
3072
1342
443
7153
8921
3608
2235
7094
115
6797
6897
6355
7643
1150
86
9128
6357
3345
7329
8065
7569
9875
4962
472
8082
58
7007
7635
4509
4847
8189
485
602
9712
6566
7880
6439
6066
2523
181
2607
7598
8315
4286
4692
5512
415
3707
793
7860
435
2165
1037
6053
9074
4360
3703
5909
8851
3675
2273
5887
2929
187
2835
2507
9344
6974
1102
5327
7330
2648
8279
9658
1172
2038
2266
7363
4366
1113
8652
7120
4831
3349
3073
331
4948
7755
6174
8216
1610
1694
113
1273
453
3137
9672
8513
8548
9593
4042
261
4031
7183
8245
9607
6904
1832
2159
694
8970
7312
5896
4935
3209
5216
1052
5800
6973
8332
1425
2063
9006
424
7143
2548
4544
9571
9273
1202
5954
1386
4508
7061
3554
6688
9535
1272
2628
9473
1178
7909
8755
9762
1480
5509
2016
7795
2836
1836
1220
8659
1991
6120
2429
1771
5999
4330
5381
2471
9254
5161
8983
7507
4701
1328
2375
9812
3996
3992
7390
5501
8215
8520
3814
7433
5639
7760
2911
9572
5044
3119
345
2315
9986
6493
4150
1829
9998
8753
4355
6837
5730
1162
9466
1317
18
4290
2975
556
6925
7499
7555
9229
8833
9585
9422
9457
3809
3802
3875
1990
7383
9578
7584
2613
4542
4599
7456
3155
8873
8268
2918
6238
4900
3689
3693
4400
6030
7423
996
4082
3385
7376
7640
9592
5594
3830
9697
245
957
3873
9519
1330
2658
2770
2228
2036
6497
5282
214
5799
3816
2794
7286
7975
2200
8634
5507
3194
7253
6280
8351
339
161
2486
7173
7777
5819
802
1821
7110
7310
2169
7886
9418
3205
586
4823
139
3929
8336
1788
5847
2408
315
8339
3405
4507
2587
584
2585
8367
2416
9675
255
3837
9510
3099
2390
6920
5627
5434
4880
5849
6796
9904
7749
8621
2153
3300
9976
1800
7697
7551
6277
7054
1787
9399
3679
9020
8911
4755
1502
2396
1742
7412
9935
6416
3303
4224
8995
6318
5986
2991
3664
609
8829
7709
4666
4538
7332
994
7965
5786
8274
56
2567
7325
1561
8699
9946
1894
9029
1858
6704
6894
839
2000
8359
5211
4221
4525
3508
7623
2550
951
8275
5242
7148
5121
665
4555
9009
3864
9134
9715
8446
2354
5907
8005
5491
1609
7582
3490
6813
701
2871
5129
2084
2317
9253
9112
147
6262
2347
2621
5416
3669
9480
9792
5462
7364
5189
5314
7009
4077
4107
1050
6167
1248
4633
2632
1014
6980
6778
162
8237
4113
6379
8653
9523
2289
6856
6359
2641
8125
1582
769
1419
7245
1827
3192
8761
689
2126
2119
8116
221
7077
1729
7962
6755
9749
3747
6893
7784
3093
9274
4502
8426
6613
1565
2297
6398
3976
2555
8772
1364
1222
1170
2474
9497
9879
5630
7946
96
8996
7956
2282
4259
6443
5561
8915
304
8280
6015
5608
72
5504
7115
9210
2216
8612
3928
1256
2678
6825
1644
6189
670
2331
5110
9303
9190
1242
7074
5291
9660
6252
332
4734
3627
9444
4090
5052
2793
6496
7446
8407
6124
2700
9740
5249
2303
4023
110
8403
5488
1963
6184
502
3082
2025
7520
1687
4577
9296
999
2322
7867
4361
8145
8456
1182
7930
9500
9307
4
6675
9027
7387
751
614
1334
5093
8095
3474
557
1211
3523
4999
5258
534
5652
5766
3563
4963
7789
9949
4032
9345
264
6204
4320
9271
3521
9351
4134
1734
3727
8589
1698
7552
5059
954
6842
5185
8673
5010
6901
8249
2166
2782
7992
2511
6860
6330
5860
9096
432
3048
9557
9516
833
6237
5554
6767
8148
4212
7278
1387
8194
3642
2241
2618
291
952
9276
7932
2237
7757
6692
9700
9536
2800
696
9849
2564
6799
3841
6315
7813
4735
2330
794
2661
738
4143
9120
6293
9920
7683
6720
4693
8870
4469
6652
934
3985
7089
3431
6176
4698
3480
2571
2070
9476
6870
8300
4092
379
4425
4702
2233
2365
804
611
8161
7594
6484
6101
8839
1796
5692
6771
7262
7365
5123
6725
7690
720
9348
816
8837
3950
6046
4797
1478
6467
4540
1167
8709
730
7113
8432
7751
3186
7096
4690
516
9168
7731
167
8311
9396
5998
9732
220
3824
8614
2158
9766
3960
896
5739
6444
5011
6521
3511
5991
448
3855
9018
1013
3175
9726
9690
5174
7916
5957
8683
2642
4503
1095
3883
185
8435
4881
4194
5482
5142
758
2657
3734
9608
6518
8678
7331
9842
6020
9888
6815
6491
8056
1686
3376
1972
5827
3981
7940
5983
3519
9975
267
8434
6407
3843
488
3121
4855
8199
8134
4624
6278
5229
2446
6763
1311
1855
3353
5328
8811
8019
6412
22
1999
7425
8938
9121
6629
5002
4027
3709
6752
9808
2838
5758
4040
7639
1676
1830
778
4569
5821
36
6284
2338
2021
8988
8862
6146
9198
1320
5323
6102
7402
8613
7805
408
4179
9065
341
4777
8200
823
6805
9511
5386
1135
7046
2005
5735
4675
9225
901
5674
6291
7734
334
528
9785
9160
4741
3080
5225
652
786
4123
3374
4920
4731
6376
7899
4293
5276
1236
1234
1949
2847
5677
7241
9221
8563
7039
9784
5626
1579
5235
9147
7250
369
8080
6614
4631
3743
57
754
1462
6021
5789
3961
7028
250
8225
1825
4949
2244
4438
218
710
8917
2976
9270
3575
6718
1536
1919
9482
5058
4892
3649
8680
4713
7490
9411
5346
8086
7134
6708
1775
4878
3944
631
3959
7274
4691
4587
1531
9583
2887
6588
5904
4454
5456
790
9035
5423
7379
6854
4725
3525
4684
5361
6762
5390
6385
5773
2749
8500
3695
8235
6448
4459
476
1147
4380
3797
767
4572
9266
523
7688
3411
2403
1656
3419
5848
7732
6689
5350
688
6845
8813
9856
3909
8566
7893
9132
3908
7891
8853
3815
3208
4552
8498
7219
8384
8026
9624
1748
9723
7085
6544
4567
1841
3579
7503
4056
9001
6245
4992
6853
1487
5389
7258
9026
8821
4581
6118
2522
2743
2355
9747
4206
2435
2723
8006
6423
3851
9111
8152
2497
7157
2605
1765
9243
5756
8050
309
5140
3234
8594
8546
1529
7347
3828
7201
1639
6372
1616
6391
5562
8756
456
1194
6100
8695
8798
5992
2840
97
971
5665
290
6550
3677
2983
9247
3724
2906
6795
442
2168
3459
8319
2181
6964
2561
3822
1863
5884
5334
7892
2024
1514
8204
3878
4882
7080
7237
8362
6938
8966
6543
762
5266
5620
3820
5614
5861
9713
1009
526
78
6777
9077
4248
1974
4803
4727
8937
2163
933
3517
5245
8029
2874
2751
1100
6470
8167
5166
6455
7543
6653
4480
4515
8670
9770
3475
8465
8337
4505
7442
1465
9308
4687
4660
573
8824
7251
5472
9314
7800
918
5747
8218
8121
1039
6929
9638
7179
6922
8764
8969
5898
5450
3833
1204
3979
9831
4983
3347
4276
482
6661
6369
3238
2120
6180
4249
9233
464
9809
9084
3604
7532
1084
1000
2405
7328
9002
7048
3123
6137
9166
2343
3372
398
3528
5460
1137
5446
3839
8055
3351
5701
6121
9295
2634
3898
5688
5882
4489
843
2180
4423
9462
9129
4095
2077
2292
8039
9073
2626
3062
9199
3805
4493
6907
7624
3732
3448
3900
6730
3241
4791
671
3918
2603
9264
1987
4748
3398
9554
4792
8190
5714
6263
4067
8887
3417
2371
8624
5366
497
7848
8909
8036
7590
9721
906
28
2387
9958
8378
2461
7292
8472
6067
1155
6962
7229
1940
3573
9259
6816
8248
5779
9793
6091
6754
9673
1597
5193
8828
9217
7123
2851
8008
9033
6575
9859
7630
4926
6656
1982
7072
518
2783
7942
9707
6138
6310
2873
2379
5845
1722
297
9369
6821
7073
6097
960
7931
2494
5310
26
4786
1525
6149
8334
4289
4528
5410
1344
7205
5681
4946
4127
3850
4344
3547
481
467
4066
2834
3286
441
3757
922
1276
8253
5309
628
3246
3912
3759
1596
3322
2453
678
7964
324
5658
1628
2150
5696
1304
5737
2053
2855
1002
7620
9803
4535
3469
4982
7798
1731
618
3407
9706
1021
1381
4035
1716
8701
9185
3254
356
6182
6341
4669
333
2631
7424
6362
6499
8944
3641
7124
6194
5005
605
664
1820
891
4172
7739
2404
8089
7026
5178
7826
527
6477
7471
761
8
787
7356
4593
728
4788
5158
6012
7380
2253
6265
4629
3678
8466
563
76
8955
9458
4742
5431
7430
1717
5484
2066
1492
8674
8686
6807
1835
1239
9994
6082
134
7218
2807
4642
4076
4841
3313
8352
7259
9582
727
3337
1823
7937
8328
2269
7170
7154
6023
8509
9265
9612
6673
2002
1875
8992
9007
125
9881
6240
8445
7914
6828
3867
548
8119
7224
239
7504
5659
4114
6592
4763
5057
4345
8174
4596
3336
2335
7033
884
5949
4868
1906
6539
6390
1184
5487
3450
9877
3104
6253
3032
2082
325
2485
8257
4111
3021
7042
2537
6304
46
6712
513
6660
2114
7063
942
7897
4526
8922
4959
7589
6092
2821
3505
8672
4903
5194
1662
6756
4582
9126
4543
3943
6666
626
9845
1223
9669
6967
9964
3452
3756
8843
124
2637
8302
8162
717
6074
8346
5612
1923
138
2431
5476
1816
6934
6216
6207
5026
7923
1683
7676
210
1318
6684
8619
8920
8106
7303
1937
6465
2949
1744
8219
1552
4378
7668
1157
8925
792
9238
2644
5045
4046
7858
2270
8654
362
8182
3018
9825
9926
3825
7112
7385
8522
9358
6198
753
7629
6516
7922
8296
3488
5396
8276
7746
3118
4281
7369
285
7409
1141
2785
4533
2558
986
3590
4887
721
3838
7960
4436
4313
4891
5342
958
5137
2127
7548
5515
1431
3643
6133
6700
1619
7581
3464
9744
1025
4367
7811
4967
5298
9461
3906
5770
1776
9894
4876
2936
3027
5283
3406
1660
6955
6705
4294
8226
3174
1187
3112
4223
6748
1333
1866
3373
4213
4996
9664
2376
9671
5940
5360
9544
4529
5870
2927
9599
8582
1759
7035
5572
4481
3749
6642
5162
3561
1625
9693
8262
32
8187
6895
4274
9381
1975
5214
995
7717
3662
5253
6534
7194
477
5818
1301
5018
2386
281
3402
1210
455
1491
144
5000
9131
9368
7231
4288
3003
4239
8687
6866
5444
9966
3777
1537
3319
6635
8808
8561
6080
3409
4167
1641
3593
6006
8531
5525
2981
2092
7064
4292
4655
3288
811
130
8504
5810
4455
5536
5937
1363
8236
8090
9075
3087
1476
260
3940
857
8303
4837
8752
7162
9907
8223
2665
3011
2357
8793
5268
8675
587
8593
3632
6595
2907
7968
5513
8492
5417
9246
7761
1703
7097
4191
8431
6187
9057
2884
3638
6048
9613
2744
6437
9335
1648
8278
6960
2309
4100
9200
2760
826
827
2848
1159
4628
2833
310
1075
1286
9804
7025
8064
9427
1679
5802
5191
5243
74
5593
9203
4310
6560
7439
7315
7527
6163
9919
571
3291
8583
7829
7337
101
7000
2283
2420
8580
7783
9691
1371
8861
1732
3577
2766
1483
9419
3625
9798
7728
7625
1126
6129
6740
5831
4769
9902
1593
6864
3497
5782
8269
9101
6928
2955
5231
8801
8358
5199
2552
6014
2860
85
8923
6630
917
1678
1930
2967
2062
6513
2801
8745
4638
6989
4938
4937
6441
340
6764
2977
377
3396
8651
8138
7474
3344
9850
8460
9305
4063
7606
3173
6563
5974
7495
8717
9506
2502
5051
484
3382
4395
6553
9370
711
7481
385
3923
1696
1642
8993
2747
6930
4875
5647
3771
3210
6257
9520
9172
8947
2097
8518
828
8224
9985
9211
8747
9031
3040
3692
4024
7778
6434
2627
2615
9746
2156
759
3278
5711
3691
9586
2883
9780
4951
7865
4620
8342
5801
1302
7678
5297
5944
9955
6991
8165
14
3124
6
546
3071
3650
7043
7049
172
7068
8488
2712
4362
8271
7435
5910
3415
768
1403
231
7022
5412
88
5962
7977
8188
4840
6233
8376
6007
321
564
8847
4263
1072
8228
3869
5516
5089
1785
6475
9163
6502
9915
2842
3644
1493
7721
6027
7326
8221
414
1865
4071
4952
1695
7644
7597
2542
2080
9138
7027
9079
1414
2427
6610
7894
1336
4930
6800
2060
4889
3357
8081
3687
188
3938
2056
1310
5088
2412
9449
3227
7954
4621
748
1533
9455
2223
9178
8217
5082
4253
6324
3991
5538
4267
4136
1460
2011
6019
4300
6818
8157
7741
2391
8397
7740
9472
5152
7168
6197
3735
634
209
510
6584
4426
7484
3261
2295
5700
9426
8972
9240
646
9311
6809
1413
9294
4819
4492
2630
116
658
4382
5320
5287
915
3702
5078
3393
4231
5650
5942
5134
1168
7712
3767
1094
9533
9481
5985
8320
5726
8220
7374
2455
9110
7190
5466
684
3354
5956
2199
5299
6270
6319
8331
6354
3425
1511
23
7152
1341
7324
6201
8406
7517
7428
3683
5464
1356
9927
8867
7769
8538
1041
4404
4158
3130
292
6627
9872
9615
4807
1872
4156
7776
2725
9459
2845
344
2076
8131
4387
1417
4972
6295
6872
5315
3746
189
3673
5318
4793
4051
5617
3904
8093
4580
471
5383
7974
9453
9372
3477
9885
10000
6070
8879
1370
3540
6451
2308
9561
6229
2469
3007
5413
8715
700
5325
3218
1435
4743
919
8952
6104
4081
5862
2498
6429
4130
6794
5296
1142
7972
1575
6838
3446
3164
4970
2414
4836
7816
8741
9054
9789
3725
1584
4484
3939
9321
7998
8112
7904
2033
1560
5436
6858
6846
8881
1712
6786
6549
1809
5899
9334
2828
479
4524
43
6136
9981
3050
8318
7004
3135
2778
6742
3753
5300
6031
5218
6011
8306
7810
6018
6425
5918
4864
3441
4407
8616
2411
3460
796
2359
9929
2087
2040
9443
1934
8997
4500
3172
2588
5661
7057
5115
6697
9133
9742
2176
1817
1297
6981
622
990
3794
2569
9573
3705
6683
3582
1479
9846
3684
8164
4973
4618
1472
872
567
1385
9757
8074
6515
8711
2284
4536
9130
7907
2492
5244
3125
1434
3256
1605
6768
8858
4207
6261
9598
908
1148
9565
3629
1365
461
5475
100
4966
2105
9945
9291
4506
3845
269
3848
4815
5438
2999
1195
1916
932
3498
9159
5439
5823
6435
1215
127
3290
8789
1197
1213
8399
6648
9799
6356
1506
6583
6892
4193
4987
6847
7233
6038
5928
4641
9614
8450
1445
5160
4915
98
2141
8014
659
6839
5680
4908
7244
2619
1548
2806
4578
1250
4799
3798
3005
4759
875
1122
8981
6275
4155
8644
8768
2656
1149
1132
4783
4269
7320
7539
5141
2294
771
8440
7812
4857
4246
4352
6300
6005
1838
7234
9552
1054
5302
7693
3778
9125
4814
9091
1557
7482
3272
7559
9995
699
1547
6940
5880
6715
705
4312
7917
6249
3324
6166
568
7852
8953
326
6202
3835
6450
5173
1412
3927
5888
5104
9943
4661
9317
2333
6945
2930
1847
5518
1259
2787
2360
9470
8111
8777
9832
3933
5933
7941
645
8025
6759
1205
8587
7346
830
3790
6059
3555
6472
5715
3585
8010
9478
4065
316
7566
8483
1207
5238
9683
6830
7144
2133
6452
4103
6199
7197
4667
9095
8452
6122
503
4218
9392
5304
2940
9755
6900
7005
8355
8115
123
961
1315
3340
6460
9405
8649
2012
1028
1345
2974
8797
4349
6144
8776
7092
9556
2802
1243
5736
7133
6387
7373
2193
1486
8180
4673
2325
6473
7652
9867
2265
8110
8382
2761
2928
7103
5322
1753
817
5486
2314
1522
5578
892
9814
9897
8402
8495
9352
8109
7489
5470
8904
1571
2980
6040
1351
1051
8924
4683
1146
1782
5946
1599
1490
6178
6342
2264
6393
803
8490
9911
8846
2877
4399
7163
959
7214
7879
2938
3092
1
7692
9045
3576
3672
6480
5367
6852
3637
3631
4646
4721
2384
1458
9193
5575
931
4588
7487
3250
8721
3920
157
9991
9093
8491
5932
5604
359
4634
6160
8273
9479
2932
4086
6632
9743
9689
3663
1751
8230
9968
7299
5535
608
757
3821
4112
789
241
2764
3037
8323
1457
7695
8260
8281
2942
4541
3844
2868
1702
2229
8864
9656
4198
737
6848
5832
6517
430
3285
5727
2088
7279
824
5660
491
1347
4782
2268
1277
4073
9072
9984
3589
322
1268
7285
3952
6947
2898
3726
2483
53
8735
2790
5004
9395
7464
7436
7565
7901
165
6348
3718
8991
6541
9772
4450
687
744
4919
903
87
946
4499
7272
2444
7989
6043
3363
7225
7055
4697
3221
4651
5212
9930
2663
6106
6351
2342
8657
3599
7809
3911
5375
7650
8554
171
9702
3988
8527
5804
9010
2789
6906
4686
2879
4332
1945
446
5295
3350
6669
7770
7614
5256
2961
7530
3531
7983
5607
5500
5864
8360
3897
8207
1192
4336
7684
3036
5271
4440
9540
1193
1654
1314
9729
4125
1507
5876
7452
7367
8919
3230
7095
1613
4309
742
9302
8967
8191
9219
2649
9090
368
8250
4764
9086
5972
3171
6203
1007
8884
6624
6876
1856
3594
3467
6045
7404
3252
1030
3235
7679
489
4258
8606
9401
4388
1868
616
8173
5003
5664
8838
8896
3621
9181
4802
9425
431
8698
7255
9375
2010
4796
5066
5069
1393
5398
5964
9840
3131
4617
8377
2074
9944
9751
7835
2327
937
6255
1853
1709
5187
428
1630
2666
5857
9844
4215
6335
3333
3786
815
4265
4072
9119
7991
647
1221
7230
2143
4607
5603
6418
8874
1810
287
1837
1877
6073
8415
3006
6523
9594
8474
5453
4995
4170
911
1332
7710
8374
7637
259
8633
3545
8506
1280
1428
5075
8179
2239
6196
1973
3567
3383
9913
6065
8317
2915
3443
9250
3311
8108
2916
831
9208
2465
2948
7307
7257
8385
5047
9377
7591
7437
3665
4255
9448
6804
5068
5316
2534
5508
1121
21
390
7522
8120
3320
6487
6599
1452
6827
8422
948
2041
1001
1382
6698
9764
6403
9753
3471
3390
7394
4305
4737
3781
3211
649
118
3177
460
3633
4804
423
6478
494
1378
8136
7979
3454
1375
7631
3197
1198
7588
547
7232
1666
893
5768
1632
142
5336
3051
9290
3930
2059
9040
5465
5970
6833
5609
5222
52
4760
3016
4860
4039
7220
6593
9341
4636
5683
3046
3179
3697
9630
1245
3817
5286
2978
4590
9202
2829
4038
8469
9492
371
4736
6494
4128
2487
926
4670
2103
6579
8285
320
4410
7526
8353
7955
9028
4644
9318
7029
2142
5395
9581
8261
4003
1354
2439
4311
6060
3176
1898
1076
7395
5481
1252
5653
1665
2998
1652
8708
204
1265
9662
8390
3543
8380
9843
8272
5326
5184
67
5321
3793
4000
5388
1931
4879
7454
8842
3148
9634
1289
5637
5478
8999
7966
2226
7119
4129
8470
7604
3935
6569
8305
8222
5952
1902
5096
8077
3925
49
4451
8576
4750
3658
6235
3397
9957
9485
37
6107
5384
3366
5713
9437
2045
375
8935
1968
2826
9823
9914
3352
4238
487
798
7513
4472
1125
764
599
4957
8738
1377
4302
4247
7443
4250
6157
4761
4501
2274
9821
7486
6034
8321
2510
2475
2373
9777
5808
9734
8481
6068
2813
5587
8814
3700
473
7862
6951
6834
6619
6442
5076
8429
4798
565
975
9398
2941
8208
1699
2528
5950
5537
4724
9698
8665
890
2781
2635
3314
629
2823
2780
9400
8658
4637
788
6664
5017
7838
921
9349
3493
1638
1128
2970
4746
3081
5459
2779
1889
982
4716
905
9824
5020
9170
9080
5846
1842
763
1410
8166
2179
3670
7661
3096
1027
3095
9642
1420
8609
3924
9701
1741
7542
2866
4088
7841
9433
300
7973
2924
8961
5404
6311
7567
9633
6525
8545
8960
879
4522
5353
8827
9106
9963
3773
5919
698
2372
8933
656
396
7053
9584
4374
2089
7925
858
3921
1238
3253
7735
9896
1779
7408
9239
7081
7605
3597
3980
3134
7515
1885
270
1932
8895
5308
6095
1044
9965
1437
8508
2533
2245
7276
2344
99
5763
3435
7722
4216
3733
2715
7871
3056
2467
394
9768
5013
2994
2185
335
1284
9841
4199
251
5452
4895
5394
3997
7801
2841
851
9782
2733
4465
4350
4299
141
8564
5551
2606
2557
9940
2167
1704
12
9309
2258
5788
7768
8556
436
1812
9161
6747
829
7483
3364
9871
6999
9347
9971
5754
850
6918
7994
3580
434
3453
7281
5097
3212
5132
7531
9046
5738
8478
195
6022
7505
3447
3849
6388
9641
5533
801
6320
4988
1594
271
6366
4486
2351
9173
3532
6546
5217
9141
8549
2669
5584
5667
5223
243
6884
9577
8857
8986
9452
8802
4353
9703
1929
9402
3014
5154
6171
8357
8038
4154
4635
7353
9504
8169
2139
6083
4805
4859
7837
7283
5087
3972
6469
4473
4018
8243
7466
5698
3502
7129
143
3836
6753
1764
8292
9283
1488
7996
4534
2560
5780
5592
5744
9213
1659
8293
5411
1421
9864
3468
8971
4784
6127
6917
4689
5036
2958
9754
8417
2572
2383
865
6042
4233
8288
7673
8126
3485
1306
7465
3418
1263
1237
6923
5127
5817
3183
6282
3890
2034
5050
8932
3196
6802
6462
9600
1710
1501
6210
6010
493
558
8714
109
897
2775
4175
845
5109
5834
772
2339
8559
8567
6170
623
234
7928
1878
819
1587
4324
5195
3065
4681
5382
6367
7491
7807
4180
4386
3623
1978
540
4623
8950
4483
8758
3951
9529
6459
1433
885
2175
5873
8562
6749
5695
6112
6617
2732
666
6532
9558
8307
4462
3827
1559
2178
6616
8841
4347
806
6247
9969
3116
3387
2850
7898
1635
4942
3947
5971
6784
8186
330
6421
6645
7788
4785
2481
3381
6571
2407
1926
8265
2659
9988
1643
6750
3541
4971
1372
2281
6236
122
2194
4466
8128
3676
9061
5118
202
6685
8458
9524
4518
6558
2741
5642
4474
2664
5751
4613
5499
9228
5595
5708
8796
4477
2037
6033
2345
3427
6224
7121
3529
3674
9954
277
7405
9435
104
5262
2901
5259
7935
6057
2260
3348
9921
8412
7342
370
5009
2332
7413
3263
5224
6910
8662
8072
486
4106
1740
1064
2341
1228
7171
2110
1824
1879
3536
7191
7669
6159
9862
5167
8529
1690
2526
5610
8703
5790
7382
9281
9215
619
9890
3158
4132
902
4371
2287
2149
9142
8845
5958
8091
9903
7568
5192
5352
3592
8823
5629
7771
7564
2504
5397
1528
5492
1022
9194
4944
1188
6602
3178
3495
5483
5891
9060
1266
30
5893
9858
8807
168
7195
4074
9354
9463
950
248
3581
8155
3047
3989
8863
2638
6029
4122
3868
834
5458
4527
6281
7138
6576
530
9704
8667
9899
7511
5046
5967
7976
4101
2505
6996
9878
4584
1394
8978
5085
5911
5155
685
532
8163
4705
6482
2798
3776
1309
3031
355
213
1804
121
1673
1427
6871
3708
2580
7091
8135
6486
6179
8610
4397
7343
5061
560
3181
5230
4190
7533
105
4052
4050
8258
8022
9545
2337
6424
4401
6728
1737
4627
1115
7700
6302
7774
73
8238
6430
9337
294
5457
8439
8643
5177
5261
3598
1733
5370
3513
2104
3888
7525
3553
7797
8335
8322
1650
186
6222
8388
8229
638
6822
5445
8540
2348
1715
4444
5335
119
2602
9012
675
236
8447
5879
9385
8615
148
5979
1570
3342
5001
3187
8803
6147
2324
8475
2926
2425
6997
5306
2758
6373
3714
2996
3533
1275
9830
1270
2451
8770
8931
9906
439
949
679
9100
1713
8214
716
6640
4504
3220
9451
6939
7228
5769
6140
7576
7204
6626
785
2374
9107
9893
2989
2198
6110
1508
3750
8044
6089
1887
7824
9149
1456
5400
1516
5447
9196
9737
3264
5656
1106
4447
7450
8371
4914
9214
5718
6738
336
4140
7535
6887
7359
1513
5006
9696
970
4909
4412
8240
5312
6383
5729
9489
3083
8528
8419
474
5120
4369
1026
3986
7823
7354
9431
7304
3736
812
4980
5124
3408
8511
6433
2014
3057
2837
5103
2477
8524
3914
5062
425
1089
9374
3384
2520
4931
8941
5454
6436
1833
2480
7671
3294
2496
7646
5441
8294
5742
7397
4093
4514
1758
9663
6785
9997
4630
1951
3945
8910
2419
8413
9332
7360
7268
847
3074
672
6032
8103
5975
6530
555
348
7971
8053
2068
8588
5414
9262
2378
4475
1190
9795
8267
6327
79
5710
8325
1063
2409
3668
5760
8345
2951
3472
153
7381
8787
8283
4559
2708
9588
4285
3507
6548
279
8150
1608
8719
7518
4829
5602
2796
2905
6225
4340
1980
2844
507
991
7176
4834
4869
9184
5798
8693
6931
9468
3500
3738
404
9339
1663
3023
8860
1283
4287
6902
6145
5272
7001
4789
6577
9042
7705
9918
7475
4348
9188
9359
2600
2544
6220
820
9813
1736
5867
4703
6098
9322
7389
6181
8247
6088
1179
617
8295
4822
496
4230
6655
2696
4950
5241
9739
5063
5133
3978
3369
5755
5553
6116
3248
3901
1016
4275
4318
1928
9122
4316
4723
4413
6803
4649
8596
9484
2413
2853
7927
6959
1257
1554
5138
4437
247
912
3859
1544
5689
714
870
8800
6414
7111
329
9887
6723
9440
5064
7166
2500
9249
5776
5785
7915
1574
4877
5750
5684
3386
1086
6115
3685
3784
5784
6389
1755
2215
752
6244
7849
2895
690
5108
6572
3371
4354
238
1271
3789
8012
490
9205
1278
4196
5931
4467
3076
4612
9350
9917
5236
2586
5787
7508
5405
8954
2890
2299
3539
1209
2290
877
8578
7961
7876
397
4007
6445
4338
4904
9635
5771
577
3284
9708
9109
5984
5147
2954
9659
703
1743
6274
2001
6758
7814
4377
1165
7434
6948
433
868
6985
1862
504
4339
5080
4772
5531
8600
7160
9507
5699
3544
203
9999
1933
6766
582
2098
35
112
7714
1793
1475
9139
8733
1543
5816
6506
5673
2508
9670
9547
225
1118
5029
94
7617
454
1185
314
3760
3932
5993
3024
3228
3147
4558
7516
1967
4940
2311
1494
4169
4102
1526
495
6375
178
2556
4182
5144
5180
7767
5655
7158
5622
5007
6727
9087
6336
9941
9730
9089
1780
9686
2227
2310
2819
5850
1523
7384
7949
8577
6881
1998
6888
4439
1473
7069
9847
8147
5731
6935
1651
5105
668
5814
2830
7318
4706
6889
7902
1580
8463
7938
8844
8045
3628
1418
596
6953
4974
5119
3404
4573
7467
2437
4615
9063
2125
3984
3090
9590
3049
1697
5255
2788
1920
1430
4146
4975
4571
7058
9681
1177
1219
8744
3100
4108
2964
2711
7702
7289
6405
3936
1994
9015
4941
1509
7773
9174
3516
2880
1380
1669
9397
524
2804
2430
5996
1040
9661
9157
6905
343
3233
7203
6751
4110
7737
9019
3729
5227
298
1834
152
4478
655
4432
8826
8989
8058
3367
4418
7596
8968
1279
841
2705
2676
9209
3213
4932
114
6721
3117
5835
7701
222
4585
610
1423
9559
7256
3222
1581
9628
3606
3716
4843
8530
9763
9543
5532
7803
9237
5934
3953
6279
3671
5672
9055
2054
6811
4754
307
8015
1814
9313
347
6676
844
5803
7587
9032
3615
6808
9244
2323
3008
3012
4495
4022
8496
7674
216
6273
2765
7873
8877
9651
4453
6378
1110
2822
9922
508
3603
3696
6461
1773
5858
6186
8692
3998
4296
2364
84
9587
5324
1337
500
2713
8395
9857
4779
4943
445
7888
1681
2843
6855
1718
4243
1532
244
5522
7570
8140
8794
9972
2596
1287
1705
4341
7445
517
1883
3085
1004
8630
7887
6151
8176
395
6024
2415
3682
667
5188
5379
944
353
9860
987
9855
3132
268
2189
2820
8551
2218
6069
1957
6801
7970
9025
7828
4672
9366
5347
7106
5111
7662
8304
7657
3958
1078
4711
6325
6428
5344
2320
6466
3483
702
5362
7322
6556
6769
2777
6651
6594
6404
7578
5621
5348
2249
8736
5941
9834
993
6148
3163
3721
9938
9791
9564
4758
4236
8660
8326
4420
6063
4174
8033
3954
5497
492
2073
1962
9811
8975
9623
9220
7781
6394
3054
5733
5468
9790
6882
6143
5599
7202
4270
9383
1032
8254
2902
5981
2042
7184
1517
9388
1573
9016
6175
6691
5091
4978
9539
4828
9282
5067
6819
8117
3195
9801
8984
8259
3271
8592
4094
5393
7610
3378
848
5421
2478
4990
7298
1180
2113
941
2720
7602
5829
6485
5906
6323
4905
8746
5598
7358
2583
6633
5889
3451
8976
3257
8804
797
4610
2515
8617
964
5203
440
976
2276
5233
1019
9169
2598
5844
6880
6326
4416
3810
5049
2655
5197
2984
8270
6064
8099
5573
4181
1563
5927
3299
1061
2018
2187
3328
5505
5734
2472
8570
6446
1577
581
1976
1181
3969
8364
997
1944
5995
4161
9286
8899
9900
90
8849
6447
7013
3560
2735
3045
4961
5613
7126
7500
9677
6874
6637
1390
2597
5474
7694
6608
2574
9993
8650
2832
8042
140
4516
2608
2620
8151
8063
8286
8940
9116
274
5706
4149
2340
7817
3779
8929
7078
9442
8425
5841
9008
7720
8631
5697
1939
2081
9522
1451
272
1954
5288
2861
7660
8982
7246
9197
9960
2116
9195
8936
5345
6267
2748
3470
8572
9312
2293
3903
2136
3395
1068
6671
9285
3499
1611
4639
3019
4720
2653
8381
2107
5420
8393
1133
2667
6988
2979
2026
5576
7843
8233
9496
5182
8834
4632
1258
7978
7782
2426
4871
1576
5190
8669
2100
2519
5859
6647
3304
5570
3564
1426
6165
4405
9727
9741
7592
9454
7498
1383
5365
718
8049
4901
8817
499
7172
9493
8347
9603
7986
6505
589
9363
4411
1781
4696
3091
2203
7924
5358
8461
9049
1784
766
800
1312
5725
6677
9643
8201
2536
1407
8646
8819
6164
8943
2047
4458
9257
2171
1429
9499
8765
8130
1886
3184
6259
7300
70
5016
15
9778
4510
4142
2349
9961
8023
8341
7011
2643
4273
1770
8421
1768
5765
8706
5114
3546
3258
1296
7016
7247
7793
9574
3956
3142
7715
6709
1415
5443
6529
7136
498
9189
1081
2402
7549
1353
6114
5774
9863
7127
9948
8031
1379
8430
4079
967
3613
5032
405
4389
1971
3042
1711
9279
3097
832
4933
7521
9094
1260
7090
3905
6479
925
3880
4530
7044
8365
323
8628
4574
2212
416
1406
2152
4643
1033
2553
8749
5871
275
8515
7708
7494
9445
4234
7050
536
3039
8690
7952
6631
5257
5079
9329
5693
2
9465
2909
3069
1408
9284
8366
3524
9970
1811
5543
2221
1738
215
4408
8898
4271
6511
7226
4747
6231
1914
1024
8942
2592
955
1861
176
1995
6453
953
5649
9761
8553
5136
8816
3204
7929
1305
4403
9650
6890
5073
5440
3963
1802
2549
7707
4549
4813
5597
5269
5151
9591
4326
9629
3127
2752
559
8372
8181
5106
3128
3193
8908
4867
2839
2493
1844
1657
5025
7480
4430
8704
2006
7426
2812
4427
4188
894
3000
7752
2275
2321
3975
9620
6537
7704
5796
4337
9474
6322
25
3770
2160
9153
6912
750
837
575
4704
6542
9517
6490
1031
5545
3400
4647
1164
3113
7572
4049
5676
3831
5260
9720
8622
9987
9797
2298
9508
8585
4272
7747
5836
8234
7323
8974
5720
3189
6285
2144
4284
3661
8085
9320
6644
1551
7060
4470
888
8020
8386
8766
5703
3368
2432
9865
5019
724
9627
4165
5055
9817
8885
2863
4089
4888
2573
6464
1101
2108
8266
1062
266
3806
2434
5905
8648
3105
8244
9733
2672
5547
572
4916
6119
3818
5279
9699
6954
69
9099
1422
4824
7236
9058
5146
889
1672
6161
9409
2064
6234
8611
2488
3412
1689
2400
2646
1065
1964
3990
4396
6679
7561
249
8499
1464
2754
3088
9206
923
9601
7881
1466
4710
9030
409
3315
6334
5234
4379
4576
8512
7030
8784
7319
6547
2614
1922
3484
1884
9645
7070
8750
6392
5490
8316
3782
7719
2885
3266
3558
8696
776
4756
8788
3896
4850
7580
6087
4097
4037
5435
595
6862
1183
8912
1225
2122
4184
2625
3614
3635
4264
782
9576
4222
8688
219
515
4827
8767
746
1255
6886
418
9227
2071
4770
5586
5311
9118
3166
5175
7351
838
5640
3307
2440
8078
8892
6536
1058
4550
6132
5275
5489
1760
7002
1090
9861
5496
2811
5678
2616
9071
1411
5208
1790
7200
5201
7869
7295
9869
8482
1706
5591
3965
1373
2629
3722
6581
880
391
2406
7872
1918
5343
3466
257
9323
9231
2048
5938
3640
1477
7948
5980
552
3111
9154
9038
8310
9532
3044
2035
7243
8977
8632
8464
5912
3449
6526
6829
6719
1006
7846
258
3326
3167
2078
5775
8476
9905
3496
5520
4520
4976
6936
8489
4626
3917
6986
1201
2161
3710
7372
2186
469
9901
7117
5294
1682
4323
2953
9056
7109
1688
3070
770
7850
8154
4565
7496
2865
1208
6586
2601
940
7287
8893
3329
17
2256
1935
48
7856
5319
588
8775
8510
9719
7014
8523
1439
4133
9114
2699
3730
5663
3639
2470
9066
1818
1953
8965
1124
41
2714
111
7711
2015
1436
6620
7863
8677
7271
7477
9992
5783
8558
2755
7293
3442
5811
8079
5557
4303
9546
3190
4752
6395
2795
5716
3819
7311
4561
8771
2091
8550
8985
3109
2687
4245
7169
6422
5130
6241
2482
4812
3763
5901
5494
4545
7309
6745
4137
756
2013
4733
4608
7713
3856
6188
8751
3399
8990
8726
4059
9820
5837
6195
6826
6333
7403
4700
3509
4907
1368
5369
8389
6288
5363
3957
5961
9884
6248
9916
8290
6109
5634
284
9787
7834
6987
3078
5977
8517
8737
4479
1397
6969
4317
2050
3
3055
1600
5877
293
7885
5631
2234
7545
2388
2547
7051
6519
149
8004
5427
9212
1080
4256
8420
9873
7370
4442
8503
2593
4947
2285
5498
7900
8713
68
2094
2131
7118
3159
9180
9356
1966
2933
4862
2530
4739
7654
7833
6077
691
3182
5994
2722
4554
8132
5392
6232
8314
2554
855
966
8468
8368
9622
9342
9788
9931
4614
4810
5240
3744
103
1123
7982
2109
40
3587
9802
6072
3962
3860
7677
2773
9450
3133
5303
5542
8905
2112
1653
5953
7019
5098
7302
8795
1624
5220
6251
7180
9477
5794
6949
5442
810
9187
9596
1484
3852
8602
7541
1048
8158
3034
3165
2640
9848
4894
7209
6979
5793
2008
1497
8536
9775
3143
2132
8681
4064
8344
7254
4164
7664
4964
5615
9434
3465
9609
6052
1023
4722
4183
1805
5380
706
9272
8113
8255
3755
2280
1127
5559
1585
9923
1085
9078
4998
5855
1015
6162
4821
5204
3429
1849
6294
5493
6780
2594
4058
4409
7006
6223
9509
1750
8209
7493
956
3863
182
585
308
4960
4494
2939
525
4456
6992
4009
6036
5795
755
7448
7242
6061
9779
5301
9636
3391
8485
2004
8392
6205
1299
4151
3858
3226
809
5150
8453
7352
7047
4568
7222
2882
1615
4913
5935
2085
1634
9140
4719
4728
5707
4648
1495
1005
387
4460
7553
3279
9694
2247
2677
9722
7193
227
7455
4654
9526
8591
6883
1909
7509
8998
927
8894
5228
5960
6377
715
4232
61
6772
2495
4640
2065
4034
6130
7648
9050
4833
7815
6401
3160
7912
8876
6049
1224
4043
7540
2438
7478
1854
6345
8184
4835
5270
6050
6457
9330
1769
3504
7943
3489
1362
282
5948
4896
542
2117
5917
9503
9534
2019
4441
3126
9438
4012
3645
9325
2525
480
5232
983
1664
2889
7633
9665
633
8054
8629
6823
5503
1206
131
3030
457
154
135
4863
5034
620
3772
3156
3403
7853
27
7685
1088
669
6510
3600
2704
9123
8599
3740
2590
551
2986
5555
7653
4991
5895
4625
8507
9937
3667
1568
1874
5978
2462
9818
1047
8889
158
7534
1924
6514
3887
5761
6269
4026
8308
5583
3834
9765
3646
5116
2177
6044
8574
7036
4471
5281
1510
3334
4417
5628
4297
4033
8856
4189
6702
2817
4372
597
6978
6131
9648
2146
380
4201
3857
6135
7593
2570
7510
9176
402
7950
7910
5426
8730
978
6039
223
4694
2944
3136
9786
2421
5839
2698
2209
5511
7422
4237
417
4768
3550
7269
9143
7844
6781
3149
4800
4197
7378
1803
7984
3025
5643
4240
2032
4579
3886
3145
64
5164
5100
1959
598
2913
4370
7135
3551
8763
6863
2703
825
8916
4893
8640
8242
3876
4390
9882
9575
8092
1762
1555
570
349
7947
2231
5376
9912
2401
4291
5473
9828
2182
4650
4922
7618
5762
6650
6840
6596
1151
5732
4428
9293
6105
2753
8859
4674
3380
998
5915
4160
1789
9695
1246
6663
1482
3659
1869
1120
3634
2224
6103
1623
3968
9384
351
2277
240
3362
5206
429
6812
5317
6056
5333
5560
6735
1176
7794
9892
747
3041
5851
7908
1082
8638
4570
3161
3946
1549
1746
7585
6713
9235
8227
4279
1700
4517
7750
9289
2164
1911
5126
3410
7556
1384
3666
8962
9269
7062
10
6600
2137
1175
2392
6054
7167
7165
3077
229
8329
5406
5749
6117
4105
6449
2706
6041
9647
783
973
2128
8973
3015
8720
5157
6076
1010
5428
7896
3262
1500
7248
4605
2578
9951
9605
1169
5284
8423
1035
5878
8156
2417
8732
5619
5679
5148
7037
200
2685
4830
447
1217
8930
2051
9989
2633
791
2726
9175
9816
4461
7560
3327
8252
9752
9494
8636
4257
9245
6580
3719
1880
9421
5916
2518
7786
7967
7874
7018
4906
7314
5648
6489
1160
2947
2870
9117
4385
7603
5805
4457
312
1036
1098
8647
9684
1249
2957
6634
1400
5418
1395
7288
3680
5072
1850
4866
7759
4278
7003
3103
2499
1747
3487
8639
8655
1631
1925
4115
8979
59
8333
7186
177
3861
8584
1467
7742
4989
2636
962
7338
511
8557
1359
9403
2377
1645
29
3916
2242
3520
9044
8712
7040
3742
3983
2501
254
159
3698
943
399
5943
6798
6503
9041
6615
8361
3422
5023
6025
8743
7868
6306
4921
6857
2370
5854
9760
9657
3652
9750
2772
9328
4205
2568
1783
9822
9414
1303
327
1097
6924
3915
5139
8871
354
4020
576
6589
6501
2680
2123
9432
6440
8716
7041
5908
6431
3084
4098
1331
6481
451
8957
3982
7804
9137
3653
38
3619
9898
6739
9059
4319
7775
7632
3595
4718
3893
5008
5671
7636
8114
6891
6564
2910
3115
1323
3660
5669
2121
3017
8535
4210
9423
2692
9113
7840
8792
8141
3792
8487
2049
7032
6982
1590
6426
6657
1720
8869
7034
8782
3325
363
4283
4773
5330
1675
7988
2316
364
2380
5102
9745
6254
9182
1520
916
1313
6604
3871
2214
6850
9005
7808
8070
6495
4801
3728
8241
2220
5840
1595
1355
7400
9165
6787
3420
6209
1658
6915
8424
313
1649
1807
7787
2029
3711
7463
9602
5565
4015
4898
642
7150
2859
3636
1144
2393
8571
9555
2695
3572
9551
5246
2736
4036
4939
9908
422
3879
24
2222
4211
262
2973
265
5401
3588
7181
2565
9748
7558
662
1396
8185
2987
881
1216
1244
3434
3361
8410
9568
5377
4226
1801
2990
7265
3694
821
9925
2576
1409
5094
5403
3527
9310
9942
2710
683
6108
305
4732
6313
5596
8868
5210
8139
2503
774
1046
1111
1504
3275
3713
8369
7730
2686
1912
8177
252
7634
1416
3647
8502
6411
4402
81
8598
9088
360
4854
2668
5502
9469
6919
3043
5247
5550
6865
5267
256
773
7766
6463
9639
3214
8668
3217
5968
2118
969
6128
8291
2604
3486
3180
7419
2307
9716
3020
1943
3884
9346
401
9460
7235
1329
2517
8830
9996
7911
2263
8375
3274
2428
7827
6289
4422
5373
8206
5293
7316
8532
7216
9728
813
723
8059
2674
5095
4192
8443
4925
9043
6217
7951
9333
1667
5221
163
7398
6957
7391
8757
7670
13
805
3987
7284
8168
2611
7562
6552
3902
80
5495
4468
4322
1060
578
2988
8603
9416
9680
2675
6347
1158
1519
6686
9023
6365
4556
3010
2196
2513
9364
2155
2027
4157
8946
5332
4981
6156
9667
3522
8888
6621
6976
5368
5024
4564
2009
7128
3276
7611
8442
3289
8048
9393
3245
9876
945
6990
2888
840
4842
8195
9880
5922
6701
2734
1134
2135
1950
1826
4562
6782
9731
735
89
7895
7845
4208
7718
5997
3492
9783
2020
712
8539
3799
9521
8832
8627
5145
4045
985
7818
7147
4277
5409
9105
989
2897
6562
6047
963
2577
8597
7406
3191
338
45
4029
9430
7528
9771
2350
3926
9513
7462
1754
7647
5433
8047
9569
6914
2095
311
1139
8383
9326
2985
1288
3365
1617
2319
1103
9373
2423
6213
9081
8818
1927
2067
2140
1455
1867
9371
8641
7990
7706
63
9277
2291
8805
4563
562
6622
483
8542
7273
5806
3620
2886
8123
6774
2484
1346
8370
4594
8928
1398
6573
2824
4986
7093
3002
3688
2424
7839
1499
1864
5825
5856
1045
5065
8183
3086
8956
6958
4200
1897
3377
697
1767
4383
6155
4152
7175
9360
4147
1471
7667
117
6869
938
4979
1960
9304
2445
2358
4902
6606
34
6226
3059
7417
8094
9048
6287
8903
554
7959
2524
6154
5890
8471
1958
3865
3622
887
7038
444
4217
3829
7198
9316
3455
836
9236
3617
2489
7651
3812
9618
4519
82
7396
7282
4659
2858
5274
9331
8073
9952
1819
8160
4135
6321
4956
1042
7084
2769
1629
7772
1881
6983
9889
2709
7297
3456
867
4083
6399
9379
7806
1152
6879
8773
6296
733
604
8101
6353
7125
9525
3941
7882
7993
9216
2923
6662
6831
3392
8671
6693
6013
7686
9773
6695
2810
9204
2129
1232
5015
8035
6591
9167
6085
8441
4126
2831
8541
2389
1763
2101
4084
1307
6696
681
8722
4820
9222
346
4656
5654
4604
3237
657
4363
7142
4261
9420
4885
4005
5820
1515
1948
5053
5606
4048
2023
5721
6172
5709
4997
9567
8338
2138
6744
3775
7122
5012
4776
8519
9136
9531
8724
2881
6649
8076
5924
4357
9666
4695
3535
2058
2031
4449
361
8097
1647
358
1882
2003
8124
2240
8171
2028
6158
6726
5824
8467
7368
5226
8301
3306
5415
641
4652
4846
5741
6094
4464
6079
5186
6492
1956
9241
1828
9528
2306
7375
1011
2479
8739
7796
2684
7066
8702
1358
580
1524
3847
7161
7854
4890
1432
7267
8852
39
9781
9909
5618
9738
9299
6611
9829
5577
4662
9570
543
5682
9201
2738
4244
9017
7579
8543
7366
450
5549
739
8534
4781
9874
5213
2757
3616
6585
9631
8959
1399
6690
1481
3200
3885
3476
1161
1438
5402
873
1295
590
2007
2055
6710
7832
6531
6458
1339
6528
2157
2188
2963
6346
2286
4717
1018
8398
3114
6694
621
7100
882
5149
1870
4928
7076
4985
9232
7056
1938
9983
6711
6051
3514
5853
1230
2250
1646
6177
3038
7189
5772
8901
2968
3937
913
8394
509
8231
5842
4008
2312
8411
6628
5429
5356
7999
6729
2579
2943
663
7847
5183
1724
7249
5865
686
1389
7981
6736
2997
5886
2914
7512
4699
1300
4955
235
6504
7953
5090
2512
2436
5372
3339
3542
4745
4308
7213
1840
4603
1444
6773
462
729
5691
1366
2623
3379
7101
6868
6026
9261
3338
286
7296
6432
3026
5923
6995
2818
6681
593
1564
5809
1294
5219
9070
8656
4496
9774
9353
863
6211
8203
8211
7461
1448
9103
5477
9548
2683
3846
2694
1231
9595
2278
8002
8067
7348
4010
6476
7146
9687
977
3282
7859
2248
4616
4365
2759
9537
8707
5955
9815
6810
7386
164
5510
1965
2232
7619
9013
5753
2805
1749
4848
2201
7164
9527
6971
5579
8872
4476
775
505
2903
6916
9505
2079
2300
3741
6993
6312
8438
4117
3260
3562
6096
707
4375
7870
4685
7
5759
9053
6384
4075
1640
2061
5616
7008
3570
4153
1936
9324
8264
8477
1251
2252
4658
7306
7733
4858
5636
8731
5391
849
5590
1008
6574
8705
5422
230
9883
9979
7753
5723
1020
8297
1942
1989
263
194
2521
8408
1913
5833
3335
5305
3569
6266
2617
4144
2971
2591
102
9710
6765
8620
1786
9597
7317
3094
9428
5885
4047
2651
8405
5951
1871
860
9928
6190
1904
3280
7877
4118
8645
2106
2776
9491
3232
722
8153
2452
600
3223
1603
3518
3601
3268
4419
459
3559
2170
5200
3079
835
7335
9069
3098
3292
6305
3413
7355
8133
4884
5925
8560
2464
673
3302
7277
1350
5273
1453
150
9826
936
2972
2460
4977
9549
9365
4014
3013
3630
6055
2546
4327
3224
1442
8623
8149
6417
9617
7023
3375
5541
3826
6975
1859
6471
1357
8071
7098
437
1291
3312
8263
1735
367
765
1200
9974
3534
7799
2514
1163
3052
427
3717
6152
9654
1067
2697
7024
8282
5807
3029
2115
9560
4195
579
3566
5359
7969
8313
1449
8479
7608
3139
6814
7995
6913
5037
4993
4780
3358
5128
7451
4266
2689
6970
5764
7889
5143
7547
5131
1846
2361
9836
7913
1680
5939
8855
4883
9924
3239
4547
8514
5712
7987
7756
365
8486
5743
246
1540
9769
1614
3140
4597
4333
9982
7616
9688
2090
2857
9177
5038
6743
6183
6598
3758
8391
8661
2072
6512
2931
8635
1797
4381
1227
2238
2730
253
9589
8865
6687
799
574
1285
3063
1907
5813
8324
4953
1860
3651
1774
1806
4251
337
9135
7875
1794
1116
5582
3737
8493
3436
1117
9515
1083
95
5172
4096
8958
3389
6706
1325
4060
146
1986
4295
6123
2225
6776
2491
2767
8449
9977
7349
895
1728
4714
5748
2742
6169
5930
8605
2213
2739
7501
7906
6714
478
2262
8760
3185
6406
3437
1589
6221
6298
6219
2329
1505
6968
242
2366
5546
1620
357
1321
8691
5752
3537
6035
7958
4116
3236
7785
1674
2946
7264
3720
9759
9052
3506
4954
2450
170
7698
129
5339
7393
9327
2541
382
6885
3934
6084
6961
8728
8127
9611
5432
5331
6382
8906
2443
5567
5863
5745
1338
7577
8963
9962
8537
3768
466
1739
780
519
544
8427
8987
4306
2894
7672
9959
3586
3881
179
7488
7177
7765
7703
3626
9447
5517
2539
930
3491
1692
4609
4358
9498
3308
5461
2624
8198
3584
5965
5040
1539
5969
869
1447
4219
6618
846
6927
9606
7479
5056
3240
5364
4832
3482
2551
3788
7790
383
561
1282
1691
465
2052
6601
8569
2039
106
5611
2784
1136
6792
4778
2650
6256
8521
9127
4351
8343
3247
6670
5600
7764
3414
9553
5791
1900
3293
8854
9367
974
9891
928
9655
4325
7729
9306
8105
1761
4512
4709
6921
1143
2336
3168
5329
6605
2595
8526
7350
4917
6303
6332
1469
1099
9910
3974
8565
8083
2721
3754
5060
5920
6017
7075
1677
1267
7313
9632
6903
4592
6877
1233
6200
5797
4162
5349
9146
5868
3394
3269
5959
4586
8040
3706
924
9076
6956
8825
1274
6488
3607
3281
640
4808
7458
3231
708
5248
9542
9022
7377
4406
4070
6402
8418
7088
1104
8018
3895
5112
2693
2992
1154
3808
5843
2395
4897
463
7192
4539
169
5903
4204
2301
6561
7665
8604
9718
8028
1892
6299
9156
6524
2893
4013
2251
9625
2394
4463
7333
1264
9939
1140
4235
3657
7601
6363
8356
3151
1247
6086
9604
3296
3591
6741
3110
3791
1857
6374
2509
3973
2418
3993
7884
7388
5041
5589
2328
3765
9234
8088
3267
3428
2190
317
2305
1077
4712
3102
7821
5982
6009
8710
173
7727
2652
9408
4001
295
1606
8769
3889
7261
4373
4818
328
276
9653
7187
1174
8299
3287
4671
784
5574
9870
8146
191
7851
8400
133
2410
4715
2718
9619
1348
2950
4521
4053
2466
4513
3309
4227
871
2447
7468
8754
8994
3219
350
3723
5077
2456
5524
1186
6173
512
4203
6737
9978
1890
965
1901
9456
8880
8256
9268
9637
7736
2057
1261
7537
4531
9192
6538
1071
5341
5039
6820
2904
5250
4551
5976
7305
521
1992
7550
5529
3270
4452
9224
7820
5205
2559
4119
9475
8159
5449
5070
2922
3796
7031
6349
51
7275
7724
8118
4186
3317
8061
3494
7638
3444
1319
2645
5181
732
1910
9853
7411
9394
5451
2809
7020
9685
6911
3154
2791
1367
7294
1601
5588
2154
822
400
1946
6350
2745
9152
2529
9990
8212
8533
1196
145
3424
7116
3445
6028
8740
8625
9387
6230
4929
3297
6734
9158
19
9226
8815
6239
7680
5408
5585
8791
280
7079
8409
4853
1730
3913
807
8927
4202
6567
6371
5675
7802
9483
2111
9833
506
2086
8494
107
1891
7819
7469
7114
648
1778
4838
2562
8729
1034
5722
5354
909
2259
6212
4280
2917
5724
8009
6099
458
6474
1156
9003
3712
6639
6972
3370
6058
6062
1374
9973
5913
5074
1326
2385
4006
8891
4912
531
232
5548
6522
1558
9223
3795
7210
407
9679
5176
6791
6674
9796
6361
9806
2862
3948
3144
3892
6507
5163
7099
1553
4398
8379
5171
1105
5239
2935
5430
2921
3265
9810
4260
3602
6071
6682
6789
4751
3360
2075
3479
2134
3842
8945
224
8875
3549
9947
3899
1229
5135
196
392
302
2995
984
968
2581
3548
4680
5196
4560
5666
9692
6292
1988
7407
5645
8340
3503
8790
4806
8032
4016
2900
1766
6672
862
2288
7655
6587
5990
591
8454
8387
8607
1461
4775
6142
4767
8700
1055
7621
886
7460
1566
5926
2255
3762
4307
4431
5425
1199
1145
3330
8451
3655
1707
814
5519
8428
301
7836
9263
5159
7573
4934
9186
9162
6250
7748
7738
5153
2211
8196
3964
5822
8774
2441
4664
1218
3108
4028
180
6896
2702
9062
853
5280
929
3800
3332
7687
7743
2701
3748
9104
2304
6410
8497
2814
4598
2622
108
6364
5351
5635
4359
6126
6950
1845
8544
7151
8555
9145
8003
2960
7944
7239
342
5479
5828
7420
3061
4044
7340
4262
2872
6878
9248
6849
1166
9467
16
7291
8457
4314
289
1446
5527
8608
9980
2236
2670
1791
4176
2096
3931
9495
71
1240
7105
4446
939
7227
3064
5170
7270
7444
7045
636
7831
3249
9115
9082
1921
3462
7082
6540
8547
6535
1017
2449
2191
3033
1701
6646
126
9218
7459
5777
4851
7141
7217
6841
4825
7449
6722
1191
2945
5031
3346
549
9854
2610
62
7215
7017
7641
7327
3605
7401
8878
8951
9579
5875
9412
55
9085
3215
1873
9839
3624
6008
1402
3922
6625
1896
8462
9649
8129
8676
5894
4364
4055
7308
4606
2257
5601
4368
4619
2162
6370
8809
9464
2516
3432
9621
8902
4653
9953
1622
6037
2540
9866
5122
6317
3157
7878
8799
6899
7266
3752
4865
7497
3515
5662
411
9711
2654
3955
4738
7905
7418
695
6206
9406
5686
6113
1324
6397
4795
9242
9967
4392
2912
1993
4945
6520
6139
6168
4329
651
5563
50
6500
2962
9805
1087
7010
3874
8459
201
9230
7476
8590
5290
2878
2204
4171
5207
4936
372
6468
3301
7485
3609
1604
7658
3739
6832
7301
2582
8251
6942
2707
1671
4268
6004
6775
5092
3766
6409
7963
6483
6963
5866
1839
6851
1545
156
1588
7758
3526
5902
5581
4301
3813
7546
5385
2891
8949
1459
1203
6733
3761
533
1109
2892
7649
719
5989
8742
3439
9717
2151
876
8232
3704
5467
1360
1685
8069
644
8000
47
8444
1822
1602
7399
3152
4575
6533
8759
2647
7536
904
3225
3966
1130
3022
192
8170
3323
160
7779
639
7659
3832
5307
7252
1343
3891
8062
1831
1621
151
6125
2271
7431
1474
5419
7212
2448
388
6994
410
7575
183
4595
9616
5945
7842
2774
4849
3153
4826
6002
9644
6844
2825
5099
4852
4414
8172
1670
745
426
3201
1496
6420
8939
288
2083
1815
8679
3731
9936
7926
5605
6396
7339
2334
2956
1908
6290
4591
2148
4220
9490
1454
1388
6867
137
8016
9626
7936
8043
5966
594
7362
7599
9674
7416
5687
4490
2756
2575
2803
2875
2662
8848
5471
1970
4138
2147
5014
3255
6078
3574
8416
6508
2296
278
1851
1119
7656
3035
3331
1308
8626
1293
5125
6570
2398
4765
4054
7321
4343
6316
5580
5767
1038
8618
4393
1153
1903
7883
8350
4304
1550
6557
7861
2202
1108
6609
8373
5624
5340
1997
9886
9376
8810
2673
1530
7139
3199
7563
7682
54
1214
8581
4774
1057
6456
2681
93
3277
5869
6329
7440
8034
7357
9446
6381
988
3478
1069
632
2422
7627
9646
9252
6150
4870
352
6817
1977
198
5963
1092
1848
5264
9767
2506
217
6215
9083
9735
9256
3853
1556
7544
5209
6243
5251
8017
3463
2816
9148
5921
3028
4429
8037
8579
237
5485
6141
4762
8918
9439
7554
9378
3977
4994
4487
6843
3198
7919
661
8052
8812
2952
6093
6875
3870
7341
283
7174
9297
4611
6081
7492
2545
9538
7571
3318
2771
3150
7529
7052
9338
7502
8433
8786
6242
5254
2762
3701
376
1226
2172
7825
4225
5670
9415
7945
