1228
2370
6939
5558
9998
1384
930
7737
8206
6735
9681
7751
6657
1390
8827
671
9012
2992
7819
8059
355
568
6682
9464
6859
2734
127
5374
7180
7762
8068
9565
9106
5770
4084
1011
7288
5245
7174
4762
2510
616
7051
4167
3249
6078
8102
6975
2058
18
9927
9835
9768
6998
3170
7743
9660
130
2057
3841
4881
268
1947
7197
5126
9782
4775
9626
1426
1805
5986
2700
8315
6699
222
4798
2382
1121
7082
2140
2451
3191
7122
7135
738
7544
2051
1031
6784
1788
6305
9567
6966
8343
1583
9674
1507
9920
242
5152
4789
505
4261
5311
9540
2128
7865
6531
3126
1920
5219
4439
5427
1238
7317
3658
5658
9680
3777
2285
4511
6017
2847
6017
660
2322
622
9557
9946
9753
5217
3720
2473
5636
1036
4582
7511
6365
3387
3984
3484
3716
7643
7809
3561
22
7958
9901
6463
5958
5790
782
5237
9712
3390
6412
6761
8761
3563
3318
2706
9906
9915
5919
8972
8970
8299
9578
9188
975
8661
4087
8082
5268
4392
8878
3264
2956
1748
8530
1478
6416
6847
170
588
1386
3936
8137
9544
2981
8917
5141
8885
306
4108
8979
7844
9754
1893
4968
1145
409
8537
9965
6376
110
8216
1002
4737
6002
7676
9672
240
3857
7914
1429
1566
3339
5491
2974
6948
6796
6197
9916
1736
618
1214
480
4358
4971
9293
3011
798
2003
1455
1425
6716
6116
5692
3611
9425
8587
5316
1660
843
1337
8646
4830
8431
9104
7900
7072
5484
4607
3283
8577
7249
7378
4891
3111
3312
7602
4965
2338
3616
6210
4269
7969
4766
5409
3590
3517
3551
3796
1164
5927
3023
2568
5815
8383
3958
4955
8289
4640
8242
7697
1130
2224
6558
5643
2180
673
6091
7745
347
6765
275
3702
2505
1252
526
1663
4338
6740
4036
9982
8596
6021
3092
2405
77
3430
4305
5421
4243
9317
8453
9929
2472
9776
9224
539
6031
732
9459
6472
538
6531
6618
8322
143
9637
8
4066
6417
3748
3906
5452
2041
5785
9514
7806
5616
6072
8991
5955
2486
7865
7707
265
3772
5917
1524
6435
4184
173
4530
4117
772
1081
6872
8678
8516
2571
339
3842
7817
8009
1073
6424
4611
4473
3333
6623
2070
4123
7800
7763
6980
7781
6913
4194
6004
5256
904
1826
8656
6474
3712
5114
843
337
2349
2178
634
4957
3959
1656
2842
3795
5560
1854
7142
7081
518
8519
2773
5691
1673
8503
8708
3955
2453
5647
1677
7193
4083
6227
632
6549
6390
8514
6774
3939
1969
1892
8868
8245
9968
5098
5446
1500
6185
9830
946
1266
1700
3038
2264
1083
4940
9450
6982
2415
6748
954
1398
156
3849
9251
6217
2947
2164
466
8906
1459
7569
9536
9105
1385
4760
9767
3451
6692
3789
308
525
6845
5817
5442
9025
2577
8474
7792
8228
9126
8152
5909
7474
5723
5404
5851
9492
8988
1235
3941
3854
5284
6456
8254
9628
1299
1696
9597
8331
9602
7412
7721
1233
5512
7213
7999
1079
2676
6778
5986
2899
8158
2123
484
1762
3697
9601
2864
9395
330
1224
2049
6850
8171
3775
2182
1406
8010
3421
6034
6680
7032
5092
5052
4636
4113
169
4584
3660
4753
6597
5785
8156
1356
1959
7075
3925
548
8715
2839
7690
8222
5762
7955
2171
1529
9281
5754
2483
6092
3567
3384
700
9315
3930
5788
6975
9726
6833
8520
6111
2173
5409
9643
9729
8727
2430
7438
8397
1453
4257
8972
4184
2033
905
2252
1925
993
8404
8958
2364
9174
2191
6325
6639
1189
8324
31
1782
6379
4660
7502
618
2141
1957
8256
1126
5333
7083
3559
2397
5938
349
2636
2603
7943
3423
9411
4340
6362
2300
9654
1399
3169
7994
4176
2488
7396
940
3875
2051
9531
1447
3286
8000
5518
3041
8119
1833
2950
3895
9988
8852
405
6630
7104
2625
682
9452
1946
7794
1717
6102
1361
7313
3977
3322
8627
3782
5479
6304
1710
3014
3519
2826
3036
1210
2520
530
9496
9340
3542
7205
1734
3636
7035
7884
7115
3941
29
475
3135
1327
3239
9096
6272
8189
9540
5086
2107
4070
2369
9950
933
7257
4949
772
9885
9401
6649
1145
3558
8054
5337
8833
5039
5558
4115
6137
8553
4691
5322
367
5450
2556
7935
6560
6146
1365
363
2352
9685
8462
5813
9078
1713
6330
6882
5703
5959
938
9601
9748
7463
6356
2035
2150
9947
747
5930
1932
9447
1946
3279
5974
5847
3229
3380
3868
403
8884
2471
2463
8945
7970
165
8385
5282
1374
6201
6015
6337
5339
1082
9997
516
2445
7518
5107
2500
2038
7329
7665
5880
1187
306
3186
6280
8626
5392
8164
7599
3824
3527
252
5020
5137
4538
9205
5423
1386
6282
4559
3516
7231
9659
6385
6242
2246
1998
2289
1791
7064
941
7005
9192
8380
7310
1897
9251
4163
7046
3049
2157
9156
354
4105
9028
5259
2535
2096
1842
5839
5611
6424
6744
6113
1480
1118
7522
9607
8518
5606
9326
9552
7938
1201
4317
2815
1823
3597
9553
8998
4091
1112
496
7289
468
3347
8118
5325
6423
9752
8742
3445
8031
6739
8892
8906
4592
221
4335
2858
1170
5915
6355
5330
5540
4246
5293
5107
7034
126
4386
7697
2244
9995
4646
4886
6142
9701
2334
3884
6490
7261
8265
5502
410
4214
7634
1028
7412
4448
8436
1278
2911
4504
9226
5140
8103
5690
3880
8223
4171
5710
8425
7931
1547
6100
8950
4208
5810
2267
9252
5518
907
9369
4635
1112
1479
9709
6986
2434
1930
2233
7760
8683
4745
3692
7376
9355
1920
4338
9880
8779
4559
4676
4063
6166
4966
6528
5342
420
4233
733
5458
6036
7864
1716
7220
2376
5544
1423
4893
3647
5250
8750
2169
9755
9502
8849
1910
6486
2049
1983
5507
8441
6798
4501
4137
1794
7272
3188
531
2669
4255
5462
1707
9979
5616
1249
1281
752
4610
2021
8139
1972
5606
6965
6332
6907
6188
9142
8282
416
9065
6838
7191
3543
7961
7127
8561
7125
7108
7520
2031
5942
6501
6868
6163
1170
9234
2474
2046
2393
5623
6370
2124
6523
3736
2120
1379
1155
1729
8286
348
5199
3969
4414
25
9060
8573
7704
6274
9224
7722
6825
3444
1509
1589
358
8995
8810
2363
4259
8927
6256
6023
8640
3332
4082
5516
7437
7732
7554
3085
5335
9289
3525
7515
3533
6580
6746
492
6244
4191
3914
3793
8104
9499
7101
6684
8885
6669
89
2959
245
7115
6400
6718
5008
2048
5640
6427
4556
9219
5377
8875
2701
1664
3170
6473
540
7709
4676
7257
4758
1284
7131
9286
2318
6918
2285
8250
4641
7451
1277
2631
3547
189
5574
76
929
7144
5631
4362
5644
8444
4754
8934
3531
5313
40
6966
5071
9199
4228
3334
8706
13
3521
7134
4719
8489
2367
8590
728
4374
1498
7353
3980
562
7580
3598
4842
8381
8637
3166
2641
7702
4908
2316
2360
3177
6607
4668
2349
5271
1166
5015
3061
9357
2493
4570
8491
2665
1373
9353
9638
2380
5673
5046
9739
6543
7685
353
9090
1233
7678
7905
5304
9282
3083
5359
4889
1440
1477
5235
5972
8411
7455
7624
8734
38
2964
9418
9007
4813
3257
3181
5463
4241
2527
3048
6659
1843
2851
9870
1350
7881
4010
3194
4519
1107
5093
3886
9774
7737
8186
7617
5910
7946
4285
7284
3427
2437
5519
2293
6798
2799
4879
981
2072
2028
495
8342
7130
2521
3000
3968
2870
6819
8171
5121
2217
2189
7582
943
813
1008
6360
8843
1961
5896
8082
1210
6612
1615
5509
7807
9075
3151
3803
4452
4509
9206
7786
5164
3085
1999
2535
6884
5274
8101
4196
6991
6609
6296
6094
5862
1465
8400
6645
1468
2059
6742
7132
3239
5079
5361
5770
2443
93
2881
7472
5017
3674
8449
843
43
1552
7645
4095
5774
5149
9965
9588
2299
5347
327
9362
3118
6620
7597
6935
3917
8658
1783
6963
3572
5609
911
9507
681
3320
5661
9537
3557
3008
5126
7931
806
6183
2424
6490
8120
2035
8332
1669
6017
5392
3959
598
6621
4946
6531
7321
8610
1833
9523
8849
6295
7410
4229
5503
4229
5067
7310
8825
5986
4435
5304
9879
8707
6549
131
5547
6900
8020
3782
6315
781
4906
6943
6054
4813
6740
6614
6406
2436
8176
4010
304
1444
8285
2804
5674
6964
2119
4930
1333
3044
4596
2167
3570
2478
1043
9230
9186
6174
4349
9748
162
8729
1864
1895
7003
5105
4845
8794
6678
8044
6857
2500
2945
5041
8838
5366
9261
8145
2783
8029
7614
5670
5093
7281
6301
653
7591
8735
9
1895
3109
2506
4649
3001
8652
1686
2929
2196
4659
9124
4283
1170
4223
426
2829
7443
4974
2432
5672
6893
3811
204
4040
8392
7988
3296
899
8404
3762
4682
4968
6045
3769
5281
5176
8435
1648
5832
3938
7273
4066
8042
8491
6277
385
2393
9680
8181
6770
4221
8669
7522
7599
1401
3820
8967
2424
9708
8130
5779
2207
151
6628
3403
7372
8439
6439
5894
5033
21
490
4036
1479
9604
4727
5039
9356
8258
1583
9518
5163
5806
1593
2723
4465
940
340
5711
3549
4482
9888
2791
9499
75
7270
3360
6876
3003
7224
6677
1714
2711
1841
9924
3568
5482
4623
9321
7064
7786
2831
6168
5880
3877
5413
3638
1862
771
4004
4747
7033
1753
9254
861
787
5592
6352
2784
3681
3460
156
6319
8890
3458
1633
1939
2918
775
955
7474
8944
225
8494
5184
6426
4781
9650
1578
1148
2851
636
9672
7236
9729
6270
3656
9402
5956
6160
3059
1807
1331
8537
7205
4135
3450
6879
6096
4126
4434
3611
2930
6607
9177
1094
4810
3542
4272
6613
5913
8808
36
3050
9460
7548
5738
4581
7875
327
2453
5030
7777
6374
5414
8249
1560
2081
2730
5808
1078
9725
4451
6752
6514
3299
7737
1865
6965
2435
2887
5937
5644
1457
562
8544
6559
9397
6806
565
6987
4066
6576
9888
7448
4952
2959
8129
8641
7954
9200
4733
7990
6645
5221
5554
1870
4194
1376
421
2754
9652
5599
6650
9361
1873
8220
5737
1603
2424
7952
1944
2137
9296
8031
9292
7395
7245
7997
1969
6556
6244
6077
4171
9621
855
5672
5670
5731
5025
4398
7396
1201
8498
3683
6245
5194
2814
7841
9729
4943
3297
4863
8975
1916
617
5306
4312
9272
4440
5432
7590
4562
5372
9497
7810
9183
2385
4865
6437
948
2514
5695
9944
2779
5290
4642
591
845
9229
6855
8022
2176
8671
2681
8545
7496
7817
9600
7659
9579
796
6804
5618
7454
3475
6939
8375
7638
9661
9914
5924
3913
388
2345
6411
563
7303
6929
6749
856
6421
2736
5033
8332
7887
3158
9804
5844
6072
6318
1435
6888
7969
4529
3506
6458
4291
8141
6099
1566
300
6556
2908
1139
8161
9279
6807
4479
8912
1283
497
7159
9306
9635
793
6438
229
2602
7664
3224
1185
945
5800
5325
3288
1741
9141
9964
6364
8947
5521
5469
3324
7606
3004
4806
2356
5333
7481
5813
1244
1090
657
3649
8151
7726
7842
4715
1506
425
1918
5386
4854
7362
5001
8729
6669
7611
5187
1951
1097
4728
3873
1633
1444
7932
3479
3673
3512
4676
7597
7608
71
1291
7230
5594
6827
5477
8952
3178
9597
4577
1522
1734
6063
9269
6657
1858
6808
5117
6693
9788
9434
3427
2367
6826
6759
3871
9307
1664
344
4497
6023
8705
8530
2824
6365
7238
6638
2904
8651
8994
5174
2362
3164
5139
6830
8952
527
6259
233
2078
773
8811
9627
2060
9580
3143
1332
8404
7947
4457
4097
9631
6159
7930
8069
4947
1253
3075
2278
8247
1084
8360
1448
4648
2671
7728
7270
6272
9182
294
4469
6390
7579
3085
4701
5666
4140
5852
6961
3048
3333
8074
7108
5165
5443
1875
6698
2193
1887
2659
8918
8363
2646
3233
9968
9572
5566
2302
1279
7411
1814
799
3150
2304
533
9171
5763
1724
8998
9629
102
2530
7600
8064
3772
1132
1666
4104
2425
8663
4427
2423
574
3240
15
851
5327
1972
6350
2358
4456
3184
2368
3660
3410
7212
3032
5639
78
1187
3141
4011
5251
6910
9251
8824
4085
9901
3205
6275
8422
908
4319
4793
5863
2378
8694
5197
9792
5492
27
1324
5706
4939
5283
9124
4715
5355
8544
1691
2971
4342
3694
2385
8769
1894
2728
2804
8181
4781
4703
5182
3776
1143
2487
4951
3551
7217
5309
4399
5759
3957
9589
610
572
3282
8867
1578
2300
3048
9437
8198
2858
5280
7099
2664
444
3033
7159
1984
6032
3711
7102
2884
2047
8044
2561
8013
3854
6839
9199
1715
49
2532
4197
1009
1925
889
2127
1888
5357
2450
9097
9372
5942
1109
2630
4814
2546
2221
8385
4030
8289
8014
7537
4692
1261
8422
691
4218
9645
231
302
9716
9514
76
910
7972
3500
1051
8450
7553
5192
1677
5741
6827
2310
9853
3789
6567
5490
9295
251
7409
6901
1498
2671
8837
5425
6554
1053
358
578
8021
7334
7799
9668
9792
4165
8670
8878
8741
6205
8892
6295
1848
2797
8588
8921
3346
4088
8135
2533
9077
9031
9191
4691
1142
3505
7271
2752
2966
1198
9487
946
6740
9093
5059
5676
3306
5098
9342
7619
9776
498
8066
5134
9275
2458
6020
8436
1935
5747
280
979
7398
3370
6938
5498
9500
8491
807
4385
1780
104
5617
6936
3884
5925
819
7511
6016
7760
9578
170
2727
7609
9184
5634
2128
7140
1550
1371
4122
3861
8907
4843
1710
7568
5640
7309
3538
6441
5090
5777
4873
2297
647
9292
9750
2564
2573
6848
8993
5089
2243
9185
8084
51
2315
2136
6993
6056
2223
785
4385
9847
2876
1235
191
2801
1295
5774
9531
3800
2503
5145
4476
5184
9060
5358
1526
3217
453
7764
5700
1348
9142
3506
594
595
367
765
1761
774
6767
158
7838
7170
1114
837
9225
6918
5304
8538
6665
5911
2629
6270
6364
3426
4178
9611
7193
1916
7403
794
2195
3085
6497
2976
9777
761
7352
6601
905
9514
9849
8581
9859
867
9140
4348
8833
9982
7345
3315
7042
2810
1598
5485
8218
8705
1304
2633
1197
1981
1645
4795
4201
6289
558
7557
2520
5
932
5111
4678
5060
4599
3942
8895
4672
7405
5283
5650
309
1745
7188
6640
6474
8557
9883
2123
7653
9954
6857
8117
6177
7978
8754
52
9063
6586
613
675
9305
1147
349
7492
3704
7951
7109
5445
9262
1936
9730
2410
3086
8169
6619
7836
4658
7172
7500
5253
6391
3911
8252
2364
4878
784
8217
7880
8585
8832
4056
9724
4407
4028
3539
9584
9615
1762
3767
8427
7779
1906
1079
4136
1625
9464
6124
2789
9245
2114
5213
8883
742
8120
5145
6686
3496
1355
8953
7204
8288
415
40
6017
7342
9267
8325
6965
2288
7588
2988
6101
9815
7728
6354
1990
5387
9164
3150
6650
2561
6553
8096
6592
7364
5835
5623
6783
6251
529
480
8712
7966
8957
4208
7395
7916
2737
1794
4354
5592
9882
8898
1166
9039
2477
7661
1490
8973
1717
8049
6859
8196
6991
1136
5171
9292
1179
5937
4180
4489
2854
7630
1642
4257
7280
8832
6157
5330
4874
65
5941
1028
8975
4155
1563
8496
2330
5848
8549
9888
6557
4653
3631
9708
6067
7478
9629
8716
6889
4923
3450
9135
3010
8376
8410
1432
2463
9370
1177
6546
1313
7803
4682
8142
5320
8522
5682
9780
1799
6526
4744
5582
6685
6968
346
6953
2262
2890
4810
8878
2397
332
6801
9481
9555
9257
1294
5222
9264
1263
5714
206
4048
6022
5673
5559
4861
8387
6038
2220
3227
380
4155
4317
1488
1912
6113
3450
3664
8290
1376
8899
7400
5210
9682
1261
1794
3877
4810
4076
4208
2652
1059
9199
8755
1758
9436
4888
2497
7936
5441
8633
1846
2523
3748
6283
1034
4013
8482
2106
930
9887
203
8606
543
4470
6877
102
7909
3330
4403
1969
7970
9769
6838
871
8606
8424
6382
6426
2098
9835
7176
1984
5579
9204
4039
9660
3544
2548
6542
5648
6846
9735
4072
5011
6461
9438
6224
153
9010
6042
9846
204
8021
7273
1578
9654
4883
4059
6641
5283
1696
4981
2836
288
329
842
9269
1897
112
8708
1743
5936
3961
7607
7936
5417
5624
3534
2248
9079
3855
6977
7178
8298
7768
7531
1623
7014
8574
392
5723
533
7684
8608
2458
1822
5874
6817
7395
158
8191
3120
2078
9021
2653
6580
6870
5579
9166
5405
4612
8590
9574
6415
3635
8087
4393
7921
5085
6169
9896
1605
2127
1933
7388
3777
6705
4983
400
6170
291
9721
238
9003
5180
1152
5861
1443
3714
4003
9123
9504
6115
3758
1008
467
1827
6120
120
9141
4892
3973
7529
5927
6376
7199
178
4902
719
1962
3053
1282
3602
3703
8303
4132
9132
7357
8668
3381
268
4939
594
8816
2703
4199
8369
9626
8243
3410
2025
4132
1544
5982
1696
8570
526
2474
7918
3075
7043
3317
9415
6311
9008
2321
8137
9746
3566
8978
210
6239
7626
1765
8105
8374
8967
696
413
8078
1825
6914
2493
1601
9176
6448
8755
6852
810
3219
3043
552
8957
454
1155
7780
297
5734
1977
4812
2183
6575
7765
3716
9466
5764
9770
8773
2626
1928
4705
4785
2334
9235
3027
4147
6058
7854
6191
8339
1441
4393
9935
655
8208
3891
67
7028
8847
9692
2631
8145
9228
5199
2790
4281
5991
7971
7764
6868
8366
5179
2474
6079
5708
3262
6339
2363
6035
785
5849
5252
3690
94
1275
8294
8611
603
4631
3760
4446
8128
9558
5697
5675
6766
4491
8361
474
7283
4320
5136
2163
1054
9746
4480
2741
6861
8590
8559
4183
4343
6998
433
4664
6495
5825
5960
8007
9452
8731
9249
4479
2526
6187
5280
661
8858
8327
9883
2181
4740
2520
4063
1568
3299
7561
8139
3953
7669
6457
5269
9875
3265
8036
2245
4744
5740
8208
4692
8483
37
8674
761
4441
4104
8762
1816
7298
8188
9906
4835
3263
2565
2724
3030
7108
4555
9802
6722
6249
4940
1094
9317
1910
2042
2613
222
3973
3433
9325
6578
5802
5057
4900
1767
9204
4172
1148
4154
5259
1798
8566
2634
9927
4216
9562
4624
526
7684
1986
7647
6767
6498
6509
4837
5274
1540
2509
9795
9508
45
7806
1508
5948
391
2462
7297
9834
250
7652
5533
4360
592
9049
884
9532
1012
8522
8423
3694
614
7199
2320
8721
1254
734
3410
733
7372
4091
4179
236
4600
8312
5281
4189
8146
5688
374
5749
7491
1932
471
9620
8477
9769
5322
9299
1899
2476
973
1780
103
7329
251
3844
7127
4893
2926
702
9803
8095
439
5718
4305
142
2419
1452
469
7931
7238
1534
5999
609
3400
2689
4610
7518
8780
5293
4902
2883
1628
1945
153
3047
6816
3794
4274
9550
9468
8551
2279
4575
7153
1683
1511
5656
5277
4510
8396
8085
9875
2214
5170
9917
3677
5867
6292
6903
4188
2545
8423
6472
750
824
4904
1671
1574
6283
9485
9572
6989
3923
9674
3910
9916
5061
1880
8715
9106
5801
757
4552
4126
2736
2246
3502
8507
2174
9359
3633
4060
9652
6363
8227
5006
6873
2163
7274
6517
4965
7613
8681
5226
9060
8150
4245
6036
619
9205
3625
5502
8940
5558
392
2362
6185
564
1225
9768
5153
4906
6127
2519
3984
4532
7819
7673
4240
4357
1259
6400
4376
2429
6295
3615
601
8672
440
3964
5545
2030
6889
4210
8376
4604
8957
8101
1090
8071
9043
7805
6804
7796
9010
2756
9051
9006
782
5948
7804
7134
7746
9236
7345
3317
1665
33
5641
4502
202
3474
8278
7930
4492
7166
4361
6959
5789
6164
7600
2613
1551
7929
3539
8166
6898
503
6005
8238
1103
8143
9738
5990
9897
3061
9141
7592
865
2684
497
5938
7710
6936
1034
2547
7562
4328
5540
9348
2321
3792
5064
279
1987
7647
3251
3667
5571
9617
9587
8803
6114
2790
2839
4036
4467
6397
8076
275
474
9614
2632
4119
5413
1634
3645
1623
5626
9756
6676
5145
3871
1520
3840
4655
7022
4518
1295
9495
9651
2658
95
1727
5371
2058
879
3052
8279
1227
152
9482
4801
9400
5426
7502
4456
7662
1985
8960
7217
1063
748
3571
7239
2320
6643
3833
6850
2563
7182
9031
9546
4618
428
7519
7511
4414
4354
8245
6533
8009
2483
6267
3492
3777
188
1152
1738
3560
8921
4350
6654
4164
135
4663
9285
2668
8252
8841
3512
8719
9060
1452
4194
7031
2819
5716
4933
8309
9782
2582
1184
2935
4048
569
3261
3879
6085
7736
6856
4150
4121
8742
2719
6209
5233
6289
8634
6164
4332
6224
3858
2456
4641
6329
4339
7803
8209
2589
2869
9173
7862
5376
7038
1774
2036
3527
4958
7252
8187
3776
817
1994
5562
5188
5783
3535
3497
5740
3497
5059
4054
3902
1394
7127
8806
9321
9355
9067
9803
8646
8713
393
1298
6074
3862
4528
6205
4490
7915
282
2790
4363
1764
7453
9220
7465
3016
6056
8872
8579
1952
7768
9803
912
324
65
1867
4719
2534
5046
3440
8211
6679
9646
4132
7909
1335
2332
4005
4663
8996
4461
7664
780
852
7267
8411
5033
2149
4385
7287
3303
6818
922
1341
8418
7650
935
846
7779
2672
6972
1522
5364
3982
6841
2104
9372
2830
9965
8337
9097
8062
314
746
8145
3913
3475
4048
5909
3523
7315
6921
2883
5299
324
766
358
4741
4244
7554
7881
7856
438
508
4928
9980
1472
8849
5728
9875
4678
8335
8727
8808
3087
5547
7719
5930
9356
7202
1454
2291
1313
4753
5018
5796
9103
2172
7268
6803
327
9658
7586
1558
5602
1442
923
7695
4763
7895
8305
9059
7952
1537
2774
4421
7938
1617
5282
4074
4522
4068
1303
5386
1932
9297
1481
222
9102
1861
7471
5535
9670
8417
6248
2960
6304
6619
7647
6354
3700
5122
9292
6008
9985
6361
8463
6115
2905
9171
7236
2795
9469
8079
2699
2638
7162
2299
3450
5880
179
2030
2020
3181
1079
3021
2064
2474
4176
2246
5532
9185
2539
7360
1092
6842
7241
5263
6882
7510
2653
9416
7830
5641
2580
9675
5297
5602
7600
5082
2992
9524
7958
9194
8926
8297
8631
5540
4852
4108
6388
3290
9824
5431
8295
5749
1350
6250
8398
4679
554
3791
6971
1883
4544
9666
8757
6036
9242
6433
4908
7800
4820
1244
3473
6720
4007
6663
3998
5966
1154
4529
3835
1732
8535
8190
7157
5362
125
8242
4300
4278
6527
1086
7460
8880
4273
132
4609
6282
7904
6535
5161
1963
709
7671
4617
8272
3811
6789
3651
609
7073
6428
7859
6414
6365
7051
3689
9286
9309
3763
7772
6338
480
3421
9003
8270
192
8109
8022
3735
3736
7680
6469
7611
7595
5918
9176
6852
2545
2576
9767
3733
5091
7139
8229
3669
6772
4836
145
4116
254
8044
8344
8558
8206
3847
4801
5394
7995
4081
6797
5172
4366
8893
9844
8588
3748
3827
7926
8924
7054
6208
3837
4238
5241
2106
1594
9409
6929
4768
714
4753
6076
7231
1685
5432
6609
9648
1897
6216
561
9772
9731
342
9851
6602
4887
9682
2016
9882
8431
1269
4192
5512
1148
232
7214
288
2648
6223
2466
1074
7765
4299
8850
7238
482
4736
1436
7605
668
1130
7675
7906
3975
26
1065
5892
8365
75
2135
5581
5194
5312
6138
2839
9768
7401
981
3382
9234
7070
1680
9
8665
6516
6660
2466
3676
875
5199
3685
2160
6282
7375
7061
5018
4642
7089
979
3035
6817
1500
9379
2501
9441
8694
502
1504
9315
7696
6545
9961
7904
1539
530
7112
4826
8254
6519
8561
5605
7067
4600
2467
6956
8703
6682
4694
9019
6444
1552
616
3217
2381
9872
1202
860
8090
8707
740
6281
1041
6792
2503
9204
9175
2065
7755
7899
4292
9677
9480
913
916
7731
6103
9360
6960
6
5929
9577
8192
5637
8003
4712
3767
3944
781
6803
1497
5708
2336
6065
4723
2603
2495
7374
1719
7079
3396
3018
5845
7463
5365
747
8874
8938
2670
2028
971
4240
3870
8796
7643
591
3214
5316
8035
1885
1493
2885
9913
4680
2437
5907
4891
440
7416
1589
9462
3710
2822
6681
843
4992
436
3037
1197
750
1315
7891
3380
966
2850
7984
6436
3035
2591
6360
6037
2297
8730
6870
9833
3124
4189
2474
2910
1498
488
302
2305
632
9303
7965
4133
4442
4868
9810
1685
2196
6989
657
5246
4729
9985
5299
1606
8827
9299
1534
9558
1401
3205
2576
5344
5875
7554
1649
3609
9714
962
6834
9078
1650
7475
1473
3706
7880
5667
627
4716
7637
3849
3594
5366
9457
6033
5994
9311
9515
9892
440
2553
318
8468
9157
6859
3180
2895
3972
558
7873
738
3098
5279
4646
9079
6885
2193
1712
7438
2774
3850
4407
7106
4151
3675
7600
3748
183
2346
5847
9844
9285
5798
1269
5060
8191
8077
4836
1343
4958
6015
2142
3506
6560
7252
1245
2425
6849
1183
7726
8407
8475
3279
6895
4567
3237
6589
8987
6225
2124
5627
9831
640
6268
6150
8144
1631
3283
9509
2200
2221
8558
5774
6214
7639
1400
9379
9294
4031
3725
2564
4689
6048
7409
5273
7027
4825
6023
6680
1219
7790
2235
3141
2786
5220
6207
1214
8844
5795
5373
9440
7720
8901
3025
6650
8662
8424
8421
7122
8430
6849
6132
7790
4330
2587
5415
7998
294
6328
4564
8619
5167
3917
9223
1189
1423
2593
2389
8273
5765
3617
6475
3094
1874
4621
4665
3598
7876
4549
3801
3967
3372
5263
7795
8636
3372
3325
6470
6592
8260
9099
36
1831
7446
7286
102
1221
4240
4798
3547
7259
7694
6939
5017
5424
8233
3837
3477
9537
9672
8685
906
9224
8131
1920
8702
6919
6765
6926
7865
4697
3871
2846
1985
4687
1780
4770
4956
4674
8944
6106
4766
1290
3106
3536
6992
5971
6698
8620
5657
1850
8893
8481
9725
2072
8454
6643
7997
9040
2535
7711
668
6268
9711
6533
1718
4302
7285
1859
6993
7590
7111
7593
6149
9067
3417
6092
6139
2402
7446
4693
9368
1121
7499
4081
2774
2976
1293
2218
2615
3288
1460
25
7342
8569
5657
3602
6479
3829
6232
4539
3744
98
9449
8261
9041
4746
9061
1681
8353
7612
6078
6338
2949
1347
289
8075
8268
4642
8129
5324
1858
2791
2943
5480
6446
3309
4944
7945
9563
7074
884
351
2990
5345
5614
21
2646
1426
7022
2760
6203
8204
1982
5439
1967
7773
1791
6316
8829
6993
5722
3757
9965
6497
9421
7497
8570
5754
4382
4312
1781
6729
1912
4928
192
741
7765
9543
6523
9865
3532
2458
1178
4112
77
1180
3811
2043
7315
8890
7175
1455
9237
5383
3833
7204
8128
212
4622
7217
6703
6377
8405
7135
9291
1316
3702
9140
3071
1388
8262
4099
7047
871
8000
4793
178
9572
3527
653
2274
4583
5803
9360
9096
16
2258
4404
9348
5535
8636
7982
3751
9813
7229
9377
9691
2093
1863
4329
9458
9454
8258
7002
8933
4283
1854
7744
2676
8672
4372
5021
2951
7398
7110
9498
1680
9551
6219
267
7752
7317
1600
9147
4319
8079
5017
4092
4799
1104
1561
7495
3031
9609
18
6375
9636
9335
3978
3075
1688
3921
5363
5010
8854
3026
6723
8452
1897
2540
1356
122
5148
4161
8047
2854
6286
7587
452
3401
8189
7074
1081
4594
6804
5734
7500
6042
9687
7175
7758
394
9814
3827
5301
5378
3949
5025
6583
8680
1223
444
4735
3390
9627
8989
9357
4252
1563
3668
1479
3823
939
6006
5756
23
8427
7440
3467
4578
4959
2632
5353
4209
7070
2422
1539
9895
6382
6100
6107
5369
5429
7705
223
6750
363
4888
1575
2391
6679
945
4150
5411
2517
9436
413
7970
3773
8688
2834
934
2773
8873
3436
3359
6983
780
3369
8942
4496
2877
9037
4660
9727
3422
5551
2256
3941
4234
6355
4847
2215
5813
7596
4196
5942
981
5620
6766
2827
1846
4201
1471
8635
625
5516
7592
8255
6106
6831
9805
5461
9652
1474
2011
7138
417
1339
1566
8935
2231
7714
1356
992
3676
5949
6727
7494
3018
7929
4338
1652
6848
2374
4549
1386
7316
5657
1786
7688
7717
7007
9661
6290
197
2712
9532
1650
4601
9548
532
2836
7351
4232
24
6410
9188
5322
6918
1254
6461
6100
8350
9159
4422
2872
1840
3225
3312
858
9705
9935
1864
2557
8165
8202
7492
5739
8055
3462
9217
2839
609
4488
3638
704
1241
7449
2846
2318
6942
3694
7509
2222
803
1645
5756
2697
5687
9384
2147
8827
6354
5802
9564
2169
4515
5959
3427
6924
8233
8353
2109
2758
8796
3773
7993
9752
3727
4931
1641
6736
9062
273
4176
813
9726
2589
6379
3657
7645
2134
42
7851
7511
6289
805
5855
2353
6423
756
1950
8018
7684
7271
889
163
947
7863
3846
9807
1230
4348
152
9291
9987
3083
4028
7914
2928
1254
9543
4771
9009
3598
9379
8840
7076
9358
8570
2782
437
5689
9763
2534
5804
615
6578
1551
5955
46
8902
8982
2887
4171
1442
7440
8120
8911
3446
5425
2750
3927
7993
7768
1852
6984
7321
1378
5587
2367
159
5358
6497
1111
9351
7165
4231
2433
9095
8372
8355
3243
2455
687
186
8067
357
2488
799
1337
9869
1677
5547
4823
4146
3775
2138
9532
8958
149
7583
1881
4899
1711
3301
6241
2952
5025
7884
8747
6832
5002
261
9111
4117
9038
3151
4741
4874
8917
6062
9053
322
323
9728
5119
967
7992
6724
4393
1415
2591
4025
205
1913
3029
6837
4315
6860
4692
5121
9167
5027
1107
5884
6087
7743
5684
7641
9291
9127
1913
2951
4083
9496
8173
3620
505
8532
1497
1858
9
5094
3578
422
4816
1131
7723
5771
6556
6275
6387
9101
3354
9141
3032
1613
3880
6573
2291
8082
2752
4089
3787
5073
8676
2339
1385
7048
3281
4664
9724
6784
680
2752
4352
9744
8861
5214
8970
8469
6334
3507
9850
8804
5787
9538
7673
6006
574
9470
1847
6173
266
5067
5990
713
2236
2365
5644
4276
5449
7238
7872
1116
3433
6015
334
8919
4759
7963
4444
7405
8619
4001
4014
2728
6002
6719
2718
78
4559
8018
995
9183
8857
1435
2577
8812
9638
3016
1013
6716
8759
709
8766
5898
8640
8112
8916
4519
348
5293
4229
1529
4496
6031
68
3420
1854
7777
1484
5250
718
4239
6735
8170
2115
2820
2437
7202
2949
2451
2819
4623
1110
2101
4294
4202
235
7189
9592
6389
4085
273
5141
6967
1867
46
6971
8921
8189
9983
3946
6476
6011
7638
8346
9433
6399
9997
8449
2861
4025
4146
1254
1208
3854
2953
8642
1413
2393
7860
3927
3599
7412
3261
8088
7219
4879
7660
6893
1556
1156
4740
2336
9484
8832
912
1578
4371
1868
7055
665
1599
5893
8343
9010
6579
952
8456
1399
3929
7790
6794
2269
4583
4742
6528
1123
6142
801
2904
3812
1448
8650
8758
868
5899
2269
9618
96
2555
2472
4446
3559
8183
5242
2167
4604
7253
5776
7751
1320
4179
8547
7367
5243
5854
696
2270
3254
7074
5977
2511
2620
2474
9327
4880
3706
4289
9841
3445
6837
9673
8620
3495
2270
8784
6512
904
1638
6835
9337
55
6316
8291
2017
9663
115
3193
1111
2342
6115
9510
7397
7746
5387
3663
9100
4803
9485
8476
8222
5351
8703
1148
2184
23
7043
2574
7410
7042
6442
3606
2875
602
8903
4990
8386
670
7431
5570
7
8750
1140
1040
5321
1760
5849
5220
3080
7202
672
4433
1204
2984
3310
4187
4143
9996
1364
9178
9423
5087
347
9728
8047
1324
986
1359
6726
1311
8119
9118
8811
5539
2590
2029
6216
6475
8065
9954
7223
9941
2881
3795
4673
9392
2224
4610
6454
4821
7634
2423
3648
2374
6941
640
8716
5822
794
7970
7338
9594
9588
8773
8330
961
862
5556
3235
9725
3990
8954
9619
7768
317
1604
2495
3415
1335
9234
473
9396
6307
7568
8302
3452
3682
8923
5335
4452
3741
1085
5852
8882
9412
417
1274
7136
8867
4772
9424
99
6885
1902
6074
8805
5746
6171
7882
850
9788
1547
4566
6424
6195
3519
9819
8007
5660
2655
7001
5821
3443
6013
6948
3883
5417
2112
1767
5244
9943
5241
502
7740
4585
8657
7866
3692
4287
4233
3505
1932
4765
7948
9362
3503
6114
3798
5079
5110
7105
2401
5446
8229
8073
5233
7221
6112
1364
5928
1966
9321
9868
8759
3469
317
8897
5279
5496
7611
230
9082
3013
7845
8439
3254
8945
3288
5491
884
3460
6405
9947
3241
9572
5074
74
6930
5522
3103
8638
7246
853
208
2253
7468
9739
6792
1861
3912
7914
3788
7214
410
5139
4905
7517
9152
7753
115
2301
7091
388
271
5401
5590
7441
944
8933
5541
856
2121
3974
8300
1007
9451
8897
8294
3209
7096
626
8110
8355
8268
9194
5259
9218
680
678
2446
461
2566
9871
2300
6062
8399
1004
6422
7355
3324
331
5357
1387
1059
7435
5514
3804
205
2499
4574
3783
203
3449
4116
4638
2775
5006
9965
9779
3357
827
2483
2119
4495
4109
7678
8170
229
3965
423
3354
950
9774
9994
4240
5657
3321
5677
8179
1924
7852
4632
2151
7719
5915
6926
1709
7416
2056
9062
481
9500
7928
148
5628
1130
1430
2554
8261
2161
3566
5055
936
6832
7025
5517
4452
1990
8757
8164
9135
6285
7899
8627
685
6499
2477
7383
1219
7808
3997
3878
6437
5427
1787
7192
906
8972
966
3369
1384
652
8721
4690
888
2760
942
7276
5598
3188
4906
3112
9
2816
1628
8021
366
3258
5694
7727
3957
4556
9101
301
4422
227
244
7568
7650
1168
6786
8262
990
1059
9
5606
388
612
4543
3038
619
6086
8049
4308
3868
1043
7544
9649
1464
9988
8299
6543
8872
7152
8085
830
5447
515
8556
9483
5080
7555
8023
7050
6479
5104
2846
2238
172
5280
6417
1864
9233
3458
7887
2509
7561
8217
4092
5950
6512
4157
950
9321
8478
7583
1145
9643
3888
4491
307
4171
7578
6674
6348
1956
8791
7688
4517
8782
9958
7523
7254
3411
1834
3867
5737
213
2308
4298
3903
8215
2142
2704
7679
5024
884
686
4123
5783
8956
3545
4889
4177
4186
5357
9398
5246
4642
452
2242
7270
4107
2205
1047
2008
4327
7862
1115
8773
2679
1178
8781
4297
2861
3008
860
4112
8453
3653
2379
337
9818
1642
9382
7248
2943
1007
6689
2168
3211
6849
9927
6813
4763
8533
6201
890
720
7898
9422
867
7359
3746
2839
3001
2029
7063
4928
373
1975
7705
7224
5577
2911
7586
1136
1731
9575
2849
6550
5435
6239
7657
4466
6930
9616
6957
8155
9662
6709
7989
2159
4756
4139
1232
3660
6736
2788
8687
2253
6610
4847
8359
3031
9024
2136
5427
4080
6237
8571
9761
4234
142
897
2173
2227
8740
6195
7903
2461
5690
3592
1897
2845
6436
7894
8242
3852
6631
1812
4976
2800
2149
1783
1448
6204
431
9683
7915
75
4719
2580
547
4985
3348
4495
9047
8851
1184
6218
9175
8619
2123
1058
1857
4980
1113
6069
9082
43
5326
8800
2408
4137
7953
3678
1116
3050
3358
2499
2800
5225
8590
9971
6356
7390
9265
2383
3523
1980
7677
3473
8830
7582
8328
8390
8006
8989
1452
8454
1791
2515
2857
2157
1685
8144
3608
8305
4966
4741
3820
1219
1363
6537
1183
5533
4658
6696
1995
9593
3758
3443
7380
4056
8725
4727
5811
8293
5722
9540
3439
477
5390
2213
9586
5416
8669
4335
1237
3931
2371
1186
4551
1364
5344
6646
470
17
3875
5570
6081
3804
9054
7414
8636
6285
5382
8864
423
8573
7403
2268
4142
4825
100
3819
6179
230
808
6390
9784
1251
6380
5878
1032
3542
7133
7940
7816
811
4234
3246
4600
2609
3951
1918
7242
5529
7785
3025
9623
6379
7892
5612
7225
7617
1460
6177
7320
4504
6404
4448
4014
866
9583
8658
4325
1518
848
6939
3377
3048
5572
8687
4544
4339
6387
6076
3079
9540
7261
5845
9686
3395
9742
2816
5525
3165
8229
2392
8865
344
3240
6973
3331
1358
8266
2942
9836
4542
6192
7534
5628
1198
5152
8244
4827
306
2153
4447
2150
5100
5452
4622
665
19
3804
9820
5517
9931
8871
3959
7583
5434
3516
512
9855
6685
9211
1286
8300
6027
4622
499
8542
2986
376
9957
4959
4858
2308
2827
8349
168
3824
4072
4878
3585
1288
9595
2217
9844
3872
8270
785
6851
4329
8116
5215
6841
8949
6355
7925
4773
2025
4045
7487
4211
3690
5012
6405
7826
2729
8234
5234
9903
8524
4605
5308
6887
3905
3951
4269
8989
1571
2910
588
3132
3658
3542
8702
7333
5797
8434
4338
5711
7107
2791
2134
8914
3762
9301
759
9406
7709
5647
3548
2667
5253
5789
2764
8624
6003
1438
4599
4359
5900
198
9004
7454
2446
8104
4987
8782
8532
7090
5831
9628
8591
7988
8959
3746
621
436
4090
2466
8451
1917
641
9544
8398
2521
4508
4638
2931
3481
7338
2115
2267
5427
3617
9087
2740
7733
1743
6437
7124
3696
2454
2005
7793
7671
4737
8784
1623
1869
6677
6256
9988
1152
8448
9212
767
4549
569
9815
2907
7381
2541
7786
824
6283
7742
4727
9359
5696
3761
641
9786
866
6971
5046
2230
483
9048
4375
6633
5938
9457
2967
2128
2754
595
4286
8824
5022
2597
8822
4744
3221
2041
9621
5999
5838
2374
2169
1671
9244
5387
8750
7819
3568
1441
4228
9441
3523
3843
6137
953
6213
8071
7424
1242
5513
9852
8588
3414
7105
535
5893
3800
4012
8619
5174
6758
2285
2572
1392
4880
3870
2862
620
3598
5377
5884
3564
1714
1641
1415
355
7980
7181
5058
4586
3663
4648
9708
8875
4436
686
3848
37
2511
3919
6588
7765
1318
5836
4874
7122
4306
7191
6707
6047
541
6800
9725
5943
6368
5460
7749
7405
511
8330
6260
4539
818
9402
5033
7845
2282
2219
151
2627
223
2722
3585
6314
7480
6696
8333
5840
5186
689
709
843
6853
1966
9350
5773
2955
276
3742
442
7867
7309
5130
9106
5760
2472
4807
4307
7214
6952
896
8548
5768
8093
479
8942
3306
501
4349
4118
7899
590
7896
8712
3990
941
927
9074
624
3343
3031
9183
750
3677
5880
7123
9420
6846
3715
5252
6856
6134
2652
7672
4903
7526
5140
8760
243
8572
9644
5138
6880
4850
8741
3175
9576
4430
4424
4660
2982
2091
79
3302
8398
510
3132
6042
6811
5962
5264
3233
4304
3472
9711
7150
8548
8395
2564
5767
4710
9232
8262
2822
563
53
2116
5560
335
9979
7857
8321
3200
6641
5367
6303
1635
2698
6596
2309
7581
2316
4607
7018
5820
5922
9668
9190
1262
6706
1813
3856
5083
8611
885
5837
8869
7944
3356
6876
8372
7161
2992
518
2199
2527
9133
9690
5295
7522
8877
2481
2989
4233
6368
1389
120
8322
6855
2765
9062
616
8193
2054
8485
3290
3736
6040
2261
8961
9453
9435
2232
8029
2010
9665
2572
258
1338
6595
7599
5610
5468
9844
7280
465
5946
8983
7180
8945
440
676
8348
7577
8889
8059
435
3603
9557
3670
6322
5897
3975
8920
9557
5275
4312
2219
1192
6988
496
9831
7700
202
2375
9162
6788
6874
7055
1472
31
1379
7943
5492
8881
2202
4372
5705
3941
1047
7291
3906
219
8544
6257
3930
1565
1808
3977
3472
1119
3410
4660
8848
6563
5914
296
102
2770
1912
791
2092
8272
981
6059
2630
594
41
6509
1214
3790
7557
3713
5064
4798
285
6719
8624
6898
5796
7114
4414
4024
8643
1625
1315
4824
1672
5168
466
5125
3269
79
7207
9277
1134
2064
1074
3737
1952
4811
1172
9418
1368
7823
79
5549
4584
3392
2437
155
5688
1664
5512
3908
8518
7508
970
8791
1806
1279
6055
2281
8256
6506
1992
4228
4925
8060
8146
3170
1322
6120
7266
6909
7483
6940
280
9813
9230
9
6988
5136
8194
1081
3452
4715
7390
9362
2748
4401
6325
4758
2445
9597
6220
5940
6245
1926
8902
6364
2150
1950
7432
2899
9076
7909
5527
9547
2990
6486
6529
9524
6553
465
8674
5599
4656
906
4030
5304
643
674
8153
4406
2069
4831
268
1677
2299
6321
3220
7510
4131
8095
8553
663
3714
1946
9759
3621
7048
9307
4573
3643
1403
2949
3120
9920
4624
5747
685
5345
8281
5769
9980
9056
5945
4661
242
7678
6855
5728
492
8071
7926
2990
7256
6154
8796
2693
5344
5472
3930
2451
947
5721
532
2732
1533
2464
6939
9791
2569
3473
8243
8768
3907
8295
15
6126
1794
3810
6527
9286
196
9257
996
5249
5776
4837
455
8504
1322
5864
8875
4268
8962
9610
2696
5369
60
9514
6526
3261
7938
4183
9900
5867
1366
70
6290
3907
9456
3162
1401
1691
3240
5962
3695
4444
8850
6638
4192
2287
5776
1820
5619
1315
45
8665
3120
1563
9959
4089
4441
3614
9386
8839
3070
2637
7701
7546
6522
235
707
7881
237
2068
1203
6884
1359
6929
8011
2266
4755
740
7462
9119
7671
4196
4623
6052
7015
5789
3215
9411
7249
5826
5598
5869
6131
7805
5418
2239
1805
1098
8796
3325
8975
5861
2274
8562
6639
5975
4385
5537
790
8057
119
2538
7839
2833
8627
2623
9401
7935
7118
7141
8293
9087
6345
2541
4250
9047
4326
5709
6685
6442
5086
5223
3773
1293
6806
2970
2057
3152
3496
1732
7800
6022
8197
1296
764
118
9375
4036
8615
7312
969
3983
5031
5948
9217
8230
7286
8457
5473
4672
6345
1763
6950
9979
2033
8238
8753
7484
2770
9962
2552
7010
6682
276
5497
1729
3459
5811
8331
5161
6320
6444
9697
3305
5424
6765
9006
5470
5806
1662
2979
8950
1565
1873
9923
3016
5504
2624
6688
7921
2352
86
6080
6953
4387
7886
9578
8946
9134
6287
6401
6266
1022
9247
9313
3688
3623
9817
3107
5393
4380
8959
6003
6289
8618
4339
6497
3817
2288
4485
5556
9235
1681
9364
3921
71
8786
7899
6115
2103
8198
1431
328
58
4056
2558
2968
6933
8729
4516
1491
163
156
6955
8492
8702
3942
968
9188
7283
4849
4717
8786
2940
2473
7064
7474
7077
9656
440
5295
2451
6896
4586
8290
9980
9920
47
9643
8137
9577
8758
9519
5199
9165
5873
6234
8913
3370
9877
2581
7101
7711
390
5497
7722
6073
577
6659
6509
2962
1738
9009
7703
5324
8255
9155
8779
5876
6296
1313
1278
4723
1924
3076
5580
3521
4177
6005
94
1831
9567
3600
8768
4927
1053
4287
8533
3820
3256
5358
9891
2866
209
6999
3109
9732
9342
3109
7001
2675
7824
4903
4044
9002
1361
5889
6612
9426
369
5599
5090
1334
6240
826
4613
9419
2842
8179
1061
2074
8496
3213
866
2798
5812
2414
4149
5244
8062
6467
3049
5105
2006
8840
1649
2158
9075
7647
5442
1173
7129
6774
8978
5853
912
8821
7763
4584
2235
1026
8931
1767
4880
3977
3009
3029
6713
5547
9114
3039
6737
9303
2128
5624
4832
692
7143
8872
8237
6250
3353
7422
7065
6971
2351
5814
2057
9376
7982
2263
2499
8182
2918
2286
7859
7892
4625
3196
3118
7033
1427
4801
140
7368
5947
431
438
7605
9847
8137
3983
3543
21
104
1164
4814
3044
3293
9795
8471
5508
7136
1002
1228
5757
5973
674
5178
6174
3030
9382
446
5133
8445
1265
6700
7744
6286
9980
8348
9371
6254
1591
8314
3783
9736
7697
9177
5729
3352
5576
6923
2716
2059
3332
7487
9175
4538
4204
5087
7020
9077
6725
2069
9263
331
8584
3838
7277
343
95
7986
844
6108
9662
252
3920
7865
5713
2057
7314
1534
4430
3721
3983
2148
6555
636
884
2038
9250
9222
7694
219
8761
9868
8782
8492
5995
3962
3227
6902
4289
3514
3456
9456
7118
8955
4420
1025
2174
1342
4662
5464
3435
415
7154
7829
9257
7017
235
3399
1359
9744
9356
7471
1092
200
2762
1871
9422
4473
6883
7698
5661
842
8551
2743
5460
5750
3364
5583
9281
3584
392
6564
9512
8998
3174
6732
5869
4698
5201
6054
2630
2122
5921
9725
4057
2196
2198
1564
9145
109
1177
1559
5935
1726
186
8174
6551
2785
4748
2570
9816
102
2309
2892
3336
4587
5393
9167
3252
7041
7886
7157
5369
236
598
7360
1666
3299
3127
2901
8194
5673
717
974
2594
6335
7865
9624
8780
7350
1424
2211
6148
893
1080
9780
6351
3921
2311
6285
7664
458
4014
2485
890
7130
3496
2068
5702
7479
3181
146
3676
2506
6089
4063
7935
8628
3312
1876
6203
1937
8342
8290
3713
7845
86
6785
8315
2205
7966
2212
9046
4316
3614
899
726
7907
2127
6309
5058
5345
3478
564
3357
3218
9727
418
9663
4109
2545
5436
2201
8107
7838
6041
7211
5502
7464
5766
7627
2982
5341
4062
3961
8525
8929
6853
6195
3979
1236
9790
5404
5054
2507
6917
2159
2041
6359
4450
8147
6827
7635
827
7027
29
476
5611
9779
6413
6651
699
1819
3734
9914
8607
2677
3302
9467
3278
9480
4990
1765
5144
769
2776
5690
6294
7942
1920
5581
7238
8496
2399
9760
9121
3846
1149
5321
2231
409
4131
8579
328
2092
2035
38
2530
6385
9359
9166
43
437
293
2106
4844
8180
9567
1160
8874
5706
4306
1690
482
2049
8637
2874
1503
8093
8039
2755
9031
6585
9462
8841
160
5511
3227
8583
223
5250
8788
8022
1158
3961
6335
2308
6626
2062
6515
111
824
6733
2464
1782
1130
4928
9470
5220
7233
3826
5149
5147
2110
3995
9504
8785
2340
1082
6842
7985
6857
5848
5148
1156
7021
5899
7831
5629
3062
752
9530
7351
4264
8409
5048
1838
8508
2482
3394
1731
1125
8823
7478
1025
9363
7903
5252
1938
8635
5473
4440
7346
2170
6088
4129
8964
6285
7396
7233
36
3427
1758
2413
4035
6283
1536
7571
8519
4177
239
1161
4056
5343
5315
3555
5079
7224
2629
5254
6281
5374
7266
5149
1757
5578
6441
8510
9364
3729
3970
187
9756
1522
5771
9511
4456
8255
6299
8632
8904
3611
217
9425
477
2738
603
1679
4875
2790
2252
5160
8381
3655
2165
2707
2982
1917
4053
4371
3118
8939
4839
4288
291
4164
468
7609
5208
4275
861
7608
8014
8132
806
8081
6995
2675
7671
2505
4470
5158
7834
1731
3800
3016
1178
3102
2301
895
4647
8790
7671
5649
1653
3447
6862
5996
6614
9677
3404
2154
9063
608
7574
7956
9894
1325
6007
1598
2564
3129
1306
3853
1002
1975
3296
2140
8699
8715
9671
150
3351
7369
4149
2632
49
7796
7150
2567
7846
6411
850
6469
7286
4841
3023
5448
466
7127
8905
9154
7777
2568
1744
79
6948
276
8757
7284
1762
2984
2942
4577
6456
9687
8366
3034
8867
3084
5831
4814
884
3731
1260
19
8584
7268
6269
6226
1305
8301
3618
2773
2259
1958
8539
2747
3982
8946
8189
2196
8337
7734
8541
1726
8733
648
6488
3925
3252
6323
9849
6023
9871
4265
8151
787
2194
9736
5968
2812
5947
3993
1886
9864
6066
1931
4744
2998
5912
9913
6686
8085
1624
4942
6780
4469
1771
775
3247
846
8851
2175
7910
9857
799
8084
5793
2105
5261
9558
7347
7272
2932
4713
6612
730
7179
3454
2173
9186
3303
1064
5036
7143
7841
3336
9022
6617
6509
1997
5530
2244
92
822
6560
7320
3728
6954
1433
3874
2178
8063
1259
4264
1051
4329
9041
8934
9935
6010
5382
2782
394
2952
468
1502
4405
6532
5584
2368
8727
6702
5958
2668
8461
2245
5635
5054
3409
1722
492
5517
5360
7899
7113
1229
7409
7539
866
3436
5580
2357
7288
2243
991
3359
5456
8415
312
3650
8964
6662
7781
7505
5974
4130
3132
8115
8204
4496
9860
9224
6573
3367
8211
3706
4476
3544
9243
8770
1643
7962
5580
9735
3054
6399
1184
1728
7008
3079
5035
2242
563
7984
2454
4221
1084
9537
867
6508
5783
2811
2037
1095
4898
4193
6434
3436
7908
8723
6286
3614
754
9121
9962
5571
3587
2307
5333
677
1992
2285
8692
6371
1954
2976
6829
707
1603
8889
5501
6756
7751
5018
36
6401
1377
5123
4121
54
5090
6165
5086
2588
6192
6215
696
6052
224
7332
7370
9554
4259
5820
734
8241
7065
3924
9673
5452
3877
8831
9298
817
8803
1136
3645
6299
7917
711
4787
8536
5194
9055
3432
3133
473
9104
686
1075
6294
4831
3815
9987
9866
2636
466
1129
2856
5410
667
171
3461
7459
9447
6007
9614
677
7187
2545
5858
6728
6426
162
8087
4188
7921
6455
7003
9120
471
2815
8452
2427
7407
1095
6444
3804
1665
8703
6025
2314
5791
4062
1025
9256
1543
6604
2198
8552
170
124
8219
7326
216
674
8425
2726
8612
2012
6444
3917
4760
7635
3822
444
5470
16
564
2834
9724
5866
2356
94
9690
7686
3925
9420
9997
3714
7912
458
9383
6143
4242
6816
8182
4451
190
862
1535
8937
1410
1206
854
3169
8202
2441
5671
8905
4732
5111
690
6874
7720
882
3852
4044
8033
9096
9105
5487
7425
205
9761
709
4242
2386
8319
8867
6645
8567
2458
7287
2374
7306
6167
5042
5223
427
3814
3669
3517
2899
131
2088
3931
7277
9125
3590
379
4855
837
5012
5569
881
6697
1488
3154
673
6903
9091
7389
3341
9075
6698
9995
7582
3345
3971
9677
1898
4072
6309
5461
2789
1758
3026
4166
893
9377
8607
1027
1252
4672
8409
5589
8203
498
1309
1550
4221
4027
4552
1310
6704
2598
1378
7309
1590
7963
9739
3036
2062
342
6989
6817
4520
8580
6651
5061
8300
1542
2661
9464
4520
8217
3594
1311
4886
2777
3403
2757
141
1007
1536
5171
7535
1655
108
7323
631
5326
7436
4798
8681
9030
2524
4714
4153
5340
6056
7094
170
5778
5272
3606
7791
6382
6525
5773
1992
2407
4826
7528
5497
4372
2132
8427
317
3914
4913
4886
957
9413
631
6721
9106
6837
1465
7265
7796
7596
632
5183
3633
2590
4402
672
9839
6419
8445
6378
8518
4492
9892
3195
4330
5823
4354
1889
1229
3406
6499
1423
1852
6499
91
3986
5216
357
2821
5345
3161
9922
3252
642
753
5395
5371
5331
1996
6816
1811
8581
6936
447
2775
6013
5431
7900
7172
4326
2226
6625
6826
5326
6543
5100
4183
2623
3340
3037
7553
3773
2528
9901
3724
7685
7339
3098
1706
5429
8740
4141
49
1369
7824
8361
9254
9181
8145
101
6292
7939
969
4645
5918
3577
4539
4459
3123
9142
3866
7089
3964
3257
79
6011
1706
7878
9698
8307
7061
7253
4878
3418
36
5198
4812
4276
77
6766
2811
7740
7597
1421
3960
8777
7379
968
3273
6936
9
7993
1584
8299
2328
5635
6367
8861
4218
981
7218
5253
6249
866
8097
3435
8136
1747
8700
6327
9407
3186
6990
6457
8824
9326
5777
9821
2347
6838
4947
7094
4760
3908
2760
6023
5883
2520
4656
938
7297
772
6371
1643
9164
8396
7008
25
6738
8108
1367
9103
1130
3421
8156
8000
2770
7692
8990
6791
3259
4402
7294
3873
6916
4660
2382
843
6641
3402
6453
1875
6775
4894
1282
5949
935
6722
5756
4058
1107
9595
1193
7463
8706
1090
970
5468
3599
6826
1278
151
901
9482
3502
598
480
9961
6702
1652
6633
1865
301
6102
1360
4299
4074
5116
7632
9349
6626
7226
9585
9945
5127
879
4932
19
9672
4515
4522
6041
2560
8688
6031
9125
2290
4634
1871
1252
9037
4172
2341
4481
1529
7175
9889
8237
6582
8111
9446
8956
559
4584
3505
778
4678
9049
3771
4105
8703
877
7812
3308
3573
7191
9480
3830
9302
4007
5017
2857
2870
6562
2150
6640
4186
8782
7077
9704
7893
6758
3744
9566
9206
9012
9966
3479
990
1079
7903
497
4093
6920
4300
1244
5570
3971
7645
4597
2197
1048
9610
8828
2516
9047
626
3204
6313
2590
3880
7604
70
4806
8461
9147
1019
8295
8975
8444
6855
4964
1352
8904
2893
8049
7082
5424
1602
46
2584
3750
2998
9742
3153
2210
2353
4711
9129
2533
3101
5832
2149
5457
6562
3631
9791
2415
9235
1540
8728
1599
3088
1273
3757
1331
6415
8066
6666
1746
5730
7585
6815
9465
3136
2798
1468
9231
9915
5555
4390
9466
2666
5128
2320
3797
987
485
8692
9944
1520
6900
5818
2378
9904
7759
5783
957
612
3650
8173
246
2125
8234
1488
4730
9669
2589
8054
3764
4092
2630
7732
8706
4020
7180
5669
3015
7446
8020
4968
2838
7022
8446
7846
9879
8329
3992
2722
1527
9338
3933
653
1636
9610
7532
2971
9533
6625
8794
4006
3178
3434
9477
16
8500
7099
3345
812
4574
6677
833
627
95
6573
430
8227
5167
5027
2115
2502
2011
1225
6278
2165
2628
1590
9554
7558
3341
8910
4245
7898
1393
6762
3404
6977
1037
9652
1755
1222
7260
9644
9378
3126
2718
3917
1931
8855
118
9867
8442
903
3497
329
7212
9589
9770
5750
6177
82
260
6565
2033
3370
8506
6826
830
5951
2754
7638
192
4869
9137
5355
9640
7621
120
4508
3102
5022
6310
7290
9885
2681
5671
5033
6716
3002
7351
3068
7509
7721
1331
4239
5683
9302
2031
8749
3402
2797
5267
8839
1158
7205
9369
1992
1387
4514
4478
3916
7621
7995
4169
289
7349
1268
9181
2668
3625
3315
2994
8198
2770
5766
3916
481
4948
2985
1373
8349
7342
2617
9056
3707
8056
4251
1821
4686
3341
6096
1824
5002
5919
8400
8652
214
5897
2364
2732
4326
2747
7925
2156
3868
4800
3571
1095
4760
5030
3645
8079
1408
252
4180
4301
2830
1216
2749
7950
1233
9467
2842
8836
4649
7088
3956
6491
4535
9225
2552
2438
3064
5122
7213
6903
1953
9781
1253
8113
4754
4640
6760
7378
1817
4161
389
6632
2815
1003
9798
7014
4144
5868
5521
1427
5364
1442
9328
8127
4738
6323
6039
3773
7898
9650
8460
4961
7575
514
9456
1509
5939
5064
7623
248
1459
3034
4849
5114
9940
5446
8631
364
6448
5235
6809
3556
3566
2260
4467
2705
6848
7831
814
884
6567
7763
1546
7170
3330
4209
1750
7774
8760
5546
2472
5624
7128
8424
8292
8528
1175
3805
6247
1515
6160
7458
5577
3609
6899
9072
770
1107
5434
8941
6021
2140
1729
9588
9282
5182
4860
8051
7612
6465
2902
5618
6317
5927
2941
7624
7205
6902
2177
1566
5626
7832
3741
116
690
5571
3610
7377
4964
588
9907
8784
2947
6685
9596
4773
6537
728
2208
2732
8513
7298
54
1341
7551
6981
204
6442
5894
263
1051
1669
8699
4605
4319
5450
483
6068
266
8769
7880
4258
7439
9984
4742
3159
9446
7065
5300
5549
1533
6084
9117
8738
1036
5138
8268
1364
765
6777
7601
6975
524
5293
4473
8357
960
7731
4165
4459
671
5053
5319
2278
1686
4808
1040
8808
5238
2571
4927
9749
8717
6326
4516
2957
4969
6174
3087
3069
9799
9586
3845
1280
2411
8857
7390
9003
2177
4695
923
9638
7083
7403
3188
4805
9501
1469
48
1446
7229
1479
9111
9373
2570
2199
3142
9687
2271
5396
9635
9839
8589
3096
9878
4983
3228
8933
4294
6665
2764
2948
3245
4116
9268
7691
3715
4170
3179
8633
9085
5891
5085
5400
5274
4686
8958
5404
7884
3752
4940
7885
9697
7046
1897
8207
4061
4003
8577
2249
8931
2017
9322
521
1588
7156
3490
8550
5887
2963
9989
7402
8260
422
3114
4508
2281
2601
5241
836
8984
1494
6944
2889
2701
9507
6146
752
4221
8614
6744
3779
9669
1148
972
5358
9276
1152
4825
608
2079
2861
1913
2007
7758
6757
2183
1409
6272
8160
2071
2757
4533
192
4339
2435
6386
8665
2668
5946
112
4002
4458
2059
6957
6520
6044
3688
575
7078
7003
3944
2887
9584
3708
8927
9454
7809
5536
9425
4944
1361
4176
6594
7146
9079
7359
9559
8818
2170
5728
2901
6554
2483
9354
3994
9648
8669
2174
6693
5339
8328
9227
5401
6955
3626
3045
3135
3057
6404
7144
3254
4019
3040
38
7965
2694
8516
4039
3688
3807
3444
4185
3033
5435
798
4332
9724
6794
4288
177
6672
6480
4033
7039
4196
5270
5164
740
5069
2353
6855
2874
4104
3022
5689
399
7302
8843
1278
6338
1646
7651
3739
9200
2520
8860
3861
7183
7040
7237
3613
1068
9677
7327
7608
459
5625
1841
1066
5707
5106
95
6460
2535
3590
2029
30
7718
8728
4388
8911
4837
3334
3466
3940
3685
9212
622
3085
9725
3459
2033
4745
2826
1606
1317
3495
4547
8447
8320
5828
5262
7268
3629
5283
6644
8645
8627
9291
8107
1939
8943
5028
7351
8585
9009
6989
9022
928
7521
9905
7842
7865
7845
1983
615
7741
4204
4981
2971
1282
2873
4741
6350
9597
5152
8267
6859
9350
8880
3144
5894
4184
2681
2674
6828
6815
1299
1913
5285
1761
6846
904
714
653
9917
7022
2694
6287
1658
9500
3835
5767
6291
3313
3317
8592
5554
5709
4849
3363
5776
8690
9769
3973
9162
2068
2729
5780
9107
7227
4355
6215
6413
5399
3947
3142
8071
8615
4952
1528
740
8079
1177
37
1395
3454
8560
858
4548
6587
4764
8015
1213
1656
485
7695
1046
4439
5588
7088
951
2328
239
4047
3940
2477
2974
3387
233
8452
1921
7741
3452
3073
6580
2640
7865
1912
5555
1154
3250
2671
494
5668
4952
8964
4675
3498
9934
5771
5448
1959
744
8699
9664
7341
3549
6562
4683
346
7971
7064
8720
2940
6428
8195
9202
1479
6484
1083
6441
8849
7769
2761
1953
848
8974
7419
3612
6089
9855
8112
7203
2850
4495
7555
6234
483
5794
5995
5971
7905
3290
8573
9628
214
8144
8966
5494
5694
6757
5330
1340
8432
4752
4738
3631
6901
5614
560
3782
3326
9806
1327
4577
8710
5458
5015
447
6826
6645
8090
9356
3066
8104
1655
3882
8264
2345
2362
6848
7785
6102
5229
9321
8061
8995
5918
2097
8157
8837
758
8302
5780
5155
2349
7446
1689
1598
4136
522
1832
7300
1890
7171
352
1528
1121
7421
2764
7915
7971
8767
7703
3849
1166
4054
2134
7050
3102
2508
2967
8160
4394
4004
1869
1198
5956
3944
537
6927
8694
3558
3071
3090
4084
5369
5006
8980
1073
9616
5163
1328
7472
418
241
231
2602
5995
374
4828
661
9625
3343
1019
8033
7409
8448
3466
6726
929
596
4842
4492
4518
8116
9385
2488
4884
1101
3560
5903
9463
3161
232
1735
5773
4892
5473
1560
9990
8392
3050
6951
9473
8193
5937
2408
152
4547
8876
8849
3578
9293
7305
3428
661
5743
9357
5908
723
2475
3947
8478
5749
1428
7609
319
7568
9535
368
2881
5419
8584
7477
4669
6436
1176
4433
5520
273
9928
3593
536
3575
4346
3449
1000
5529
9290
1686
3240
9711
3788
9489
6677
835
1788
3203
672
7984
1010
2754
4802
3644
9061
8296
4489
8274
3357
9470
5860
8893
2664
2755
880
6825
5832
3600
6793
2209
277
2678
7348
4594
3865
469
5327
6328
9492
3283
7711
1132
5433
2428
3109
272
3226
2938
9892
4745
9258
8527
1618
7036
3342
256
3304
4527
9004
8905
1046
1891
5520
5670
7574
4236
3144
5540
9190
6565
2897
7096
6731
4144
5187
5993
6405
2098
4143
678
2562
682
5072
6025
4660
1498
7167
3943
8856
8288
9420
2857
748
9113
9446
3054
3265
2195
5583
8555
2592
8141
2212
6127
6249
7646
7844
8061
8554
5435
2056
4373
6051
2573
8298
6804
5747
5842
4150
9048
6054
3082
8080
5762
1023
5565
5671
8014
8526
2893
2460
5116
4459
2093
1467
4778
6781
2211
7820
223
7525
797
6408
9323
3627
16
148
1762
6655
7900
3138
8617
1669
3411
5385
6878
6726
3090
6683
2540
1639
4574
9844
5442
4103
9308
5695
2264
2563
101
5600
9817
8861
3576
1392
9875
5810
7971
627
2335
9279
8322
5397
5594
4738
2419
3702
1746
8486
6669
8252
9128
7342
6540
6292
9897
6501
6249
3781
812
1886
3194
9937
2899
5290
6677
4791
2171
1517
2981
8002
5671
3824
5917
5087
196
4084
9899
7449
5440
9990
