7669
1120
2820
6974
6887
410
6918
9816
3117
5439
98
248
4521
5635
7141
2486
5012
7407
9409
7269
5553
6701
5610
8675
4308
2026
3823
947
3368
7613
1450
5009
8335
1876
8044
8731
2644
375
4271
6223
6566
1224
6753
5838
3636
5742
3016
991
3408
9660
5363
4382
898
9049
1801
1974
6257
3877
9805
1837
4467
4522
1390
1384
5293
7393
6464
7761
1370
7926
5034
8416
7019
646
9127
7644
9228
346
7796
5286
4011
43
9251
1215
9766
3954
3599
567
4569
7743
7856
7234
4816
6304
6354
4954
6173
3795
2588
9880
1178
9890
6857
9056
7075
5414
2927
7752
7468
8551
5699
8137
266
1764
2635
9318
3318
1413
6339
2244
4853
5788
2359
7096
8091
4878
2204
5960
3312
1599
8443
9562
1176
5679
214
4329
1160
5823
1086
5762
1289
6116
4471
126
1640
4334
3989
3435
804
7528
6361
2541
276
6932
7478
4687
4771
2415
9467
3094
9616
6515
7504
8642
7022
1610
2731
4584
6511
4979
1812
1873
5646
5761
2478
5509
513
4449
2110
8577
6171
5786
856
2045
3894
2873
6911
2513
4256
7154
2785
5782
1262
8877
7067
8135
8494
9810
7332
8799
1577
6119
6943
555
7629
2679
3120
7124
4149
7581
6384
4747
643
8681
5640
8468
697
9143
4895
6803
9231
7679
1227
3771
6165
6806
9424
3887
4981
653
1317
8308
1291
7190
1795
5022
5196
3026
1279
8646
4855
3490
5081
2545
6082
5411
1511
1460
91
6158
6816
353
5548
7730
6347
1806
3763
7344
6647
377
8442
7928
3622
2971
3119
6383
7971
3779
3997
3979
787
3281
7410
7995
453
6174
9782
2983
10000
9376
1010
3071
2416
1765
4031
5633
5029
1772
5559
3092
4036
4156
772
1681
4146
9109
9051
5521
4537
2163
6912
6839
2340
5227
4313
2068
2460
746
3132
9813
3354
8568
2323
2979
5883
6692
7045
22
1544
2273
6666
5336
9905
3812
5515
744
1783
4923
7137
1866
156
8789
7228
2294
9725
3669
557
8692
2109
6698
678
4762
1499
9582
3378
5166
7809
6094
412
2864
3621
5258
953
391
2909
7717
2765
4865
7891
785
2056
3655
9850
6567
409
4109
4850
6497
731
2424
2361
5084
8772
2319
3158
7794
1213
5645
2928
5578
7040
9670
535
3238
8560
6446
8465
46
2101
6222
4718
103
9569
6323
6580
3022
6621
6537
7263
2274
2250
5745
9076
1804
6869
6391
5696
3699
837
6601
2265
9967
2066
2247
743
1925
9473
6884
3196
201
9760
6272
6125
6832
7542
7664
8481
3389
7563
4883
2836
2459
5739
1961
7307
6644
7861
7636
5681
8057
9370
189
7779
988
3833
7493
9984
4583
1535
4325
3329
951
7320
928
9348
2970
2630
1028
728
434
7367
1685
4593
5268
3768
5920
9884
5859
5601
1208
3719
450
7940
6403
5419
7786
8243
8010
1917
7035
2218
9089
6356
7223
5560
8901
2462
5977
234
8895
9891
2763
5502
9066
5973
7627
9093
3398
6710
1300
7534
9137
3864
833
6729
195
4128
5775
9694
6204
6377
1918
7903
437
9340
9739
6609
8684
6861
7593
2926
4568
4634
3695
7095
6921
9773
5100
7714
1391
6780
5697
6145
7831
1315
857
2297
7273
1597
4126
1244
7497
3170
7023
1241
9561
3773
6815
6218
7889
5516
2817
1699
3496
6397
2206
1466
6121
7586
2451
7293
3337
8788
4248
5976
9136
4676
727
2573
2179
2663
786
5060
1816
5897
2906
2945
4499
1709
5007
1365
3579
8823
9531
9188
333
3023
6265
4372
7480
5904
4590
7164
8088
5832
400
6290
2536
3294
5101
4337
4993
6550
756
4962
7561
9615
4049
4473
1191
388
3660
8128
8122
5334
292
8089
2202
2082
5634
2419
1436
2689
6968
380
9729
90
6451
1256
8074
7375
883
1860
5369
8685
5056
4607
1819
6988
5495
7422
2057
8756
1407
1004
6542
8747
5404
580
9410
83
3607
8791
985
146
2158
5657
6065
7099
6518
2972
3630
6533
3462
7323
226
3146
225
184
9865
6650
4542
3044
1177
6146
8768
474
9939
3082
3489
1920
8631
8961
2790
1621
7006
8978
9795
422
7897
2510
1631
2384
2245
5882
4975
2795
8188
7549
2253
818
5911
9232
6643
7458
5303
7850
4165
8151
1940
3775
5242
9312
4282
1611
5460
8940
3576
993
6197
6434
9090
1342
9033
5013
148
1719
6796
9178
9976
3707
2432
4997
621
1151
2702
9607
4184
8027
4183
2986
376
8319
1855
9441
1422
9854
3024
9969
8573
2385
5248
4834
1029
4908
7200
6433
3583
2435
8305
3382
268
9354
5050
9565
6449
3626
5888
3832
6349
7090
6177
6660
9542
8373
7494
4039
5322
6488
4091
4742
8548
9549
6075
2791
9113
420
1465
6778
5217
6916
5315
7254
5848
9868
541
1638
8703
6687
9071
3916
489
8807
3078
926
7829
9736
3674
7695
2973
9068
5011
4423
8707
5174
4745
3428
2312
2944
2018
6487
289
9529
2618
6148
6749
3543
1653
6279
8058
4206
8393
8599
733
9477
1198
1654
8608
4990
2577
8856
1448
8050
1786
7198
8161
4603
960
1953
2827
8388
4150
8860
9655
1170
8280
3938
220
7864
2936
2169
9721
4707
6877
6742
6031
1695
1339
4842
4645
1000
4655
2987
3040
5600
8972
1793
7093
6096
3905
438
8295
9511
919
1320
3449
4234
3362
6106
608
8616
6990
1477
9973
4523
1593
2268
1850
458
6366
3734
4078
8297
4368
6744
889
5799
9877
4965
2332
5981
3708
9060
5324
8720
6770
6757
26
9543
6981
1791
940
8696
813
4960
5814
6999
9512
4690
9737
7347
8926
1813
7990
3837
4380
9934
900
5067
155
6236
998
7021
9998
8887
345
1104
8886
4939
9771
9229
9789
9009
2571
1758
9525
1736
1705
5355
430
6915
1158
9785
7321
5396
1897
4389
8359
5675
2313
4688
2106
488
9585
892
780
1237
7133
2108
965
4692
7659
9437
6443
9526
16
352
2521
5529
2499
5477
8084
2201
9535
807
3959
4394
8343
5962
2357
8349
8702
443
7443
4988
3271
5880
5514
3616
2228
5818
2948
4784
7182
2625
7157
2339
6315
452
3767
1124
4748
1456
1359
2234
9104
8177
2207
1194
8049
7149
8451
5206
8574
133
9142
3081
9080
4640
2387
3575
4636
4605
7653
6481
3075
3465
38
6393
364
1478
4077
5057
3439
479
9091
9605
8506
9353
4358
7061
3028
2077
475
4478
7565
1761
3311
8241
912
52
6819
294
9875
4906
9951
4043
1930
8333
1232
7186
1989
3148
5730
4533
1888
3450
2295
2182
9860
3223
8691
1824
6494
1094
6810
3390
4074
9258
7773
3376
444
4986
3411
7401
1998
9423
9266
1054
3252
1779
520
7795
123
2276
3869
4579
723
6577
6665
2407
7866
6535
9987
7841
2623
1983
946
2725
8585
950
3096
7840
5625
1040
2172
7498
6901
6723
3208
8831
6136
6769
9440
5725
9457
3866
6582
111
5706
2211
4506
7343
7560
6098
6100
4476
529
4067
4239
2107
3346
9086
6771
7085
2921
5619
3982
7877
914
1150
2599
5855
5395
7712
757
4411
33
7895
4713
3165
5290
930
8571
8638
2852
9134
2754
1417
1037
5415
3083
7309
2924
4004
1133
5041
1605
9618
4685
6041
4918
7623
8775
3006
4121
213
5709
1947
9931
2990
3127
6953
4374
5468
7663
8152
1972
7482
5023
1420
5429
309
2060
1596
8932
8406
8493
8854
3714
1187
9279
8059
4738
1818
6856
7244
7369
917
7781
894
5844
6274
664
6588
8371
4417
1754
2837
465
507
8842
2141
9485
9288
9397
4633
4381
5813
8840
7955
7354
5143
539
5260
3532
1871
281
7326
6994
5666
9727
3452
2838
9831
2461
7058
9950
497
1748
5201
6502
2890
4969
8097
1273
9680
5576
7225
8699
4623
6280
7221
3907
823
1766
6162
6501
9764
6461
9540
2221
157
5896
3472
179
5526
7055
3206
699
6227
3228
4096
343
2187
5615
1030
7810
8951
5631
8464
9839
6521
6278
3344
392
6307
9972
4500
202
3367
5525
8567
7523
3625
1386
5789
4665
8824
6435
585
1645
3678
2100
5517
3590
8507
6674
7151
9937
9119
6874
1874
3110
6886
710
1248
9938
6516
2379
5993
1843
7285
9628
5274
8018
7610
2692
5058
1434
7028
5049
5128
5801
7018
3348
8410
6793
1902
1979
1210
1467
1306
4035
4818
4812
5944
5496
8404
9083
4307
4961
4877
9415
3948
1877
2631
5135
7072
7399
7368
1468
3986
487
2977
2752
7601
6213
9852
5003
8652
525
2767
7614
8062
9510
9559
8736
4513
1428
6321
5362
999
4258
1825
2227
7030
2544
2493
7235
5456
1668
1652
3801
5148
8857
598
2519
2891
7755
7104
9914
9954
9095
5906
3373
5212
8421
3791
8491
3248
4050
7802
9005
5860
8960
3827
2911
2683
2506
7800
902
5397
2087
9791
1612
3440
9450
891
498
5587
2903
825
1234
6679
2452
8219
9367
4279
9227
6445
4659
3101
5544
4856
3182
5747
4229
6437
1154
4264
6530
6787
6057
1706
4219
1523
4018
4201
1751
1556
3338
3892
6193
8817
4992
6591
54
2382
4005
9507
3810
1885
7489
9161
3517
6712
7469
4396
2181
2859
6624
572
5717
3095
5853
3567
7020
1763
7346
1592
4926
5671
4260
4291
6407
5223
1788
1690
3790
1444
1555
6002
7776
8209
6371
3466
34
9374
631
2152
6922
4916
671
6415
2468
8364
5282
8868
3283
4059
7315
6686
2792
5751
5076
9965
8166
8915
4618
8304
3927
2321
3760
864
9876
6992
414
5759
3325
7727
9971
8217
68
3188
5523
9493
8431
1629
802
1429
4588
8102
1082
6324
990
4925
1059
8396
5683
3814
4087
2063
4484
4297
9879
2337
6081
9896
8543
442
1305
9177
7764
9963
6697
8637
8946
6398
2260
4302
8958
9758
7084
4142
8979
2658
3744
1408
6376
9389
7083
2164
3177
1691
8347
6868
3638
7708
8323
7550
4710
9063
4743
6013
6496
2966
2084
1575
9595
2008
8441
3508
8717
6413
6659
6568
6226
4160
2156
3985
2289
5204
386
1827
5358
9692
6517
4976
964
3458
7826
8288
5370
4105
9650
2727
7188
7389
5905
1319
5190
846
3432
4481
8890
3265
4193
6343
9379
7673
5337
9460
1281
2458
6463
2224
4570
7711
4531
6713
5267
7619
8083
2877
8891
8981
5435
6781
137
9719
812
6673
3958
9448
4779
8687
5014
7514
3077
5850
8112
1369
5624
8272
931
2200
9016
7745
5381
13
1032
7426
7462
4060
2118
2491
7884
8222
3162
4581
716
9604
8950
5349
9897
2796
1113
7392
1803
6747
6381
9223
4907
8906
1056
9556
7479
5281
3842
2994
5847
3434
8023
2869
297
4886
9787
3617
4276
5018
2475
8919
82
4910
492
7630
1501
3251
2780
8080
5401
8380
9390
4412
6128
9141
8291
4391
9303
4292
2353
2675
415
1525
8186
9892
7079
575
6960
7944
6456
7544
5835
9566
4915
3702
1969
3431
7600
9825
6020
4656
2150
4952
4712
6628
6249
7291
8633
6441
7373
4284
8837
1835
4894
9932
1867
9309
7647
5641
1001
2981
5393
5644
4800
2453
4947
4888
7487
2992
3881
1052
298
845
1449
7844
1127
66
9347
2433
4577
8338
1928
493
4798
8330
9466
4106
776
1842
9949
3826
7169
6811
5504
5042
3345
741
8766
2145
8253
4827
284
62
7016
1949
368
1720
7823
2308
2036
1703
6554
3374
2122
407
4563
8867
8234
4739
1826
9111
2902
3861
2522
316
8529
2947
8996
1105
2136
8428
9121
3898
3757
5805
5412
1526
8515
3962
8298
3425
1713
256
8903
4538
1670
3603
8614
394
1149
6735
8444
3539
2604
3560
3300
5208
7977
1913
3521
1851
2639
4
8750
3361
4794
8781
8159
1678
4945
5317
1595
4889
5466
4305
5965
4534
9999
5989
5536
5144
344
6466
2904
2596
4994
3591
3516
9323
7546
4349
1676
9203
737
7833
9486
7349
6709
5660
8497
3268
178
7949
832
3555
9185
2894
4612
1744
4837
8207
617
7117
6565
9478
8477
8522
9173
9762
6388
36
8670
9204
9297
8233
3635
8113
389
2810
3409
7390
1991
820
5063
9541
5652
784
2370
2255
6503
8346
9614
961
9304
7855
3762
1992
3104
3290
7991
5306
5302
7857
1513
7734
7569
3628
70
7177
6350
6142
1927
6438
2173
4671
1500
2811
9405
5188
1571
2222
7304
4564
4189
9757
5285
4824
7520
3946
7431
8537
3479
6198
1601
8011
9522
8847
259
6063
1493
7923
1152
5969
2528
3118
7336
4637
5341
1604
1704
3593
8471
8202
5155
9048
236
5966
755
5181
5115
2656
8474
3163
1137
454
3143
4950
5454
1091
4191
7766
9117
9586
880
9166
9234
8983
7936
3317
6034
9784
7126
5179
28
7879
7409
7467
1929
7442
7543
9452
3698
4390
1822
5797
5795
9560
6392
9123
4124
9343
2688
9908
933
882
8189
5582
7064
3981
462
6385
1879
5591
7068
7957
2033
9313
1794
1018
2637
9381
8805
9728
3990
9325
9029
9172
7620
7687
1421
3190
4944
5701
6880
5595
5090
7481
3563
5203
6703
32
403
5715
3712
8634
2595
3241
398
9373
6418
9793
4658
4708
20
9912
566
866
252
5922
2252
6524
4615
3136
2736
8067
4280
6333
8081
5864
1492
974
9331
6612
9823
5092
5433
3215
6873
5909
2466
8054
3558
2446
4896
8144
7582
3074
3966
5852
7226
9320
1517
3917
1207
9336
7441
9433
1443
3053
5800
2999
4083
745
5288
4836
8597
81
5840
2427
286
7890
7836
1295
136
9082
1366
2789
6064
4649
3615
6478
9280
9935
827
4614
9539
536
7604
2404
7168
7418
2579
9282
9676
2962
8767
2331
2064
7415
5826
9222
7473
7876
4575
5019
451
4301
3645
7626
9857
7080
8594
5752
2473
9233
3002
3829
6574
7302
2834
9322
2403
9062
7999
3885
9707
6259
2803
7652
4729
9874
1437
8232
809
2724
8104
1435
3069
4741
9170
2649
8667
4214
3935
7158
7446
8238
8073
3730
6980
1445
6033
1122
9571
9263
3685
7499
4545
8341
1140
569
9861
4475
7683
5399
6791
5926
2307
6051
6525
1963
3323
5668
2825
9459
1973
4220
2055
2532
2624
2281
3518
3961
1946
9747
5093
4721
1044
962
1546
7748
180
1455
4900
258
29
9341
3675
8259
8827
4242
7421
5376
6129
3904
8669
7697
5910
3122
1756
6653
773
7370
9135
3716
7002
981
5857
5301
3666
6556
3528
5113
9546
1712
6651
9668
5568
9734
3915
9701
8367
9970
9606
3996
3453
2040
4262
9887
7125
3533
7825
6093
4205
4425
5409
7395
7554
4755
2400
1084
3138
4660
4936
7954
2344
4145
4030
8869
9712
6652
2769
3459
4037
2743
8470
7054
274
9453
78
1892
3397
424
9361
8897
7916
3960
6788
5503
429
8200
3445
9107
1491
2092
7583
4053
748
630
5703
6604
5085
2125
651
115
9599
347
4403
3755
4624
4622
6671
5530
4628
9944
3681
6338
9822
1863
4682
6541
164
7939
5682
1586
5002
6430
9096
2853
3292
10
612
4247
9527
7675
4956
5320
3700
432
2698
638
5265
9851
6276
1817
7854
9
7114
6296
5961
5492
2905
3701
456
6905
5545
480
9454
2875
5918
1510
4964
2645
4187
2246
4203
4511
506
4434
2662
198
1321
8498
8203
1808
3487
8709
1471
5842
3947
2073
5326
8808
7525
9077
1051
2822
2292
2131
9275
3204
1099
1830
2398
5151
3519
9583
1646
406
4127
2581
6455
3514
9772
8864
4155
9042
8035
4343
9350
6378
9099
7297
5919
5688
2298
3067
5134
8730
5087
5270
552
5051
4376
4267
1041
2215
2306
9898
9421
3405
7425
4706
4277
663
872
3515
1277
2575
6134
7440
3129
3249
8418
3796
9617
7789
4681
9631
4683
9871
6238
1933
597
9832
3065
1682
5647
1260
9779
8742
9672
6689
9598
5461
5004
1396
6715
1335
7632
7319
982
3298
4168
1669
5140
2444
8034
4092
5252
7900
3310
6394
7720
3871
6661
8208
2443
3239
8902
9716
625
7997
8456
4765
7216
5581
5017
6987
6167
1518
9451
4843
3293
7207
9290
5543
8813
9106
3976
1060
8127
5501
1464
9003
4103
467
3895
3384
828
8294
5721
4408
3924
4838
4497
6636
7450
5899
9812
327
3244
5914
4698
7671
1562
396
2603
4630
1862
8934
8077
2800
2447
6189
677
2495
5352
8818
4289
4617
3809
9035
1956
2175
3643
4364
6890
8051
5220
5787
5249
2594
6097
1683
1534
890
2694
6654
571
2007
7945
2363
9438
9933
4246
9150
7036
8221
2115
5763
2593
2874
1935
1572
8037
1479
1276
2809
9713
2794
1415
9968
2720
4416
654
9131
3400
3952
5586
5459
6569
831
8115
2502
9929
8312
4727
6532
8725
7634
9159
4599
8536
7077
8201
7488
9697
6244
1285
616
128
1072
8090
6957
8838
4421
576
1861
4133
4932
3480
4919
4973
8214
8526
2815
8794
2291
9537
5680
2989
7139
2985
6947
8325
4594
522
623
3875
9797
5253
2305
6360
8555
9480
5366
3448
2081
7981
9597
8563
8055
593
6963
8048
2080
1760
2365
2185
1630
5952
1462
404
8566
3710
4753
8595
1548
503
5072
6202
768
9589
2266
5142
5149
2759
5998
4851
500
689
3349
242
9198
5359
5402
1228
6208
669
6184
9490
8452
4668
5425
1522
3605
4638
6734
3255
5718
9464
8262
4351
1728
2821
7655
8119
3928
4429
3304
154
4006
8704
7408
7660
5453
7896
6205
210
4442
2530
7233
8016
622
6629
7718
8079
9315
6852
4589
5809
5416
7213
9291
9814
9858
2098
8313
1962
3978
4861
8439
9550
6547
4113
469
8129
8693
3728
8532
1848
183
8012
51
7684
4574
6474
2653
7471
3794
8579
614
1190
817
7589
7820
4344
6940
5195
1777
3105
2469
2318
4957
808
299
5849
8247
9834
6103
3199
8287
7109
9942
9455
9032
1799
3973
1782
5384
4887
1891
9516
449
4701
7947
2643
543
4797
4852
7592
918
4073
8162
5264
8266
2787
5736
8403
4941
896
3330
3780
3183
5299
6030
39
1123
8622
6052
2751
1474
2884
8500
2879
4413
9245
433
7097
4061
8977
3482
8771
5102
1798
5987
8109
665
3942
9778
9577
9626
3561
4020
4433
7513
5585
546
1480
4548
7579
5047
9474
2892
3840
3145
6558
328
1796
2511
3891
246
2226
9462
9593
3461
8575
199
2205
4134
2938
6860
6858
3587
3219
8853
6422
357
205
8689
8520
5062
5428
2396
8281
1516
69
9425
1416
3821
371
8399
3277
702
6000
7208
8395
9809
9681
1338
495
986
2918
6009
7433
4468
9387
1589
3689
4293
2010
4166
5584
8921
5676
8205
308
3993
2256
7915
1355
7005
2091
6268
7722
9947
1717
4207
7335
4315
3471
680
8249
2016
5278
6656
5756
2413
9190
2151
719
4689
5972
4033
1582
2325
6979
4161
5475
3731
2383
6998
1980
4792
9235
2030
6228
2613
9625
6759
4711
3671
8836
8969
8072
1679
2198
9548
7127
2303
5096
7492
7853
8472
6862
1734
3008
1985
7799
3619
9045
221
6431
4483
211
7531
2314
975
4236
7587
2425
5194
9504
5319
1507
5485
4180
1815
7318
5239
8111
4781
182
8763
9853
8627
7299
5874
6203
4136
4608
1088
8873
5413
5110
8479
7878
2917
5698
9523
1486
2525
3263
2866
1642
5006
6341
1282
9886
1117
3189
2048
1780
320
7646
640
2504
7633
1258
3032
9243
3512
3273
1936
14
8267
2149
2943
1406
9236
4405
8678
578
8009
7639
2017
9369
8776
2096
5923
4213
1584
9319
2552
8636
5870
8757
2958
9484
3600
6152
3939
7187
8390
641
3254
2839
4437
6891
7584
9122
8145
1904
5684
8533
5767
6040
9609
9815
1674
7324
1716
3825
9781
4263
3484
3417
6054
7253
509
6997
4398
1293
3774
8001
9770
7566
5484
4237
4330
8211
3649
1349
5269
4995
3769
5931
4768
5077
2487
2559
7279
3107
8475
3504
6252
3781
6043
4854
4963
4714
1811
4643
9669
9505
9630
4007
526
1297
263
3097
7658
4224
7222
8461
8117
7267
6641
1287
2225
44
4081
6783
3491
7204
7661
3243
6870
100
8139
8320
7775
6795
9619
3194
9414
3278
9600
8815
1774
4016
6405
1071
379
2919
7294
425
1647
4194
3770
8149
8661
2549
7883
244
5691
9214
3811
5356
7832
6016
7964
2428
4339
9917
9930
3286
84
3485
688
8029
6509
6143
9515
113
1603
1875
8261
1841
3726
7150
6303
2275
8829
3664
2133
7624
9829
2445
5825
783
9165
3888
9289
1212
1014
3836
3729
8586
4310
8894
3481
6677
6510
6892
5869
7232
4441
9201
7719
6761
6066
8400
1698
1971
9503
4125
3835
3902
1882
3438
2697
9371
3880
3687
5970
1993
9679
4088
6639
5438
5499
9194
9422
798
4496
527
2614
1049
8801
6543
4356
9554
7025
48
4621
6789
7464
7622
7242
5348
8339
3156
9796
4086
7983
626
764
4558
1878
3713
873
8649
4760
956
8286
5737
6685
3406
7189
2717
6522
2831
6457
4185
1402
6798
461
547
1583
7975
3765
7709
4116
5566
2054
6785
2514
2105
3817
2437
5828
9224
6841
4366
9210
9711
6308
8624
3218
1857
715
9790
1058
7502
7637
8332
1942
3686
1065
7970
5351
563
9573
7568
1270
5225
5021
9036
9395
8578
590
1249
1469
7801
254
9418
296
24
2771
2723
7608
1845
8600
8745
3983
661
9824
1372
9864
9909
3066
5851
6683
3470
4977
2797
9654
8797
3715
6291
3227
9272
17
9685
9199
8392
3697
3003
3211
1609
65
8523
5489
8361
7696
6971
9767
4175
8556
7846
6469
9145
6480
4108
5901
1530
8123
4335
6409
9250
468
8584
9488
219
200
2284
1561
6239
583
789
7491
3754
2600
7105
161
7805
8187
9004
5511
2240
2074
6741
162
879
4170
1419
6764
4989
9041
2998
3694
3299
1914
850
5982
895
9435
4345
6985
4893
166
8774
6086
2484
1447
8876
2735
5247
3709
6669
1865
4123
7366
6762
8300
5583
8885
658
4063
2482
9087
6170
7771
791
560
363
9979
1784
7147
428
6889
8673
7342
4094
8460
721
558
2634
7219
3055
5945
4017
8440
169
3750
5449
6317
9894
1031
5627
7698
9407
6490
9360
9262
6720
2845
4756
6949
683
3913
6758
6864
5112
1504
1838
3930
6126
8647
6151
3144
4770
7751
5983
9412
9836
4587
5036
4860
6760
9777
8549
3525
5339
4535
4864
9992
8935
2678
3502
9803
875
7357
3201
2094
9846
1196
8833
1193
1288
5083
6965
139
4998
6447
9162
5632
2766
3706
77
847
4507
670
2842
9139
5445
6229
6626
8875
3911
163
5865
7754
1602
4529
949
549
8264
7638
8910
3446
8321
1662
1076
3980
4664
6294
8227
6427
7230
2467
241
915
4042
7288
5629
7388
267
592
8458
7102
2546
8606
7161
2090
3176
6074
7289
9844
3559
1046
4635
4759
4595
3749
6337
9160
9636
1374
7252
7340
9112
7071
4450
8546
1591
473
7138
8679
4946
6540
6605
6251
486
7741
4808
6596
1307
5959
7774
4734
3863
194
6616
1357
8708
1552
4492
4680
2516
176
6491
9470
4787
455
6453
7087
6237
8965
6544
1440
3060
229
2338
9189
3134
2003
1666
5333
6602
2876
9919
7677
7967
874
545
6695
6768
8276
1909
5689
7689
830
5094
6114
6730
4010
6176
360
987
2049
8240
3181
2950
6731
849
2580
4164
1182
8216
7571
5141
1292
9691
9358
801
5001
2046
6913
9011
8368
754
9750
2146
1932
427
3456
1442
8852
2685
1226
3865
8956
7842
7918
3546
685
6180
3015
574
2214
423
9380
7330
610
4369
3347
5766
9578
707
3741
4845
1011
9581
7172
8326
4786
9259
1189
7933
8348
2132
8374
2076
8992
25
4299
4809
5235
8174
3748
5210
1494
6401
2455
9893
3308
8182
7649
5452
245
3923
4101
125
9925
6300
4130
8535
7952
9723
411
2863
7798
167
1588
5494
9845
6138
1403
6545
1142
5097
275
1286
8366
215
4644
8376
6991
8248
2259
5735
3873
7295
1426
774
5974
3818
2254
852
2862
1549
7419
7043
5829
8378
6327
7120
117
5277
1077
387
290
3807
7756
7106
7237
4008
749
5891
9946
8120
8237
9413
8204
4259
3366
8733
149
6059
3388
4000
7548
2490
8662
1376
1570
1725
4626
6489
5608
6594
3900
9624
2037
840
7176
8153
4058
7432
9502
7261
7987
484
6814
4873
4524
3920
553
8282
6105
482
3467
3535
4876
9996
1398
8082
4515
3908
8353
3100
2882
9704
2548
1908
7905
2636
8430
5723
7014
1473
800
6150
921
2587
3157
6154
7654
4333
5139
1431
604
9183
2770
5946
2013
7333
336
9293
9237
5649
521
9267
5885
8920
9863
2542
6835
3475
2264
3140
8292
8603
2829
4880
159
7645
1020
7351
4172
5643
7934
8967
5209
3733
9400
3126
573
7845
5202
3282
441
1893
7250
9128
6271
9332
6534
7174
1283
7785
6316
6704
8231
2112
1092
5997
7385
6821
2354
5127
3646
75
3967
8888
814
690
4502
5230
4341
8485
2969
5917
9913
8070
4514
1749
4395
9168
1858
5400
8917
7477
4927
224
6008
2518
4188
3076
725
1352
7452
8648
9953
3652
5457
1134
9465
6597
303
4486
8954
4057
983
7892
9242
8676
4111
3799
954
6531
6728
7847
4835
8192
7574
7808
2420
5808
4019
7921
9509
278
7937
1269
7893
478
5824
3573
1476
3309
9613
8130
5937
1551
5661
5232
8790
5276
8453
4897
3356
9034
3974
720
4807
9500
5163
151
9255
7439
7573
7667
9621
2299
7742
3441
5538
121
4803
5283
6118
232
2606
4693
4828
7348
994
8591
6406
3191
1941
2934
3509
1363
9167
3202
4619
4625
5165
1216
3102
747
4505
729
4265
2052
9903
9555
7500
9657
6102
1671
5305
7300
6182
6001
908
2939
1452
2848
416
2858
4447
2732
7027
3364
3510
2143
6817
5240
362
1475
3606
5534
1274
4602
1364
3303
6627
9364
3236
332
8740
5198
1157
4695
9191
2196
7510
3738
5558
4884
5106
7732
9305
5903
2652
6752
9859
4399
1128
5779
2750
945
1659
6876
9475
9398
6632
4238
1636
7447
6845
2114
2527
1424
6289
7248
684
2628
5913
2933
2557
4274
5939
8970
4342
770
5750
5912
6109
6751
3724
4719
9533
2515
1581
6018
4147
1733
1951
58
337
5161
2640
7818
9174
9774
8420
1303
4559
6936
9638
3929
228
9927
1833
270
7429
6037
2562
1770
8303
9046
5040
1732
972
5410
7406
6262
562
5266
2664
3396
2923
9671
7979
9055
3155
2681
9608
1009
7371
3547
8721
3602
4317
3185
8196
3099
9819
3785
9408
5678
3043
4859
8656
9023
3380
4648
2564
5748
8000
1687
8547
8939
7750
2846
6375
1627
2872
9835
5868
5372
3965
8572
8619
6827
8963
4119
1924
3017
2761
2851
206
8235
9749
9012
8407
2991
6849
2524
7524
2103
7746
6046
2409
8602
3295
2651
9545
1746
6115
2711
2650
2744
709
9383
1463
9301
1255
3862
393
858
1385
8830
9248
6200
6667
1558
397
1750
439
4872
3611
533
3747
1324
6310
1553
6719
7822
8936
9744
2053
8463
4241
3005
4863
3210
1114
7434
9314
924
6301
752
7851
8865
1849
8340
3258
5436
5890
255
3046
6224
1608
3940
2942
3072
4062
4353
3672
235
5573
5925
5843
2551
1290
1943
4362
7723
3062
7197
2806
2405
3442
5757
2212
4924
6048
2388
7929
7454
7881
3289
9058
1172
7635
8131
9219
5474
4367
7724
5450
8657
8180
1714
7059
9688
7526
3314
1362
405
7130
6774
8835
4709
3133
8737
821
4987
551
9281
3951
4582
5713
8743
3363
4494
7611
491
2561
8905
5150
3214
6
2672
1081
356
6625
2505
6499
7813
9705
5839
628
3469
2304
1387
6234
4162
7849
2889
1201
8258
5812
5794
7899
4670
8193
5749
8987
6982
6247
3553
9261
2479
8168
3541
6144
4273
6179
436
9039
9941
775
7121
9735
8626
6468
6620
3878
3381
2824
1895
2508
3358
5975
4027
1954
3876
8160
7165
3414
9344
8086
6995
2533
5705
4158
8809
6711
1844
722
761
339
1919
5753
3569
3468
9483
6924
8848
5780
1235
6645
3264
8786
9833
6721
7700
3564
8108
3052
3761
714
8175
4099
6175
1768
3035
1141
8263
1613
7032
2880
5929
94
4913
6232
1238
6007
8495
7003
3192
8609
307
5505
2676
4393
7236
9639
7830
8043
3857
6219
2840
110
6199
794
7960
5108
7412
2569
3654
3370
5734
5403
1325
6969
3912
9687
9238
9677
7625
2655
9496
7437
7179
8254
3953
559
8110
3085
6358
5020
2898
8296
3088
4826
6934
5563
7858
3644
7685
666
2975
7780
7701
9518
7264
9130
2283
2124
7403
7559
8565
9978
4609
4286
5262
5434
7507
6104
8167
27
8845
556
8997
5692
5935
5500
7404
7621
8925
3019
2762
5875
9192
7816
279
1648
2774
7511
3205
4110
7217
3477
1978
2120
4911
390
4752
793
8839
834
2137
99
3436
3921
5111
9205
3301
5720
7938
3523
5493
2677
1742
9078
2397
615
2180
1901
8615
6382
1831
6351
992
4312
9629
1635
7472
6634
9216
4065
1834
8943
9253
6546
8293
6939
8118
3161
4565
2798
4090
1108
5669
5528
8640
7485
6562
3280
1828
2512
8941
4029
457
9806
7274
4744
3552
1970
9017
4829
5307
3805
9993
7449
9873
8928
3680
4991
9038
9202
9557
5772
4696
1143
243
4210
1068
3903
897
4066
9842
3150
9506
2067
7865
306
9393
7229
1839
2279
7576
6575
2805
5984
1069
3403
5623
2229
9351
3870
512
1343
2843
2237
9240
9072
4245
6801
1197
4044
9811
9802
8436
7275
1665
8844
5465
5807
7917
6952
1483
4465
9481
5727
5760
1870
822
4763
8706
2523
3782
3963
6933
7183
7814
5234
5636
1485
584
7791
5297
8918
6108
1539
4983
448
5318
1240
8758
6708
8999
2733
8937
3274
1380
1328
8437
4283
9591
7988
5309
9283
9869
7113
7495
1168
734
5246
5070
140
973
8759
9514
3319
713
3549
695
5463
7246
841
7423
6325
5035
2251
5244
5873
7551
3828
7411
2760
8487
8387
3152
7052
4516
5651
2241
765
1017
8184
1937
8350
5557
5053
2410
8402
7231
4254
6484
4620
3093
3393
5389
6080
5655
8447
865
208
2177
3123
9396
4678
6250
6896
116
8480
7641
3949
1439
1616
7793
285
1145
1353
4978
3059
1632
8251
6879
4140
829
9154
5038
5443
4810
7982
9889
8587
516
2170
5628
4526
3154
4181
6926
2543
6035
9146
7094
2808
2784
8143
6539
9356
334
3624
3743
5213
271
5329
2474
7973
1118
1218
5934
265
732
2953
64
6684
9443
8030
9495
9855
594
7812
8635
2362
4250
8148
8252
7031
6967
8121
4485
2705
7312
9714
7968
6131
7009
7935
7862
3956
564
6802
2476
9794
8748
3048
6983
6275
3168
3822
2034
1311
9498
5506
1531
7123
4868
2075
209
2916
4009
5448
1116
1135
7276
192
4750
5577
3111
8654
2952
2422
8822
7530
3222
6536
8913
8900
1694
7490
9156
2629
1345
3566
2367
1911
8611
9553
8850
8126
662
88
7731
5565
8784
3379
95
6614
565
8285
3899
1330
2311
4822
1236
8751
7103
9683
5694
582
1898
8095
7256
144
8052
4971
5008
7111
5854
3855
4157
9073
3853
7201
3608
819
9108
3429
3357
3007
6084
6694
9769
9196
80
2721
9124
5955
8006
2602
7298
3413
9759
2696
2828
5900
3703
9138
7965
4453
5024
9208
9265
3041
2414
63
1075
9157
8438
2746
3683
3737
8385
8783
7175
8596
4253
6847
4539
6508
4933
5279
2881
6833
104
4375
8530
777
3613
5328
9061
9299
4909
1968
4173
6486
2957
648
1347
7783
4430
4642
8929
4867
1371
5769
6460
6477
5441
384
2043
6483
4715
4419
2345
4363
1832
524
7453
4197
2612
3233
6600
8820
3852
9489
1981
5522
2494
6230
8199
6334
1005
7212
1700
5261
9357
1438
1261
3027
3220
5540
3884
2119
6264
9990
5016
3841
3125
861
4691
7984
3693
6766
2776
8927
3057
8351
636
2470
2963
6813
7210
3540
2716
5907
2270
9981
3316
5173
9027
6688
8804
6288
8501
1057
6061
7699
8228
7379
9329
6322
2376
1007
1710
5420
9901
2358
1618
2844
8787
2147
7758
8094
3234
6283
5798
7650
4498
6389
3407
815
6010
6439
5350
8408
9501
2814
7804
706
613
7381
5250
5280
5259
3463
7603
9163
2128
1986
7331
6585
2566
8908
6396
5032
7131
1121
679
9010
9215
3723
6087
2093
6379
237
6885
647
6592
8980
1038
6777
2674
2638
4550
3116
5886
3216
5138
8892
3969
8206
6255
1314
6023
4303
4318
6888
2348
8659
9377
2682
1853
859
4215
8604
8429
2426
9659
8269
9994
6192
361
8552
4455
8762
4223
5295
6902
1847
5956
6848
4968
1757
2861
4163
5117
1458
2161
1641
8317
9673
9603
499
4148
8486
1400
2373
6056
8106
2316
9956
9213
1039
4885
8796
3830
9059
6266
8311
5380
4054
5954
2210
968
9449
2324
2148
8271
5026
3326
1192
8508
6909
7744
7245
7360
8372
7837
2976
4178
6792
7074
9634
5137
4870
4949
5674
9710
3109
8268
9040
261
1967
9807
2740
5237
2565
5816
5507
1769
1484
119
9928
4407
168
5596
187
8812
4440
8650
8760
5189
130
9878
193
8445
8425
8752
3430
8476
7194
2217
341
3331
4891
1112
9519
3815
4400
9596
8607
8841
4700
8225
6181
2347
1859
7580
1211
1579
9641
2335
1903
477
8076
5045
3473
283
2249
5932
8843
923
8394
7517
4177
3412
1411
3045
1296
2341
1718
7206
1939
9446
5478
9870
7533
9567
5603
9384
1129
3598
5895
5132
3305
7910
9246
1223
8087
9176
2286
8601
1138
1923
8668
4931
7974
6404
544
9696
9092
7191
703
9175
5614
5442
212
6402
4866
4328
9285
5513
6281
3889
6470
8195
5804
7885
6935
6273
9308
5746
382
7135
2620
5722
8874
5118
4217
1184
9461
9952
7463
8021
1675
7015
3011
1247
3933
9088
1559
5398
7238
6908
6269
7996
6365
4152
2333
4047
6571
2729
2854
7327
3410
681
6214
3262
2159
107
8933
5068
8569
868
160
7384
5791
5616
8613
3742
1130
4244
2293
5340
5497
811
5793
8976
3197
4230
5889
1496
657
6285
9209
2326
4311
490
760
3727
2070
3137
3160
8344
7272
3186
7163
2887
1807
5272
3203
372
6372
190
2465
1107
8938
4817
6408
8363
9037
7927
1334
6038
1214
1267
2617
5758
5374
514
5776
7848
7713
6133
7710
6615
7518
3423
8352
5930
1074
141
5815
7026
7919
7262
9695
9838
7989
9147
1649
5025
1301
6089
3570
6217
3824
5732
4677
2440
5837
1148
7199
2065
1997
8680
6846
881
2615
6390
591
4519
5481
2406
2818
1677
1702
6818
708
1711
8863
7680
7985
9001
8991
9964
5164
8849
5065
9768
5192
9958
2209
3798
8785
60
3039
6655
4858
4420
6866
9658
5783
8651
7875
9754
1382
978
1790
2660
1230
2819
2589
2946
7874
325
7209
600
704
6019
2726
9922
4554
8299
7484
5178
5432
3195
5567
6448
9110
1027
8150
4436
2153
1179
4586
3578
3328
2734
8746
5620
4669
6364
1090
2503
6458
8068
943
9026
9164
4352
8957
1433
1607
2786
5861
1132
3418
6786
9731
2203
1852
9867
6850
7251
6722
6242
5990
3042
7690
5055
1624
238
9830
4470
1312
6553
5941
6675
4517
6676
1524
8038
1658
9843
9140
8019
6112
1125
8861
5482
6328
7470
4557
8448
4221
4780
2703
5368
4169
8643
4275
2988
6765
3859
7243
4958
8105
4920
5561
4424
3596
3266
2558
5942
6617
1275
7772
4422
323
7065
1999
9761
8024
2028
4901
264
3787
9910
7674
5613
112
188
6563
3784
5579
3684
691
6312
3377
2710
4611
1846
4460
2509
15
1050
2563
4321
3975
8832
74
2741
1195
8826
2378
4474
7824
4839
1243
3991
5810
8519
6492
2693
3816
92
4319
9028
8690
8664
1984
6248
6672
5887
2269
4814
5618
8641
4216
958
340
4728
7599
3856
9097
3464
8170
1899
3691
8033
862
4071
1533
618
2134
5455
701
4167
5211
56
4402
7270
8103
7782
447
1264
3670
4426
5365
1673
9755
5107
2183
4733
1508
5091
8098
331
7867
9268
2456
4002
8909
9187
9521
1738
8589
7615
7359
2719
223
132
633
2567
7420
742
483
7306
4272
5898
1323
2287
9587
2960
3901
1752
1660
4917
418
4459
6374
7553
4904
7839
8377
2257
2199
7382
687
8663
9152
7519
3506
4350
620
3130
7100
2833
4953
1379
8412
8527
6611
9646
4141
3792
7706
7193
634
1025
5157
1688
5168
7283
7082
9862
2165
4772
3483
5609
1543
8140
1221
1880
5418
1987
2538
9241
8728
3922
7451
2380
3492
1206
5116
969
9043
6808
824
1401
6340
7136
8210
9530
7271
4112
4935
7063
5343
9300
7725
5263
6637
460
1773
6732
21
8124
6523
6305
3849
1585
9828
1787
4929
5321
3883
5236
3562
3808
694
587
6261
8964
7383
7110
1169
7693
5978
3943
7901
6840
9468
3322
2408
216
1341
3493
7913
8301
9959
7729
7807
7666
9792
6865
5480
9783
5948
109
7992
8220
4251
1840
5630
5686
9052
4725
3180
9103
3601
8593
7070
42
4438
3478
5765
9179
1098
9848
7444
920
8125
5408
3385
3609
4281
9983
5345
2262
9592
3554
8242
2714
4716
4967
1181
5518
1451
3267
351
3020
1383
3977
1008
2393
1667
601
5556
948
1175
1527
4820
8423
7001
4114
8993
6006
4021
6560
6076
9098
4674
8623
7364
1567
9551
3839
9837
1021
9363
7740
6293
6564
8116
8741
5677
8147
2167
4789
2739
3187
8389
9674
8821
3802
7898
7476
1103
2178
8422
937
6718
6583
3850
4592
3550
4479
5169
9129
5658
9287
5927
5133
9434
1159
639
6506
1360
7703
2632
3297
6298
8734
9133
6412
9153
3874
8455
5080
1540
7872
1590
481
3677
2666
1378
8369
4085
3336
2940
6739
9375
1715
6937
3834
8181
6210
5467
5771
7365
3151
922
8433
735
4117
5294
8398
6906
4387
6049
6450
9563
6779
4629
8628
2099
7707
2157
3112
85
3594
7173
8424
3018
3372
781
5182
7374
2471
4026
2138
431
7266
8457
4518
8828
7676
1686
4662
3036
1165
2336
7925
1220
3597
7692
7545
2031
7963
510
7522
4652
7788
7980
1354
6172
4815
4448
4639
4432
8061
2193
5462
7778
1309
3427
5729
6055
7249
3867
3184
3718
8714
3505
9798
1697
7024
5289
2932
8315
6498
2592
8191
7596
5796
6346
8466
217
1272
9338
3610
1259
3494
5550
5665
7880
4370
6414
6256
5146
9368
2758
7670
7762
3142
1576
579
5490
2019
7170
1912
5777
8215
9007
9988
4198
4869
5836
7665
8612
6085
4014
4064
9306
9226
5638
408
3592
302
4547
4580
3174
96
3520
9751
3739
2772
6900
9327
7902
2997
2346
8329
3640
3287
1310
2485
6895
5256
6956
9085
7387
2855
7203
932
2389
6733
769
3926
7413
6254
3536
239
1994
3334
5667
1506
6130
1498
650
6003
984
6141
9647
6520
3419
2492
5431
7352
1200
4268
9310
6590
1482
4552
8502
718
2086
2374
6362
5313
9706
6295
7950
4841
5714
4135
1557
1965
3084
186
4076
1304
4776
5867
3232
8322
9572
3198
204
4940
8930
4495
568
6212
9471
7277
9726
5778
9296
6155
260
6187
8513
5160
7609
1883
272
6117
1633
1024
6370
3327
1412
5069
4046
7578
2984
5877
4641
4463
4875
7051
8816
4532
5287
8561
3253
8397
8239
9756
8511
3454
9753
996
8492
4999
1089
4509
1623
9700
9307
6452
9827
8701
3225
7129
6336
7296
9640
5872
8605
3847
8101
9826
8700
8138
6432
4001
1950
7372
5830
6440
4129
277
8576
1457
3121
6132
2865
5711
6495
6345
3582
8896
5650
5222
1472
9899
1418
8504
9900
79
9661
4591
2897
9574
1470
3031
445
1545
5177
4202
816
5593
6903
7171
9528
6263
1490
4371
2097
6576
4616
5314
2673
9590
7594
3049
5136
4406
293
1726
2463
9703
2841
8550
6429
5963
4980
3343
4233
6246
9552
6195
7688
6623
911
9821
3235
2788
6258
6919
4831
9986
4204
288
2757
6984
9044
2706
9419
9345
7552
542
314
2500
2910
8381
2610
8541
1755
6395
3665
7156
2959
2908
1337
7537
8365
122
8450
6966
5316
9002
9765
2020
8557
4541
596
7089
2554
5943
5440
1377
8386
1836
3925
5390
7657
7050
7972
2423
5915
9698
6976
6500
8028
7281
8582
6738
7218
5304
5724
711
9612
3746
4726
4314
1344
291
9469
6555
5205
9070
6589
1512
8197
5673
4013
5612
6411
5470
7239
3306
9193
6630
2968
2029
1070
7948
1102
6416
6855
8499
1012
788
2320
7911
1414
2083
335
1045
3843
8682
7143
4667
853
4095
8518
8270
1454
7287
9915
5310
1907
7558
3534
1975
9588
9648
5357
4212
1487
4723
2501
9366
6209
8459
2540
4316
6157
5129
9270
5308
7570
312
9100
1047
5520
8246
2804
4365
9921
5353
8995
7496
2140
1252
3392
2783
907
2550
53
5740
4573
3113
1532
855
8069
766
6898
9536
9708
9427
5257
6717
1926
1225
2753
3500
738
9271
7606
2586
7591
1093
8017
3021
1322
9006
7961
9544
2191
2686
8334
5879
3568
2035
4186
9738
7363
2671
8588
1964
1563
5325
3320
4862
8525
724
7869
2539
2529
515
5121
540
7941
8904
1723
4930
4392
4801
4491
8357
810
7011
762
9653
158
1171
4567
5656
9594
4410
5841
7341
5817
7167
6699
6799
6828
1106
5726
3359
3141
2930
5564
548
2431
6706
6923
5346
3149
313
8132
5999
9675
9264
9406
7305
6166
9690
9763
554
6139
4089
2089
8580
9940
9524
5300
55
9220
3572
6424
1055
3029
8284
6570
7475
627
5361
5953
6548
739
1453
6156
2967
1821
6050
2392
6277
6929
7008
3447
4355
6528
6313
5028
6763
3999
867
1696
1271
8039
1620
3371
7681
1329
2574
105
2395
6750
305
8
6610
4553
2728
6123
8769
3279
2277
1015
9702
4576
9426
251
9126
4195
676
2088
7041
501
7486
4456
7196
2288
7505
2590
426
1254
8859
5524
7308
4296
5980
6782
6978
6595
4320
6549
5996
3495
6319
1146
7757
6287
7863
4222
203
9989
1689
4072
2691
97
2870
2434
196
8358
8314
4227
588
753
2914
7338
8955
7334
7577
5186
3355
5621
2607
8503
6794
9637
1884
4451
806
4823
3476
3848
4881
8409
8825
9840
6185
2847
8142
2219
6421
2012
399
471
7803
7148
642
4974
2633
6977
3537
5054
8916
310
1672
9775
5392
7595
6917
8739
9257
300
8671
4190
6083
6240
9276
9346
7906
3000
9895
2941
2454
5811
3657
1966
4331
7656
7811
9966
5446
5103
8914
8134
5598
8618
1820
1529
5015
3544
2669
3420
6079
1136
3276
9610
8467
696
5120
7435
9948
1332
4100
4304
3365
736
8986
7790
8539
7672
6756
2709
1119
5991
8194
4601
8041
9249
8677
7400
3759
4774
5059
6225
177
3229
2553
9682
8722
4561
4414
174
2781
9472
9008
9155
799
6442
1809
5708
9476
645
7257
9075
1209
9918
1797
5251
1767
1737
1869
9278
3030
4610
1034
6070
3745
7852
9050
3751
7280
2680
9494
5806
606
5061
8542
1101
1246
6368
4905
1302
2005
3633
952
153
5802
1078
8517
1162
5607
1185
886
8559
8620
3753
7328
5704
1161
1600
8283
5066
957
5231
4694
1625
2616
2160
779
3315
7538
5159
8521
3690
7912
4225
1393
5162
1637
1153
3548
8558
8417
2700
6946
682
5936
4255
9627
8773
8510
2448
2123
7013
6809
9666
8959
5367
9335
9439
3350
2695
3778
1139
4972
1729
9820
18
8798
6613
1147
5131
5364
7048
7448
4122
1257
329
6572
5298
5611
7716
5580
1955
4199
3217
1222
23
4806
8952
6668
2
8505
2002
8878
8003
7255
5152
8414
9881
8924
2223
6459
7640
8435
5064
419
3971
6631
7870
9388
6282
5226
3250
37
5821
4899
9116
6830
637
8780
6834
4578
1651
3998
903
2302
2126
7146
1083
6745
570
3054
2627
5575
8564
3291
9158
3058
7539
2929
2412
1536
3845
4480
6069
8562
7116
5312
4138
7749
1886
3886
6925
6950
3399
4464
2830
2826
9047
321
2174
635
1921
197
7
1488
1397
2364
1643
7737
4270
71
2886
6253
750
3620
5532
9907
1174
1063
8014
5005
6015
5427
470
5878
4796
7322
7081
8401
8810
5156
8245
40
1204
4555
3574
8625
222
5486
7501
6989
9841
7998
5876
4378
5214
939
771
8713
383
3676
3612
3034
463
3498
3342
2738
4055
7555
1684
7353
4052
5594
2477
8570
1945
1245
6017
3064
674
4266
7396
2116
9960
8046
6931
494
9645
5862
7037
4383
1547
4937
3868
1217
4503
9399
4143
7012
1890
5254
4384
8164
4661
440
2568
1294
504
3369
6292
624
6410
8968
3846
6561
1509
4751
675
4813
1785
1580
1988
4034
7000
3275
8096
7358
8945
459
8753
1568
6044
7532
649
3972
8309
3653
5292
3651
5391
6373
995
8056
9576
4228
304
3231
2659
9120
9686
5979
3588
5574
3970
2421
6746
7162
5933
6178
8898
5207
6743
2129
7046
4209
2330
365
4338
2560
9256
2931
4651
4327
4023
1022
8250
7612
2517
6077
6024
8871
7509
3051
5255
740
2290
120
7678
3324
1977
7260
5078
1693
3647
6964
7436
656
9601
4326
4462
7821
8356
8727
3321
9849
9748
3893
4082
3193
2351
3717
4359
1739
4675
3957
6353
4120
7978
7017
913
319
287
8942
318
7602
4051
8454
1203
5498
518
1346
6657
1423
4340
5167
8411
9015
9239
717
5871
7738
6633
7240
464
7535
7386
532
5027
9221
2430
9365
1537
8712
59
534
5373
9752
6231
5663
5079
5637
2386
511
8948
6163
7607
6662
2974
8133
2300
4232
5670
2001
3501
8621
5088
6473
1990
2498
7339
5175
9302
3721
644
8779
6867
2004
6587
6036
9328
2216
8310
2015
5476
7459
7651
1922
5105
2526
4472
249
667
9284
5354
6831
7101
6004
3722
5233
1183
2309
8764
1100
1186
9021
7777
7815
30
5437
803
4446
5379
5527
1351
8514
50
3735
1995
7643
2242
8383
936
8723
4041
4717
885
8814
3720
2024
1318
6586
2813
9652
8632
8990
9148
1427
8179
7160
1405
9635
4604
4782
5710
435
6649
1459
5119
8004
4938
4560
8715
6286
8911
7564
1753
1389
1126
11
8985
5733
6838
6436
2236
9385
4025
2429
2489
9337
9252
4951
134
3577
6153
4647
2857
2391
2900
227
6700
963
7503
4795
7278
4758
6812
6951
1350
8212
4543
871
1781
257
1409
6221
1521
2059
4056
1996
9386
2322
2690
2113
5010
49
7931
7556
173
8881
2231
2755
5539
342
3803
3169
326
7445
989
1278
4844
3488
1097
57
4028
5491
5385
5221
3673
5957
7184
7224
8213
8257
4959
7134
2520
7010
1574
7909
1515
2937
9244
3012
8695
2390
5275
5695
2883
5569
4153
1735
3139
5344
3711
6716
4778
6092
2647
876
9885
7466
9644
1872
3086
2023
8884
3230
1959
9184
9030
8524
5908
6882
8446
2995
7247
9115
6993
4847
6260
3585
3682
505
72
6348
5073
2699
4914
170
3987
6875
5822
8802
8158
9508
2381
7356
5104
3955
909
8792
2507
9277
6646
4139
6670
1066
4704
8223
6878
3725
6772
6927
2648
3819
7039
2572
5687
7202
1550
1164
9298
6235
5712
4830
4821
1606
9326
4285
9579
9084
7994
5894
796
1528
7069
4833
6306
4871
6073
5754
6948
61
8198
7053
4684
5469
9975
4912
7286
7843
4966
8053
1002
3910
7128
6215
5154
5702
1730
8540
2665
8688
5423
7317
7527
7691
8289
6707
7868
6930
7060
4501
2329
4373
2534
9171
7337
966
6022
4295
2038
7112
5387
5086
1868
1073
8256
5588
2189
1095
6696
6014
4571
7107
1233
934
3261
3696
1425
698
9699
6159
9997
5654
2598
1810
1722
929
519
5648
5095
8893
3950
358
2799
9132
3402
8462
2816
7185
7428
5153
4857
8694
3650
767
5533
9985
2079
3618
8324
2605
3375
893
942
8483
9181
9403
8063
7536
1578
6062
185
3175
9520
4154
9847
4487
5510
7871
4874
8005
2050
3108
1016
8013
7976
385
759
5197
2027
6183
6284
9662
4970
8907
2722
7946
4379
5716
1326
8036
2154
7380
8870
4048
8544
4722
2366
863
603
5347
4022
9025
1745
5967
9487
1800
7958
7311
5124
3341
6599
9352
7835
6380
250
2871
5071
5845
124
2022
6111
5774
8165
4805
5382
8025
2168
2436
9678
1446
887
1026
8974
6190
1263
8754
9575
108
7073
2166
2708
3648
5444
1566
4985
6201
1622
5284
6642
2701
537
1854
6194
8496
2047
4488
5052
4288
3641
9611
6099
6493
6220
7930
1111
9432
7057
324
5768
8872
7715
8645
1789
7767
5447
6047
869
7951
1520
9401
5039
4354
6164
844
7292
3992
6426
3642
4040
9945
231
6211
135
366
5238
8382
652
531
1180
4764
7562
7768
797
8724
7044
4118
4249
8512
6067
466
6842
1019
8473
1062
5781
9294
6485
9420
6872
700
2782
373
6941
4703
599
6032
3460
2778
2868
7062
9786
1634
8277
6975
6355
8045
4115
2730
5743
7205
9254
4261
3080
1708
8882
2935
7616
401
282
6140
145
1743
3307
311
5109
2417
3945
6186
1762
5940
561
9079
6095
152
5271
7310
3270
8141
4508
4323
2609
89
3858
9031
6352
7192
6893
6342
8066
5394
1410
370
9429
93
660
8391
5360
7047
3595
4512
6944
1900
655
7662
2547
6593
6894
9684
4324
971
1003
1064
8156
8345
7155
1503
9888
6386
8085
9180
2747
3272
5044
2497
8583
4597
3056
2687
2570
5893
6705
7391
3629
4196
6270
3896
7686
240
446
8482
1615
955
7922
4032
8064
3164
1358
6369
2042
31
5472
3313
835
5542
4598
165
3936
906
8071
726
904
7108
2949
2896
6635
2350
2130
8255
6068
1560
7920
315
6011
8265
905
3296
9186
4749
1741
4773
2556
1361
9564
2334
6970
369
3257
3200
854
9057
9709
1771
1829
3756
8793
6122
3663
2777
977
2718
1598
2343
8729
5331
3106
5406
6329
4679
7521
848
2775
7739
3387
4397
959
1805
2646
7512
7361
9780
530
1087
8379
5193
8545
8716
3854
4544
6137
4840
1006
8819
2258
6504
4527
2356
2327
4174
4955
7567
3776
1
7029
338
6648
9334
2176
1889
6267
5375
8328
8710
3909
2802
3135
2464
4278
7959
5884
8306
7345
6557
5547
3879
1036
6233
9724
9882
7648
976
8488
8172
1268
3179
2742
5992
8327
3352
8516
6042
4226
4458
8982
5405
7904
7474
5075
8778
4551
2282
4631
4477
6207
7769
1656
5371
7076
496
1617
9101
782
6027
9788
4454
6907
6883
8866
8858
7056
2144
2661
8666
1253
899
7033
6853
3288
7414
9906
5451
3351
2807
2925
35
7181
7034
381
4444
73
836
7144
2993
9570
4493
421
3213
7942
6367
4097
1952
2793
9499
3851
843
3631
1115
7540
2220
5535
12
3919
9206
4928
7753
6318
712
8419
9866
5483
3070
8653
5216
4540
9436
1388
3004
3800
3565
6512
8782
1538
6961
9663
2051
838
5031
5180
4457
5519
9920
9633
4003
6026
9532
2895
5790
7195
9018
4482
2737
8899
6399
5183
2576
5986
1481
6514
8026
7098
5549
7378
9799
8912
3705
4530
6110
2955
5562
6608
354
3586
8002
1644
5407
7585
8617
5744
6326
2768
6910
3153
1497
4819
8093
3098
2139
8302
253
2438
4357
9808
5338
7932
2263
4686
8862
5219
4377
9740
2243
4737
2352
2779
8047
7078
8770
9317
3524
6507
910
3736
9720
207
4982
9491
6529
9022
5921
5335
5030
5123
9818
3335
2555
9991
6107
9200
1042
6357
9936
1565
4443
790
9547
230
6101
4401
5464
5388
7759
2280
8015
9497
7402
7259
5947
233
3391
9444
4596
686
301
5487
3890
7456
8883
6724
4360
5037
2537
4769
8686
3984
1109
8354
7268
3788
3789
3284
7303
1650
4427
6160
8834
1205
9247
1251
3302
4724
5605
4562
269
8777
4038
8114
102
8434
4672
4469
7438
7590
9742
632
3632
5184
9330
5130
9218
1048
9746
3831
8718
4849
1856
7962
944
1628
2085
114
4761
2190
5199
1519
901
4075
8944
9534
8639
3995
1619
3
7557
5784
3014
6682
5642
150
6072
758
9074
2402
7180
9430
8683
1266
6837
8644
273
3013
5424
6053
877
8998
1976
2372
8674
1430
2832
9568
5383
6962
4697
3247
3556
7424
4720
8331
8630
8697
9054
2608
4235
3551
3353
3474
8489
2619
9144
6060
1906
4504
8672
7784
2058
2278
2535
878
5856
4777
9817
8290
6726
607
8154
9225
2355
2261
1156
8889
2272
7888
9580
4012
9065
476
4650
1348
417
7465
7153
7132
9105
5273
2712
925
8007
3221
3010
2893
7455
1502
3914
2621
8851
8610
6124
1053
550
4657
3511
8384
9776
6955
4832
4107
3882
5417
7457
1740
8092
1013
1035
9664
9230
4415
5617
8042
2488
3437
6598
330
6690
4775
4934
2208
8984
2591
5089
1202
8553
6330
4654
6245
3906
7142
1085
7605
402
6161
2127
2315
5659
4882
3530
9149
1495
1327
3614
6603
4322
1313
3764
7282
7797
9926
1441
997
7376
586
2642
9743
5218
7215
5938
935
6737
262
6954
4240
3813
9924
2184
8190
8362
1915
6241
6444
8534
6425
5043
7066
5421
778
8698
1938
5950
2667
970
8719
2961
1731
3758
6826
6825
2901
9800
1043
6465
9286
4735
6920
8800
1231
7515
4740
6475
3401
9064
8949
3383
9094
350
8484
3455
842
5755
9416
2418
1916
7588
1392
5664
2823
528
7859
6945
8278
4811
8307
6959
6702
4257
6090
6196
9207
6505
9392
5928
1957
3526
7860
602
577
9482
5792
3451
6581
3507
4290
1080
6996
7728
6958
3415
595
5170
7702
5125
6748
4428
1367
8660
2296
2317
3580
3662
191
8427
9649
2233
8136
7405
2978
4783
7894
3584
3944
2601
1594
508
4287
4566
4137
6767
2121
4653
2449
5700
4996
3994
3793
4799
9295
2913
9118
5672
6299
7993
9081
8415
6168
3333
3259
2142
7886
5229
629
9620
2773
322
1778
4921
4435
3073
6693
1375
2912
8229
6640
7575
2009
6607
693
2856
7362
3091
9013
5327
5738
673
9962
8171
7049
142
2450
5827
1894
2472
6471
1131
6928
8370
5863
9632
7618
7377
5342
9067
5426
5552
5606
2235
2888
7115
6844
2171
7284
1960
8629
3688
6973
967
4510
795
1747
3395
101
730
367
2745
1250
1759
6754
9311
8855
7092
3209
9584
1802
1775
3513
6820
6538
3256
8273
175
4791
6302
4948
8155
9741
9417
3339
4068
1299
3226
5949
7397
2764
8795
1663
2104
9718
7765
1067
9333
4200
6472
8169
2668
5187
1792
2801
3033
3634
1905
355
3740
5570
9730
5048
1461
6807
7145
8732
4300
4070
9195
3752
938
9667
4132
4466
8705
6332
8592
502
7668
538
4418
1505
2069
4890
7694
2021
7953
2920
7214
6619
6191
3426
5589
2072
8711
1489
7733
9463
3114
6606
6113
9182
9622
3918
5764
5599
6311
5770
3422
1096
6482
6400
19
9717
523
7007
5099
9114
2496
3103
7461
6851
1896
5892
8880
8598
9689
4646
5074
7763
8962
5033
8157
9431
659
4171
4144
2360
6551
2611
2039
7598
2713
8163
3766
8803
7088
3087
131
1333
4632
6519
4666
5555
979
2835
2025
5685
9943
5185
7760
8099
4439
4231
2980
3131
9125
9269
8236
8020
7747
3167
3340
2011
1554
1887
3224
9980
4942
3941
9977
295
672
6755
3240
4252
8989
9442
8469
9665
2071
2301
7316
6622
1614
2117
7004
6725
9359
7827
2860
2867
106
5592
4490
517
7355
2622
9974
6344
3656
1776
2907
4732
9995
1394
3444
4922
138
7314
3212
6335
9292
2285
5311
7597
1514
41
7572
5200
6363
5473
1657
7091
2954
9916
7806
2915
5866
2194
4211
1692
9411
2654
7828
1079
4627
6804
6776
8173
5916
5924
9324
2626
2641
5602
9804
2155
9558
8755
4730
5471
8738
2310
2584
3872
9656
2878
86
3269
4546
5951
4045
6658
9273
2982
6419
129
6309
6552
3668
1639
8432
2657
826
6428
2582
7325
1701
9602
8528
7508
3571
6527
4298
3424
143
3659
3522
8973
5773
4093
8078
5145
9020
9000
2186
4131
3732
4766
4015
5968
4461
1542
4879
5988
8316
2032
4898
792
3285
6314
8146
4404
7460
2583
3394
4388
2922
9955
3061
3604
2232
8931
1982
6972
1680
4176
6904
9404
5430
5571
6663
3704
3538
1284
4336
9447
5820
3937
359
171
3637
6638
413
7705
7430
8185
7118
9212
5693
4431
9372
3068
9722
3037
2195
6513
5858
4902
7817
9069
9169
3079
7516
5171
2014
3360
6843
6664
4385
5662
3529
5531
1948
3820
1944
5541
4984
5176
4825
7882
8749
1626
7986
5597
611
7211
2006
4361
6740
6029
3639
118
5846
619
8075
8846
3531
6526
9402
2684
3542
9643
9342
9733
8988
1265
7873
5728
5834
5622
8726
3804
4757
5626
4102
6678
8531
2578
884
4347
2248
5653
9339
181
9982
5458
5098
6359
4386
6714
1242
1336
9693
3242
8735
7726
8554
7642
2271
8031
3786
2239
5881
1564
8032
9321
1166
5731
1934
127
9382
9024
3661
4332
6859
763
2371
4536
9445
1569
839
1814
2965
4159
4556
7956
6005
3679
6681
1356
2749
4572
2041
1298
9492
927
5971
4790
7038
7924
9957
5741
1023
7417
6680
6836
7943
5590
9538
8538
9732
6559
8811
6058
6476
5422
2885
1173
349
3178
6135
6169
4218
6012
4346
8360
378
6736
3783
7140
3050
3932
9923
8226
3777
1110
4489
2061
4549
8260
4943
5831
2715
8590
5172
4079
8065
2369
9260
5114
9856
2411
2230
4613
374
805
9019
3038
2756
9801
605
3166
4705
8107
9391
2213
6938
7547
172
2102
6942
6584
6454
6243
4699
8342
4069
870
6829
3128
2670
8449
1381
916
2597
8279
8040
7628
8744
6320
9053
8658
5147
4151
3557
7907
3386
9102
5546
5690
888
9883
280
1280
5215
4804
8318
8060
941
5228
9517
4409
3404
3124
317
1061
4179
4104
5158
1340
8947
3332
7122
7617
7735
1541
7541
3090
6039
3658
8922
6091
3623
7119
7329
5479
5554
6462
4606
5330
8100
7042
7152
9217
4452
218
6775
7908
2197
5512
581
4731
1308
7350
609
5551
1199
851
3692
6188
2531
5377
5819
7770
1655
1229
4673
3844
668
3497
4269
6824
8509
7736
8337
7398
6216
3806
2457
9513
7416
8581
2442
5537
8274
4192
6871
7483
5082
7258
7265
8923
7290
2480
6805
2328
7241
6914
7313
6986
8176
9378
9651
8413
4788
4243
3063
5488
67
2850
2707
5639
4585
348
3838
8244
3931
3001
7914
1399
4746
3147
7834
6881
8183
5719
6863
1155
3627
692
2368
9456
2399
4903
6423
1188
4663
6618
8355
7166
9211
8178
9394
8375
5785
2704
3457
9745
3260
6822
4846
485
4182
1163
9642
9316
2481
3025
3589
8218
7792
4528
9428
1373
5572
7682
9349
9355
7394
3581
4785
7966
8230
5378
8806
860
3968
6790
87
3772
7838
5126
7787
2192
1724
4600
4802
7969
4294
7529
8994
45
5245
2401
7301
7887
5803
2111
3171
8665
395
9961
8405
9715
3172
2267
6784
3897
4736
9479
2441
3486
6028
7159
3503
2162
4080
47
1239
4084
8336
3159
2956
1958
8765
3860
6467
5833
2188
2483
4520
7721
5323
3246
980
6897
3545
1587
3416
7086
4793
3499
1864
1033
6773
751
8275
3089
9623
8971
6691
3934
5995
3527
4309
1404
472
9151
6727
147
6573
9197
4024
9274
4525
3245
9902
5958
4348
1931
6149
4208
7220
6297
2095
9458
8879
5241
1881
5000
7178
1432
5296
8655
1727
6854
7631
7704
8975
6025
6579
2996
5386
2377
1368
5985
4767
3009
6206
3797
6078
9872
5243
5191
3047
1707
2812
5
1573
6797
8490
7506
1331
3207
9904
3115
2062
6147
2000
5707
8761
2899
4702
3964
6578
8008
3173
6420
9362
8478
8022
9911
5224
6387
4306
7427
5291
4098
5964
4754
1167
6823
3421
2439
1219
1316
6800
2375
5332
5604
6088
3237
2349
2044
6045
3433
4848
2951
6479
6071
76
1395
3443
7227
2342
2964
5994
4892
4445
589
705
1910
3988
1721
2748
6120
2394
6021
5122
1661
8953
8966
2078
8426
7819
2849
3667
5902
5046
8224
1823
6331
2238
6127
1664
6417
1144
247
2585
5508
9014
2135
6899
