5997
3202
8924
3153
9278
6726
8006
4445
2031
6732
4456
4403
3780
3688
5420
9495
9853
1471
7880
9953
3146
7088
5075
8575
1474
4519
1877
2288
8876
5380
9751
4109
4632
911
8728
4508
5063
4942
3164
6157
140
5757
8064
5332
1107
7081
5632
8996
1744
2152
2344
9319
6523
6477
216
1319
955
3372
4151
9818
5971
7241
2253
5907
2471
2043
4495
6462
7664
2613
4971
6011
2394
9181
6950
3404
2980
3825
2651
3974
304
4800
929
8349
59
9332
3412
1472
5252
8173
5551
7960
9857
5185
6608
8587
9993
1951
9402
2687
9749
6823
4325
4447
5399
8661
1179
3976
4146
7869
6066
8887
1060
1782
6751
9360
9196
9667
5746
6337
3487
3821
4345
7685
5735
3355
827
5895
2560
9731
261
2777
7300
9934
4340
5798
4672
3011
9743
3776
8841
8244
616
5738
669
1730
385
8185
8411
3324
6949
637
2190
3015
7909
5544
7680
840
6369
2479
4189
652
9026
7768
9861
7987
7605
6442
5984
3010
8883
8179
9927
2841
9459
9264
6480
2411
9035
3604
8991
334
95
8845
1364
3628
5232
6333
9520
7127
4713
9924
4328
7044
4223
7916
1773
6324
157
8889
7441
6137
1595
4778
5346
1985
8283
7275
4697
7235
3047
5439
3794
3868
3851
2901
7079
1551
3870
4559
2135
6593
6787
5806
5394
9798
3983
3454
1519
3554
4443
8117
8254
6179
1757
7197
2669
9230
6399
7648
4718
1170
8412
4769
535
9336
7189
4892
4794
3107
1846
8653
2076
5719
9577
56
4062
1781
3547
2321
6741
6135
4050
7393
664
3058
8456
3320
9757
4144
7899
2230
2014
4173
2169
1290
3951
9538
5888
3087
9326
4566
1203
9573
2265
6297
5335
680
7601
6097
4153
650
5442
774
6778
716
8684
5242
6166
4502
5163
5958
6140
1418
5699
799
8208
7610
3108
5113
3698
4498
1580
9839
7758
3615
7169
951
531
9847
3707
7791
7124
3694
6525
9737
7764
6637
8475
1645
2699
9042
2243
7051
5484
2783
3276
3504
3314
1428
8563
756
5280
1811
3112
6163
729
1226
7660
1947
8048
8792
2925
5045
2719
3607
5274
1378
7926
5395
4089
9678
4988
8937
1695
4073
4222
1373
5906
8141
600
4583
8127
9768
6345
5709
4825
9641
2356
2494
6420
7422
4956
5861
8590
22
3580
4552
9068
9428
6115
3291
7267
2566
3887
3210
4906
4286
6309
3393
9447
5533
5555
7915
9011
8589
8321
9788
3219
609
9321
1227
8512
2979
8066
6504
1659
9443
9355
8008
3820
1937
3347
3440
1216
8264
2805
1207
7322
5933
620
1770
1698
9619
9312
1976
2796
9287
9662
8508
5986
6170
2619
1942
7213
4235
9824
2299
7317
4827
9328
6672
3581
8050
599
8026
8838
6603
7938
8950
3388
2082
8955
2584
977
6490
9972
5095
7641
7192
9053
8550
1458
9438
7901
4125
2921
4134
879
6004
7419
8525
1721
4770
8640
9975
7913
4074
3801
6731
474
2379
7525
1098
1181
1572
7145
9940
2676
2200
8112
8004
7414
8218
7957
2693
3718
3053
9211
2314
5043
8527
1023
846
4567
6243
4082
7296
5990
5579
6174
6029
9971
4964
9789
6535
2856
7921
1795
4157
8643
1006
5949
169
7470
6405
1526
6831
8325
2101
3344
1178
8413
3340
2602
5965
5109
8744
3856
4673
4312
8005
4343
6874
1117
657
5162
5953
6475
3595
6619
7699
1038
3424
6759
9829
1469
1128
9067
6422
84
6407
7832
7166
823
4996
9910
9185
2386
2518
1601
828
5815
5385
835
1461
1078
3786
838
5715
8123
3023
9668
8108
7709
4861
7625
1071
2307
2920
6251
3631
8439
7636
893
1668
8083
6406
2508
7428
9430
8468
5627
9266
1766
7049
4847
2338
7912
8129
7723
7711
4117
3546
2840
4121
8155
463
3482
7489
9424
9724
4055
6323
37
5574
5275
4119
4946
2019
449
5969
1425
4207
4219
9901
2359
3948
5921
7010
4740
452
5445
8635
3092
3661
9327
3063
383
3502
3065
7519
5413
7259
8514
2916
605
6121
9460
384
9933
8672
9335
968
6572
1972
9359
6397
3654
9344
9649
3553
2396
9227
7286
2646
8873
83
2117
9235
7613
692
3899
615
117
8921
6393
6849
2547
3097
3178
8261
9999
8947
2936
8079
9453
814
8690
9686
6999
2078
7746
6070
8157
9019
3989
3148
1027
1797
5178
3987
1444
8555
7492
7310
7958
566
1660
512
3898
6256
1845
954
4075
2311
1012
3625
7816
3294
1487
2881
9116
8764
5198
9747
7068
3095
3578
7983
3551
4143
4072
6312
6972
93
3452
8062
9141
5166
6740
1725
5150
8086
491
5305
1312
8482
6139
3212
4420
5898
3885
8252
3800
912
5477
1674
2657
8109
6155
1314
3622
2206
4995
3560
9040
2880
5737
198
5891
7163
5569
5741
3889
8899
2489
183
6277
1195
5243
6658
97
1507
4087
6252
2955
2248
3861
9558
1533
1208
3946
5995
4660
5801
2823
9379
1729
8730
1915
6254
6629
9922
3231
2168
102
9261
7932
6152
7787
6524
1658
8987
6183
909
5602
392
8433
9087
7435
8051
9197
3295
4781
4900
601
9719
8926
1476
4183
9047
2339
898
8250
4367
6814
3030
5276
6602
780
7703
3305
7701
4753
5805
8538
279
2578
4196
4294
7959
3069
2389
4674
8528
6487
1399
3371
594
3099
2087
4858
2267
750
8120
6460
7617
1550
6975
5506
8637
1825
4308
8287
8200
7643
6370
3179
8061
9590
3676
7583
6733
2517
8507
4775
877
7808
1185
9967
3018
6300
4112
6403
1271
3691
1590
9574
4846
8336
1323
1851
7945
4786
3750
5165
29
4330
6478
7674
7952
6873
3912
3731
7687
2085
9617
6565
5542
3247
6670
7362
1095
9600
3118
3230
3360
993
2581
1822
7143
9470
1479
2071
2083
9809
6122
8971
8830
3860
291
3299
2952
3897
8275
7000
3159
2564
1199
3376
4636
6942
6418
4776
1036
9563
9938
5615
2813
5713
9838
6479
6126
1666
5942
8398
9613
482
2822
5409
4618
2795
1504
2330
2793
8861
646
142
1283
5191
7608
532
8933
8451
4123
2959
7191
7689
3495
5507
2413
6298
4730
939
3083
8013
5670
8069
5376
2068
64
2110
3513
3274
7614
8679
3046
4962
2875
1056
4720
2519
3140
4966
5133
746
2454
5934
3198
7304
7380
5883
7332
6712
2865
8393
4572
9050
9540
6099
6674
7052
4854
5313
4948
6918
6020
4351
9340
6799
7215
1468
4012
8699
3747
4648
7254
6604
1481
3642
5213
4655
3614
6757
4384
228
2849
7871
2892
5342
3233
2195
7132
8116
6513
1936
7272
7417
1285
3241
3103
420
779
5389
855
5487
1035
5010
3264
4540
1473
340
1834
2077
1486
4350
2140
221
9547
4515
301
5892
4913
4991
9569
3665
8852
2484
4771
1981
9981
8738
593
7673
1361
5954
3351
7260
9225
647
1727
1013
6473
6056
7547
4229
3928
7261
9725
2666
8904
2694
3673
3144
7014
7221
3390
9145
3480
926
7849
4992
1745
5136
9149
3131
7280
4531
6937
7009
3446
7530
8565
4938
1635
8807
9696
9676
4150
7214
7425
2838
9406
285
1114
4412
9072
994
9029
3432
8682
7642
3635
305
5915
5419
3880
4793
182
9486
4178
1067
6700
8515
6853
9232
6171
7368
1426
428
4300
4070
2420
5485
5161
4024
6451
4421
6769
9537
6065
3169
8766
2180
7927
8483
3430
476
1627
7822
2011
1642
5159
7997
695
321
2745
5640
7457
2159
1246
5362
7494
5221
7351
6983
5281
15
5432
3988
4311
4133
3695
3556
2129
4102
4782
5783
7873
4511
2276
68
9916
8522
658
6665
6573
550
7409
6543
465
3683
793
9442
3996
9786
2434
2681
9329
5707
8749
7118
6010
9571
588
8600
7405
9936
6436
2423
5657
5799
6041
5149
2457
6047
7739
690
9034
8154
6344
5192
829
3318
9958
6618
5877
8799
2465
3078
1496
3447
2364
3831
7623
8335
8928
1429
2821
4037
3180
8017
7046
6508
7818
3477
7870
3316
4701
3232
3533
5115
8073
613
6695
8427
841
7233
821
3764
1501
5600
1041
645
2312
387
6276
2263
9779
5326
9237
2419
5119
4372
5064
7992
3209
8181
7091
9267
2764
9963
8819
7646
706
1439
3644
5134
346
3515
9454
1258
6101
4149
9084
3647
4309
414
3836
7750
5000
8581
559
1008
1924
5072
622
8761
6186
4181
7136
9646
808
3080
6761
4316
7442
3079
3383
9893
9935
3790
9814
769
9192
5124
2387
4813
17
6974
10
2470
6675
4040
2668
4435
4188
1573
4754
9496
7040
4306
2069
8053
8779
931
4335
1467
5044
8557
5754
7232
2505
8163
4928
9263
244
2274
8885
7187
2400
6724
3240
8540
4148
6064
411
1600
3265
701
147
2006
1052
1887
1090
5668
7012
6612
5179
9273
1537
8616
2217
757
4406
3548
7415
480
6800
210
4611
6355
794
1704
6752
1618
1882
98
8915
2592
2463
7314
7188
3841
5743
5690
9524
970
3249
188
8711
9452
5784
3822
1592
1222
71
6717
1535
4056
5832
7299
9908
1911
568
9113
506
2707
3407
4719
1162
9886
1030
3583
7968
7039
9020
1870
5260
4460
4727
5341
4568
9957
3459
884
2964
8486
6425
1191
1010
206
2673
9586
5588
6315
5974
1603
7919
7308
3832
3498
9849
5002
860
9895
8922
2762
159
1629
5669
7752
8329
3882
2874
7667
6747
5642
8142
8216
6067
6854
3660
4154
4297
4937
922
8624
4346
7592
1712
6124
7468
9268
6553
3924
122
151
3570
3596
1789
3952
357
5572
4059
2703
1801
1965
4952
7686
4009
3847
5012
5828
3719
7906
8823
79
9899
8648
3228
8599
3174
4954
1639
9821
3465
4257
762
1939
8797
2663
9270
4230
7027
9064
4096
1348
5193
4582
1393
3735
7047
8715
9585
5050
2074
7037
173
3044
6100
9679
2857
1805
3678
9885
3367
8526
3603
7174
5840
3967
1402
8741
2015
1287
5183
8948
4710
370
8756
707
7565
1233
4752
9878
696
3558
9168
9489
9978
9025
9842
2398
1076
2586
2969
6667
2725
6110
4587
4126
565
2173
7777
8932
3361
5056
4353
9291
3386
8015
7376
5687
5981
9372
7971
5780
6677
6994
1720
3998
1923
9476
6198
9381
9037
7956
3115
2801
8358
3584
248
9598
1430
4779
8552
6043
8011
5519
6581
8111
3302
1511
1790
180
9642
1213
2653
5779
9385
487
2171
6928
6220
4496
8203
8979
3280
7416
7579
4206
1354
5175
1223
2047
760
1796
9729
1218
9621
2317
430
4277
3043
4371
6621
2176
1957
6488
7788
2612
5068
1410
1126
3549
4114
7473
222
1989
5301
135
9218
1362
5684
3081
6334
8470
6192
2854
2759
9338
6566
5357
9018
8272
2402
3343
1100
6755
3285
6489
8509
3090
6530
2427
9172
9059
7672
847
2149
3830
9439
6090
9174
9027
5416
6946
5943
7227
7930
1269
5440
6015
982
844
6791
8260
90
2780
822
4375
3598
311
9423
3411
276
1512
2342
4527
4557
9061
1247
6792
3301
5008
6391
9370
6009
5297
2775
240
4653
92
5763
2055
1405
1074
9362
9250
2153
9138
8091
3061
4452
1567
2016
5290
2967
9137
8159
1531
2948
7295
8952
3394
6519
5052
2034
908
6068
4399
3656
3013
772
9386
5100
4490
2371
6594
7706
874
3341
1741
2002
9301
3325
9897
1817
1536
5284
5009
3138
1261
7017
2616
2225
4935
2561
2304
9904
1409
5739
3460
6366
7877
5904
5143
2060
9346
2572
3150
9189
839
5158
2754
1369
1129
3679
9576
4208
4472
9506
1101
3798
995
3350
6590
3507
1690
8597
4729
6231
2792
2302
5309
5498
1731
4592
1670
1861
7942
3896
9103
1296
4513
3692
6206
3555
1491
3399
3639
8107
1245
8461
134
5606
1665
7656
8957
5438
3646
7972
6662
1279
4817
401
8571
5985
4788
373
4098
7485
6528
1192
4217
3238
9926
6021
6038
7133
1680
4141
2388
5935
7330
8580
8221
7611
1401
7032
3684
7343
3699
1641
7199
3385
3016
6208
3204
5424
1829
3493
3167
635
9994
8868
6768
6939
1872
8566
1837
5663
2605
7745
1483
7059
9492
5062
4416
207
7697
7339
5976
6744
2281
8940
4396
8035
1960
9909
3127
46
9100
9554
281
1462
407
2370
2151
184
2384
7966
9775
537
7866
2859
6595
4453
7475
1388
8708
4768
5382
2279
394
4216
6385
6596
3612
4267
3101
2178
8153
7480
7647
7194
3969
4703
1205
5028
7604
5325
735
7013
4530
7283
9416
2922
4299
5702
2496
7105
8271
9707
9845
5282
7797
8268
8080
4890
7520
3760
4047
6967
5479
1886
6911
5796
7359
1182
6108
992
2363
5392
4293
1346
87
8304
9115
6625
3611
9505
636
6660
4516
8374
3258
2818
5843
6151
361
4692
7928
8644
7883
5081
6652
6144
6783
6834
1037
8623
7835
4682
9112
3703
8378
72
8370
7006
1350
2113
7279
2542
1522
7252
561
9848
9629
8743
9206
4789
9229
5679
9254
4882
7999
9374
5022
2603
172
4874
7541
963
3048
3736
534
7439
3369
7067
4080
7446
8513
2848
6316
1256
6284
8144
1102
5245
2500
4819
6649
4478
4963
8865
4442
6843
2649
9118
69
4193
4897
3396
2453
6203
6455
9399
6527
7360
4247
9553
246
255
6392
9187
2073
1682
4046
289
1340
8232
6812
7434
5364
1988
4823
9111
2009
3165
942
5694
3077
7776
1028
7773
9299
3916
4014
2098
100
2240
2010
245
4860
6346
316
4064
9475
6643
54
3060
5412
9618
7847
9700
4953
6557
4744
3050
4034
4708
9473
667
4063
7644
9390
9474
1709
5863
9998
6282
6353
578
8613
1630
4880
4985
8457
1423
7630
67
581
6383
7830
7196
9532
1292
7508
8500
7076
1598
3300
1819
1301
3190
527
2127
8071
7224
4921
9092
4523
6162
8074
2315
5755
8016
8299
7390
7765
368
7220
4491
4626
9093
1839
7228
5803
3906
2742
6204
708
7493
6635
9682
6257
2193
1814
5414
2771
3113
6329
1975
3435
3128
2061
7922
499
1358
4124
4700
9721
3931
9036
8748
2760
185
9389
1198
8324
8277
8399
1054
4459
2915
1299
1230
8296
4120
5336
973
8860
2234
2806
8238
768
8906
7771
1557
6362
9000
3020
6428
3168
8731
8082
2116
4313
5480
6587
2935
2056
49
9669
4910
1616
7427
3884
5505
225
7589
6647
7350
2210
5037
4671
3557
498
1826
5493
8402
6571
421
5091
1609
3009
6640
8511
3250
6714
9500
1671
4011
2954
3862
2938
8669
9209
4104
2752
6215
3000
7934
5567
9127
8625
2530
7572
6145
9802
7748
6429
2131
9860
1485
1478
1543
9415
8654
8721
4243
7093
952
1262
5386
1786
8270
2574
5140
4194
3824
3130
8172
237
2927
8636
3234
258
3073
6130
8710
1143
6659
9670
4885
1803
4357
3188
349
9771
6253
9672
8825
8138
5013
731
6270
8605
4355
1413
9543
2730
2360
3711
5674
1377
7035
2696
359
686
4326
2382
1310
3874
5502
6555
9803
889
8278
870
7551
146
1962
3105
5089
5756
6076
7005
5520
1341
7598
8285
5321
5296
4017
8334
6262
9827
524
292
5215
2308
2247
7344
153
1715
3359
5788
7253
3917
3602
9242
591
6859
2256
27
4095
5931
7947
9746
662
1029
7271
5631
1092
5235
2829
3345
6559
8359
2633
5107
112
1176
297
175
1891
6687
6113
8610
6182
3021
5987
3626
747
5963
792
9044
3286
9544
4704
5778
8452
6437
4865
7289
2428
9427
5601
573
5196
324
5496
5548
6560
4986
6607
4302
4283
6882
795
4067
6878
3100
2536
1375
7729
300
2438
2639
1909
4336
9519
9945
6962
2133
2124
4503
5449
1201
3788
8152
6837
4344
5837
5155
6000
4423
6181
5025
3035
5562
3281
5277
4418
5018
2672
1943
4022
446
3221
5835
8231
6960
2858
6285
4505
7838
9515
6054
9774
4747
5518
7474
9624
6430
8485
1980
8542
5315
6906
6970
2685
869
714
5911
9518
6317
3872
8133
3630
7747
3752
9099
7240
723
8110
9835
6165
9727
8652
4451
7353
4280
5401
3256
8148
7996
2425
4916
4805
920
988
8787
1510
3826
4394
3096
1475
4228
3633
3927
7378
693
2553
9123
3434
5236
3911
9817
8880
6872
6443
9441
4955
5662
1339
967
277
5217
5489
6825
7337
88
3757
6191
3358
1498
6235
9373
5666
9397
7804
510
2239
4876
266
5142
2336
3865
3410
5610
9988
6394
1952
9455
1302
2872
8700
9202
5653
9549
3205
1115
7265
665
7593
9458
3696
6912
5295
5693
8087
3472
2601
4760
1132
3304
7102
745
6356
9890
4081
2039
6125
7542
9013
4911
9212
4457
6279
5377
427
3189
5597
5476
9959
7033
7929
4486
5189
7203
4179
9369
7528
8768
8935
4129
6549
7092
6784
6574
4607
4553
241
372
1189
7536
3853
7327
1449
3373
1243
2228
3267
4329
9985
6648
5452
4482
6901
2348
8356
558
4378
9200
9307
8386
8306
4331
4035
738
6987
6554
5660
8593
5495
7911
8938
3356
4715
9559
1547
9691
3799
432
3303
8258
5511
6782
2995
4923
7979
2887
3389
2879
3804
2461
736
1488
7943
286
8330
5387
9074
4631
7955
1123
5114
1777
6924
8832
8230
8554
6037
9131
9614
6351
8660
8034
8559
7229
6702
3753
8568
3269
9813
7586
1387
6223
9422
5500
5040
4642
1577
9125
1180
6622
8646
7850
809
150
1916
1489
8075
7303
170
3608
1713
5057
3722
2704
6766
5510
9151
3937
949
2261
4848
2706
8853
5443
4915
5838
4633
7704
7062
9778
4838
2767
6275
1813
7859
3744
619
7177
8888
9377
7652
5251
6785
5676
5655
6903
560
6737
238
4821
1622
2837
7173
8236
66
1651
5841
8182
3523
2123
126
4349
9759
9161
7914
8757
1594
9147
2999
6193
345
1529
4766
5812
880
1118
6197
1303
9175
2513
8632
6289
8054
3839
7767
4407
2577
3666
2323
4875
8137
7904
6402
5564
7774
2746
4930
9723
61
8292
4450
4233
6835
2737
1687
9713
3220
8473
429
5473
7720
6636
5368
5850
1497
2258
3380
867
8158
1320
2738
454
8029
3481
5733
272
4783
915
8702
7712
4883
3866
8773
8187
3743
4077
1072
6072
9292
7109
4657
5020
7338
654
2070
6158
6734
8903
6509
6839
1688
5652
7727
23
6846
8856
8317
8737
3923
4042
6804
3930
4622
5435
9485
8539
2486
1139
2744
7521
2164
16
5846
9605
4107
2686
8479
5097
4455
6990
77
8502
6214
4667
1739
9199
1548
2285
5761
4410
2422
2416
2720
2301
5130
3962
6753
2223
3462
5516
3915
4997
2885
2361
9184
9120
2688
3629
8691
8745
5199
9855
6454
7923
3176
1412
1268
2587
786
9510
2025
4822
8913
2128
5552
1061
8095
7110
934
5472
2571
3850
4291
9898
4738
1820
6008
6240
1250
1702
4187
2186
5944
9797
7230
2597
2815
6948
8829
8609
9033
788
2392
5937
5398
9038
9216
5256
4027
1513
544
2521
3225
1324
3141
2569
9284
6247
8022
9555
743
1155
563
497
3651
9581
381
6941
9879
1104
9766
689
9306
5454
6956
7158
3907
3701
5084
8962
4758
5137
4976
7297
9961
5703
2751
6376
9583
7276
4481
5172
2255
5429
9357
1146
8864
8651
7234
4585
9536
8474
2029
5881
2262
663
4060
2950
3763
1905
409
2222
5403
9808
6841
5503
3730
2150
6762
3160
682
6339
33
5228
7825
8488
2144
9701
5721
6678
6548
7397
4025
7016
4361
4184
7050
2951
4417
9716
7858
5197
4197
1802
4319
8055
6515
3689
106
4307
8387
2320
626
3111
7994
752
7988
8193
4810
5706
8257
2632
8530
9889
7385
168
6063
4698
3266
1958
9694
4969
1113
9015
201
9804
4593
8455
8960
4242
1657
329
2971
5890
9165
2290
1219
110
9589
5118
7447
2960
19
8313
5233
5543
1253
3006
8607
2910
3829
3292
1581
4485
6930
4844
4376
2503
7941
8480
2984
7569
4461
6529
4432
4706
6500
3600
7976
5932
6703
5003
7112
9638
5680
1457
9754
3426
9249
5748
4984
2046
7030
5423
14
9010
8722
2278
9891
3049
6502
174
8492
5483
4252
5308
2827
3001
4732
2324
8219
6274
4488
932
7925
2591
5528
5607
1677
7590
5132
4370
1755
9584
6708
8143
4379
3157
1066
2219
7125
7443
3263
3658
1140
7700
323
3420
5849
6209
3029
2119
5620
8763
4140
7374
143
7963
6630
5873
7597
8716
2349
9012
6977
7375
2418
7038
9102
8265
5899
1130
570
1094
3419
6293
9481
239
3261
2809
7373
7980
9283
6907
1564
2749
7798
1318
916
9259
8046
6828
31
2814
6929
3056
9647
5314
1847
6384
3027
1015
3963
8469
2080
2182
861
3778
3518
6002
8775
3082
418
8009
7964
8449
9244
6944
4961
5884
3879
3892
8759
1315
1112
1209
6146
6679
6569
5545
6382
3810
2426
2924
3724
5210
5853
7596
9741
8385
5609
6920
9773
7269
2608
2468
5587
7108
4225
6044
9557
8707
8376
438
697
3162
5239
3765
6541
1669
8484
1633
5410
555
468
4477
3003
6018
8018
6291
1355
6447
232
9962
3183
4623
2059
1120
4845
443
7126
9104
7810
2876
5121
469
2138
8263
6226
4142
4840
5792
1902
7653
259
3754
4765
2452
4867
8561
5710
3541
397
6207
4292
1874
8993
4091
2378
947
7477
1913
1532
7576
2989
3748
8418
9076
2122
5263
2493
2003
2455
9995
7354
3949
5948
5272
4108
8884
8042
9905
4492
9256
7681
9923
5744
4987
9637
1077
9274
1549
7851
9180
2582
501
6302
2799
9550
6539
2229
9062
5300
9769
2241
9469
8630
1816
6387
8377
1974
6775
1853
5459
7515
445
7633
7924
3973
4799
3332
9405
1309
4001
9304
1696
1316
1508
972
1799
4170
5436
2488
5617
8059
2961
904
1277
6910
6440
9437
5791
8089
7801
7198
2992
8780
7538
7802
8732
7209
935
5307
6538
4341
4276
6673
575
9501
996
1039
1499
6464
7724
5059
7513
5030
8683
5255
585
4612
3308
3605
4803
3505
2204
1607
990
8603
5982
8421
687
2627
4436
2978
7621
7311
2273
8629
1760
2291
9875
602
1057
3086
2937
5917
3727
2105
8523
4654
4797
6735
2528
6827
9435
2635
3875
4348
1163
6141
6281
7754
4570
1159
3745
820
1948
6669
4137
9456
3512
5834
8964
4162
9750
5283
3901
6311
1940
7574
1654
5804
194
4266
891
9433
8139
1553
1047
8229
6031
2897
8114
9491
6810
2558
1349
6118
5886
1776
5926
618
8044
7893
3193
3995
8564
3713
2450
5090
486
7910
8014
2894
8907
1925
8658
9395
7578
2555
4529
6588
6
6742
2118
2732
8381
1733
9384
1605
3451
9143
807
6354
3697
6233
7270
1784
4605
7759
1883
4237
3920
1326
1559
3147
6833
7991
7377
1240
8574
2
8436
521
5016
5771
5415
1588
2862
8751
3278
917
4588
9314
7560
2326
9132
2437
3149
776
8180
9856
5122
3645
8401
631
9677
1158
9156
1809
8798
3992
9763
1400
467
6236
3876
8641
9862
9805
6474
1026
8293
6461
4169
800
5821
488
8746
2081
4809
8694
1455
4951
3638
8862
3910
5867
6592
6154
6692
1735
1212
6222
5618
8911
2341
5019
8601
9171
114
6481
7691
6706
3543
6128
3402
8194
4090
1298
2042
7559
6448
5219
5889
55
5271
4688
3728
8786
9822
7865
2231
440
4675
1906
5880
4725
6318
5180
5855
9726
496
1194
9130
9512
4015
4160
4180
7219
8162
3377
9449
7249
4586
5292
9030
8895
1636
1919
962
3686
8698
7011
1456
332
2512
5540
2683
5513
4458
6773
2107
5711
2644
4115
4621
5312
3273
5384
1366
4967
296
6325
1945
6943
1295
4323
4058
6952
9363
2549
5810
2001
9815
8136
2362
6476
4234
9722
8226
156
8198
815
3840
5723
2443
8772
4990
2900
6821
2224
1950
5187
5337
6136
8762
5331
176
1606
6094
919
9836
3468
8709
3762
6722
3506
7403
8611
7023
3921
6719
6503
4202
63
9631
8847
8251
9349
8207
6613
7848
1164
4076
104
9364
890
8420
824
8902
1380
775
3114
7347
148
7342
2869
9656
6824
6877
3971
6424
7867
9535
2062
802
7150
2473
1863
721
8680
7294
1138
4751
7961
5876
740
9776
9494
2786
4842
4824
2781
6575
7251
843
5141
5491
295
9960
848
7688
522
771
6022
152
2712
3634
4290
7371
4258
2906
2126
4908
5174
5111
9627
1415
2327
1934
9243
569
6389
6689
804
8445
4628
3187
6897
9493
758
509
4745
4465
7172
4767
8836
25
5950
5286
4437
1843
9654
5478
6728
41
4220
2474
50
2679
5077
7775
1084
7190
6413
1661
850
2968
6626
8276
4580
3124
2044
136
1530
4909
8460
3486
4811
8237
260
5769
145
6663
1558
8361
7170
5383
5214
9811
9645
3509
5626
2491
6564
8419
3994
9286
6201
60
6188
455
8294
2817
7820
2944
3414
8796
4545
6134
8020
3192
39
4784
9305
5220
4681
2213
3938
3478
9436
2483
513
4446
3134
1964
5749
6258
1663
5138
5203
8447
8164
242
13
7307
4464
3961
1009
8894
3890
3284
9735
8556
2667
9984
571
6842
8326
6456
8912
6175
6088
830
826
6199
8697
3732
5082
9929
2661
1986
950
2982
2318
2757
9334
9556
7206
7526
1033
5087
1252
866
3809
1460
5546
3606
2883
8985
8828
8076
9504
5598
7242
2589
3022
8638
6927
7321
8036
5645
4934
9153
1327
7498
5955
1555
7171
773
9201
8954
7995
1634
2864
4083
7121
5371
1151
30
2158
2772
7080
470
8063
3279
7487
965
483
6686
9528
9391
8595
7649
7026
2680
3601
7657
8586
7041
6358
4426
8725
2987
7575
1161
5400
656
4389
1168
344
3857
1331
6014
2408
6093
8428
8591
7021
2475
3742
3813
2634
8878
8934
9246
3242
7749
3873
254
8368
4285
9114
1638
6431
4166
3200
7783
7245
8795
3773
8149
2292
7436
7868
6536
6039
4973
2037
2773
1385
6681
1336
6030
4271
9375
5800
7842
7167
6855
6218
1034
1545
3559
2030
1042
7760
6148
7464
4094
2637
7841
1812
8650
7372
3433
5766
5829
6168
406
5408
9956
1500
2803
1840
1516
1395
7200
209
987
649
4989
8280
4856
2784
9568
7287
6870
5450
3979
9190
6899
6244
4944
3940
6945
1260
8151
2731
9720
5099
7795
9685
6111
4757
5061
8754
298
1345
9739
2907
3260
5328
9445
9396
9133
2588
9413
7003
9233
7128
6006
9907
8518
6096
5455
7555
9135
6969
5774
3398
8718
8122
3959
9681
1768
6876
2294
9608
3277
3618
5488
7089
1356
1700
8967
9289
3677
5582
553
4663
9170
3955
7031
1933
9228
2477
1173
6532
5055
857
9706
2789
7069
7845
4980
5393
8212
8131
5112
1970
7257
4044
4728
2086
3849
4493
2991
543
4524
4851
1898
5147
8584
8879
34
5024
8769
4972
4071
4463
8132
1756
6493
3734
8337
5351
2365
481
3531
1624
9409
7149
5323
107
8360
4480
7570
9280
8065
8113
3793
137
628
3510
2765
1597
2700
3315
8656
2194
9744
4602
5675
976
9239
7890
6905
9902
610
1232
6940
3844
5704
9564
5212
4135
2540
5814
2141
4600
6173
7131
8923
9593
7217
6033
257
548
8788
6468
9711
6852
9977
6822
8790
8705
6078
6888
5209
957
9393
5248
9162
4245
8347
7204
3119
5096
9823
2642
9919
8383
4215
9343
3375
9718
9142
3520
3563
7585
7751
7710
1137
4904
4085
6894
9502
4260
4363
2233
4914
7236
5164
1099
5405
4324
9783
9450
8753
2433
7469
3441
479
8706
2600
7807
5596
8384
8125
3217
5905
9051
3387
7561
1854
5522
6507
8837
9968
576
2568
5808
6880
3354
6423
7683
3947
4619
3811
1856
9552
7512
113
3120
2143
4424
2828
227
9313
7702
2904
7607
2103
4832
1224
5768
4264
8404
2403
787
1827
9005
5635
1053
1157
7060
6697
1059
754
2599
7495
8100
3848
7645
7440
6885
7692
7382
2381
5340
5781
3905
1763
5865
8927
5348
878
2877
3978
7381
4816
5979
6261
2708
1758
2523
8917
6120
1993
5026
5169
556
1999
3357
6639
8951
1079
3236
2514
3941
1133
6230
9560
4814
181
405
7753
5605
3444
4239
8068
2871
4007
8161
7650
1726
3471
5200
1509
3290
5794
1304
9052
4780
5700
5908
7223
374
6435
8544
2377
1
4156
6704
4205
8520
309
6650
2284
6798
2509
852
9014
2430
3019
4212
8003
4635
3674
3852
3142
4518
3
7352
1406
4304
4182
6331
2893
7632
5616
936
902
2137
2531
9345
6200
1014
6582
9146
1931
5968
5475
141
6349
8941
4920
9620
7517
4321
8246
882
4100
868
1611
8803
9503
798
5390
1978
5647
4274
6913
6336
7738
7329
2713
5461
1842
5897
2506
7544
5913
2226
8953
3503
350
9918
6457
155
5664
5160
6585
3437
8234
9942
6059
4043
231
7020
6472
65
5417
8582
3514
9693
7159
751
2202
2021
1351
1982
203
2088
5094
9183
1966
4533
2868
7977
7518
3175
5146
8289
7302
8465
763
9648
7072
2498
8448
4977
837
5581
7600
2033
7153
5176
5270
9551
505
7075
9664
7993
2066
2162
4131
9488
765
4358
1065
4254
3215
2013
4936
1922
8858
8677
4677
8414
1579
519
2758
8966
6610
4391
1000
9298
5170
5529
5289
9117
3500
2415
1437
9704
9302
2368
9794
4871
944
7448
6017
7580
9252
9509
5789
3007
596
2329
4578
3585
876
40
11
8777
5956
2091
310
5817
9337
9578
6921
511
7587
6980
8495
7045
7181
4561
4201
7834
8052
1390
433
8983
2005
4268
8558
8462
2197
4021
5330
4735
8406
9255
5575
3123
2942
8228
2264
1625
3525
1946
2335
1317
1865
7456
5930
737
4629
416
7278
6540
720
7070
2739
8529
5924
6273
8665
5205
1440
1783
7180
9465
8541
3909
3248
9517
8446
914
386
3888
590
7558
3932
8396
5206
6776
9602
7953
675
6713
6058
6858
2721
6177
1961
7734
1586
9480
683
2036
7616
8516
1464
2045
4192
4639
8628
8102
6441
789
2682
8692
3255
2812
7872
3152
6032
6533
1849
5722
4053
603
6864
4497
8713
3854
2181
128
1527
8614
267
2702
1495
2350
4577
3739
8458
1967
8988
6216
8834
1732
1025
7679
5619
313
3485
7418
2643
1383
5310
5222
8397
8827
9003
5404
312
4431
7557
6361
7096
2280
4645
6107
3652
4999
4571
2565
5692
3690
5916
2629
6034
6338
8363
5661
5322
417
3208
3542
1465
8213
8432
1613
6909
2779
1908
1910
8188
2962
7161
6580
4569
8190
2705
5946
5685
7506
9106
6271
2747
5504
2882
1540
9260
2399
3014
8510
8442
597
1325
9819
8739
6638
3327
6040
6938
6446
2442
5058
4763
8726
3777
6577
587
3562
4968
2808
1708
2464
6809
9001
1424
1571
9431
3960
4320
5554
4993
2260
9877
6404
5363
8533
8067
2155
6978
7022
8814
2716
379
4741
8024
4413
9974
3845
4318
7490
567
4615
1833
3997
959
5145
4891
9309
2583
2842
9352
3346
8291
1582
2934
7301
2718
3837
9217
8735
6517
3528
326
190
4163
6934
8579
4138
9017
2449
1779
3572
6789
1392
6985
2939
3914
1398
1438
9516
5576
9028
9508
1154
3364
253
7599
7778
709
2205
1994
273
5430
8664
551
252
7365
5144
5827
1411
8282
6299
1442
8855
2886
4686
9699
659
8328
6195
7905
162
6265
8719
9056
7535
1754
3950
5526
5919
123
5648
3391
9163
1211
7284
6046
103
5612
797
6373
3326
4092
6786
9965
5527
2933
2156
130
2853
8969
6657
4912
3818
4175
47
2945
836
9692
7812
5717
8423
485
2112
8547
412
4474
625
2659
9043
5941
1765
8459
538
1110
8534
1108
3213
7981
8440
3797
5453
8944
2535
3126
678
1593
7620
10000
8169
89
9315
3161
5594
7594
2953
7612
7458
734
7431
9208
3700
2139
4742
2282
5550
8717
2198
1907
6720
8774
5573
3894
2677
8315
7602
5354
9322
5367
1749
8617
9002
1149
76
4820
5004
8422
8342
6856
3918
8545
6005
4669
9479
158
5318
7829
3379
2306
4899
8620
5411
2709
2515
7429
3002
4402
6627
1648
1403
1311
7053
9511
7554
7202
7855
3106
2787
5623
8800
6307
3883
3895
6132
6104
3253
5355
5347
5874
580
6061
2111
2609
4927
8567
1470
6923
125
7077
73
1313
5261
4338
4032
8835
6187
9371
8801
7846
229
4759
8758
5153
4101
1144
9834
5365
2492
7454
906
2293
1337
8995
9089
9251
3282
2136
4489
8070
1420
6450
1166
6023
5775
971
1342
2750
1736
4018
4772
9858
9392
5869
2847
7840
217
2214
2407
1186
9867
5945
7931
9294
1866
5131
3197
2966
7323
831
5047
1953
1679
1043
685
3544
1792
5469
343
4898
1172
1938
3429
7226
6671
3956
5634
3365
4893
9628
9419
8437
2166
5614
8639
320
8497
8663
1917
265
7552
6998
1867
1984
9587
849
5372
7139
9964
1662
813
9090
5531
8332
8874
7055
3191
1649
335
7546
2727
653
8353
3714
5686
6889
6932
633
3540
770
7668
2665
5373
3922
941
5521
3384
9980
5446
7182
8145
9745
3545
9219
4678
1541
6661
4608
8210
4785
6860
630
8019
224
2766
672
7629
8245
2054
8770
8978
9073
7573
7779
1737
5959
2785
564
7792
4517
7452
271
1352
1705
3729
5471
9234
9969
444
8688
6367
3443
1561
8346
4210
4381
1896
5027
9643
3771
42
424
9457
8390
7568
2527
4839
9772
4111
9167
7184
393
6497
2958
2367
8925
3311
5207
3966
3749
2385
875
7962
1106
9983
6851
5460
6138
7274
3624
2154
4174
7318
9347
7799
3057
5370
8023
5816
3519
3328
2983
7824
9530
1973
8850
9253
948
3725
9986
1177
5732
6836
9358
589
913
1546
4339
4116
1286
6620
9417
302
6288
9604
6049
2850
1234
6264
1096
4724
4240
6363
785
7496
8503
9546
6963
6847
6584
6149
7367
322
2790
7008
1652
8998
7293
2867
434
7908
3648
6463
643
7319
4584
5186
6341
2148
3934
6278
5157
5590
1220
4925
3823
6167
9873
8106
5036
8318
6746
4857
369
94
9426
6036
5782
3499
6966
4544
784
5988
4855
3575
1868
9193
897
2562
1236
4802
6895
4296
8900
3457
6915
8128
2334
8322
6795
7918
9810
1334
2187
5327
8119
7695
676
9837
8760
9032
7116
9610
4261
718
5501
6377
8476
1841
4362
928
4812
1217
4941
6086
288
1241
4939
1452
4038
8992
2079
5151
1321
6601
333
3855
526
436
8859
6048
6114
1404
5875
466
3339
3400
5194
9159
4637
6205
7902
5726
2884
3756
6688
8430
3456
2807
4387
8217
6129
3335
8405
4334
8037
3746
7539
1864
5584
5343
8196
9869
1612
9075
7762
8343
5977
8627
8214
5230
5578
2846
7082
1016
8367
6917
9801
7722
6879
668
2018
284
4536
8572
6375
1927
458
9152
3945
9429
3636
3088
6965
382
9841
7326
3516
2215
7042
3863
5278
1930
523
3397
1881
7151
1002
8297
2305
6616
1878
4638
5427
3449
1397
5463
2957
1788
5253
2175
7860
722
6871
4791
3900
7690
7025
3336
2689
3408
712
1628
8776
8417
7095
5466
4975
9850
3663
4743
9640
352
6444
9522
9572
8286
5747
1521
3467
9160
9339
3473
5939
5966
4652
5621
2431
3843
9764
7537
9932
3254
9420
2161
3117
9048
7483
6180
8410
4932
6676
8949
2919
3568
1273
4287
8848
2949
9126
5561
6992
8919
2130
8267
1127
579
215
5641
7742
6494
4377
165
5148
9955
3216
3211
6817
3102
3944
4554
24
5764
9098
3806
9224
853
4337
6982
6916
124
4211
2604
4590
711
4691
4454
91
8215
8464
6710
6531
4250
9148
1759
3619
9966
1505
4620
7383
9914
3926
2539
533
7340
7290
9466
8126
4598
6326
8631
7363
6380
8673
116
7266
8316
9205
9864
617
5859
186
7876
2533
9311
3109
3154
1466
2956
7965
3041
7137
3042
8615
2511
7920
1450
5714
1563
3039
7522
7333
2000
833
2923
5728
730
698
9057
9204
764
7811
4008
233
8104
5902
7211
5705
5887
7029
4514
6518
1073
4868
459
1288
9870
4392
4542
226
3522
3306
7755
7567
7639
8747
2325
5462
3401
5291
5622
8869
4721
4643
6232
8794
8909
6989
1888
3657
2469
924
1343
621
3262
4385
2383
4069
3439
6224
7563
6633
9082
3991
3954
6547
4152
6668
5767
9097
9188
3705
4289
4981
5682
5071
9411
4241
8426
3858
7341
9976
500
4699
6550
7631
5482
149
3363
7476
3405
7066
4665
1297
520
4543
1574
7043
2412
9634
7715
2678
4547
2674
1569
4176
9607
2770
4099
3494
1050
9483
4834
9863
1723
4603
6796
9760
8047
8307
3521
2100
7609
3488
7450
3958
8867
3782
7571
7346
3577
2625
4039
6388
5957
938
5293
8657
2445
5885
3331
8380
1998
4666
380
8274
1183
6286
7142
9657
9734
4722
187
4596
4806
7736
3685
460
251
7986
6027
1667
3687
3362
9285
4546
2102
9947
6520
4792
8594
2109
851
8621
5940
3738
8942
2272
3933
1141
7864
6364
1492
166
1644
423
6268
6074
681
7897
2985
1785
4994
9241
218
9812
9527
3463
7937
9497
1374
6417
677
9293
6102
4894
9539
634
4748
8081
3008
2309
1832
7479
1895
5557
4756
6347
5651
8999
886
6321
8839
3005
2638
6401
5268
7543
8767
6350
5868
6357
629
1734
3455
9609
3939
1565
547
5790
8703
674
3026
1259
9446
1623
8898
9712
9400
9421
2391
4010
5978
5636
3052
3859
7394
9561
7827
3828
9158
1018
728
9046
3693
3925
5586
7250
4574
7438
8242
489
4796
3227
1954
7036
111
5431
3702
6806
4051
9992
4924
9331
3450
2819
2798
5571
6680
5421
1808
6964
5494
2374
214
8961
1210
9394
6103
8224
7099
7083
461
508
2390
5927
5983
4717
4576
7071
4232
3990
1787
5014
7694
9738
5135
1873
1778
4746
9894
3670
9597
5470
7004
9063
9690
6562
337
4105
2662
6988
3501
7472
6471
4282
5786
7073
1153
2554
6925
3070
974
2026
1585
5029
6801
9295
627
5517
8175
5035
1876
6666
5360
1685
4279
435
177
4829
9705
3298
5759
1001
5879
1566
7556
5074
4548
3726
2620
991
9948
1632
5298
1431
4273
9874
3908
783
4755
4466
2614
7553
9403
6449
7944
5999
7707
8908
7853
925
5725
7085
8186
1722
8233
6745
8197
2905
5724
4617
7892
7398
2516
477
9833
8851
3791
5451
4429
2271
1932
6807
3970
9567
6071
7548
6227
6123
5718
6184
7891
200
8184
6237
7120
2802
2701
9937
5129
5234
1852
8871
5168
8201
1850
9755
9387
8118
9732
2929
2543
4214
4773
5811
6887
1367
4468
9736
8662
6534
3953
4647
6467
1389
9832
9303
9830
8146
5379
7717
9467
5539
8301
58
4360
3755
5359
5512
204
3353
5202
1264
2414
7432
8084
1608
1280
492
8415
3610
9703
4919
3496
450
5154
5156
3864
3091
4863
5358
3438
4128
6091
7524
2729
9591
2811
7523
9733
6143
6085
2743
2252
4695
4558
8963
7817
8519
6861
9271
1062
7412
2896
2836
4931
8443
3235
5896
9468
4535
1890
1202
3156
5139
8204
2825
4525
1441
3129
3004
4200
3382
998
5894
9688
4023
9521
7212
4139
6579
6210
8890
3981
554
1482
3297
7157
611
7107
365
549
6458
1276
6438
4609
927
9222
1697
5467
6754
6729
5117
2734
5845
4685
3448
3423
3815
3293
6935
3972
2610
1637
3333
2296
6483
4487
3245
3104
4537
5428
7814
5407
1525
9045
7461
8389
5102
8875
1534
2782
5448
9790
1524
8576
8191
9673
390
5593
5079
1979
2358
5525
3529
7320
7140
119
1724
8816
8255
9248
8701
4507
9612
5181
8001
2870
8093
540
5745
4332
2965
4165
8882
9083
8177
9687
3239
7936
865
8826
7857
572
1620
3526
7638
4818
3812
9896
4565
9616
4078
7391
192
2340
956
3288
3381
9784
8891
9883
3207
803
494
7882
2393
6320
4526
8057
5085
2833
2297
2914
5727
7863
8649
5125
6570
4564
1692
6544
624
120
6955
2132
8493
1929
3307
121
9717
7334
845
139
391
9348
2606
2556
4030
6360
9523
3671
5701
4045
5870
3975
2201
5051
1237
1257
9024
1080
6645
7786
583
8813
2232
8916
8789
863
5831
2851
5960
6372
7430
9300
6272
2235
7154
4088
9534
8750
4020
5532
8220
1085
6335
8435
2791
4879
7288
109
8647
8604
1752
1576
9913
7048
7248
2889
2177
7603
7510
6568
5208
7063
1610
2227
74
8506
725
7671
4057
7888
1552
9710
782
5434
8434
7661
8733
9049
2993
6246
7247
2932
9004
5078
3774
1445
2024
5422
5229
4249
3171
819
6709
9378
2121
2485
447
9109
3259
9674
4172
1640
1174
7889
3257
7001
1691
4711
859
1417
2266
262
419
6819
1097
8382
1830
6691
9451
3573
9714
4895
529
4262
1190
6931
2728
249
2478
5683
9179
2810
108
8183
4723
5317
5991
1384
7984
9939
3319
8189
2861
9195
8195
7878
7466
7741
8920
5204
3068
6026
4159
5319
5580
5998
6112
7369
6248
5952
6749
2345
1774
3066
9997
5167
4199
3143
9793
4434
7974
171
6119
6764
6771
3271
3878
7577
1772
3566
7946
733
9085
9872
5011
6991
243
5366
2196
5839
979
6656
2537
1716
193
6797
2125
5646
9979
7122
8818
6116
940
5802
2481
70
699
3329
5860
5017
9414
8284
6390
5667
3766
4581
7511
8147
3772
9680
4957
9659
4662
7497
3436
1244
5629
6381
1719
9236
9941
3031
1370
8844
1857
9054
5374
7793
2300
3062
8176
2866
2237
9931
7669
6893
9031
8619
7216
5267
1672
4902
6750
7087
8946
1738
6919
8695
9350
403
8517
2238
3759
6287
6545
7819
21
377
7917
3084
7486
7111
8165
7828
1699
5444
303
4750
2595
9782
1004
3321
8135
4835
9990
6051
1272
2670
7034
3535
9107
2375
6024
1831
2331
8765
5509
2189
4393
7985
7684
4712
7716
781
6172
2723
9580
5005
6052
3309
9353
5608
464
661
5338
408
78
6374
1242
6813
9432
4016
4804
1926
8369
670
7141
6465
8588
8578
20
2834
6772
6055
8371
179
4859
4798
6301
2912
1655
9882
854
9865
2626
3715
9636
9799
4471
2733
7896
1249
5396
5378
5334
6736
8729
5858
7460
1728
6434
7789
7978
9954
2353
1109
9570
7019
2596
8295
8815
5007
2008
8202
6597
732
8256
7714
1087
6001
5038
1344
9021
741
3564
9868
132
7677
946
3668
8477
9198
6342
7499
6453
5864
4204
5611
5287
5750
3075
2032
5613
8881
9650
9223
1020
4696
4597
3195
6491
3968
5070
964
4974
6721
4002
9513
7881
5909
7626
4687
6427
3621
2209
4575
3489
5241
1514
2722
127
5570
3055
5490
5288
1267
9787
8877
7663
7277
8038
5762
6421
5353
905
3590
2510
4203
8209
2878
2557
5537
314
2487
9140
5468
2546
4419
9231
1615
9930
5240
8892
8078
3038
439
1150
8945
5523
2440
6845
7507
290
2976
5595
1188
892
8010
7772
2004
7243
9684
5848
2769
6196
5515
691
1093
8914
6981
6583
7315
1996
6682
4774
9262
1591
3838
2373
2522
7449
5866
5830
8846
2615
9840
4555
2183
1684
8817
5299
6653
9383
5929
8463
3484
2621
2347
5650
8606
7268
3415
9595
5731
9728
7117
910
4195
7402
8166
4664
6781
1538
1083
1746
8171
9129
5499
6314
9851
3342
8097
6654
1503
4028
9023
5673
7545
2824
2534
4475
4029
3881
4405
1414
1131
154
8211
2106
7939
518
856
9176
347
5474
3617
6516
8281
4444
3132
9758
1871
8240
4528
1901
1453
9982
317
6398
99
6150
1780
1136
4317
7148
832
8804
4246
7898
8012
9041
3172
7682
9542
5549
7130
7437
6212
1160
6482
6202
6310
2918
8040
7273
8140
4693
2064
9366
7761
4190
6242
2895
6723
3037
9826
1075
1798
8227
8723
9296
4556
264
4110
6586
6521
2401
2567
3012
5589
5910
5311
6095
8121
129
9925
8438
6079
8997
256
7509
8633
8030
3681
8943
8784
6556
5182
4610
6811
4520
1740
2163
7534
9382
7056
606
7244
818
4998
9594
5751
3807
96
9852
8130
7101
888
9121
85
1394
202
3136
9762
666
7312
1433
9831
8689
7696
398
1448
9356
4644
9844
5753
9820
7732
9989
3805
1631
1643
9903
4965
8192
2041
3469
767
6485
1800
4398
3182
641
3721
8085
327
5765
502
3803
8842
2199
1858
362
5514
1599
4933
4427
4690
3370
306
4462
2628
4033
1193
6305
4161
8395
9215
6522
5103
9950
8021
3474
7100
981
8811
3310
6922
7744
7785
2975
3483
8543
2675
270
331
2313
858
3710
7424
4579
3395
26
2776
6241
8248
8392
5034
9462
4929
5736
9101
6820
9575
9157
1365
8357
7894
7104
528
4550
1165
43
3511
5583
3532
2622
4441
7770
1542
5303
8103
3655
7263
3196
3348
2852
2090
6069
9665
5914
3416
9859
195
3936
8959
2986
2844
5046
5639
3464
3576
8027
6926
4970
2446
2797
5048
4731
694
1386
1977
2366
5695
4281
1897
2376
989
2845
2023
3032
5716
8199
2097
1372
2459
6816
1477
7581
7285
375
2655
1291
9601
4415
9943
8134
2623
1068
6213
7718
2909
3733
8373
5852
4253
4484
4627
4500
1578
2913
9210
3669
8976
7054
5535
5177
3428
2040
7886
6892
5350
1022
3789
1502
3758
1517
2761
1769
7185
8300
9471
6883
8311
3929
5649
5851
8000
6352
5785
9308
3871
3682
6250
191
1396
9599
5324
4155
7516
4438
8314
598
4147
3137
163
6900
8704
6862
3965
4504
4589
812
4079
8302
6881
8099
5920
4625
3214
2380
2038
6591
4707
9281
4843
1583
5638
456
1823
4428
7990
5032
9316
3317
4221
9401
35
8854
5813
2429
3094
8994
4679
4226
5054
1675
5936
3458
6013
2740
8537
7413
3964
5108
6249
612
9761
7803
1391
673
9698
5190
6685
7395
4400
1064
7336
7225
1091
2286
2526
8206
6340
6701
1742
6875
6303
7504
1560
7766
9596
2654
167
5006
7463
1875
1265
5923
9887
1968
2544
6432
211
644
7306
5833
1528
2710
9310
5262
4538
7404
4950
364
1804
1575
7628
6178
4926
6715
1105
7445
3287
688
7106
5871
234
6805
9368
9658
3740
282
351
2652
894
9440
9800
1407
9996
5671
1238
8984
1443
1493
4397
2548
4510
493
6589
6996
82
5254
9388
5536
6190
3781
930
961
3779
4310
7421
514
8897
2943
1335
5101
2052
453
7796
4659
8685
1646
7618
9079
5216
8570
1451
6003
2246
6131
4733
5402
5465
6634
2963
6546
3491
8939
969
8608
9124
4122
530
3054
6631
8810
6641
8970
3201
5563
3125
6194
2432
5628
6651
3186
1021
2899
9846
9651
4265
1855
5856
7379
2017
4356
6459
2114
4049
4833
1762
9843
2903
2520
2917
9951
8973
1147
4106
5225
2585
9490
6211
5807
6993
6219
801
2104
4896
4374
727
8340
2303
8167
1145
7165
1005
2855
4411
7420
1255
6469
7129
638
5772
5
2295
8857
9635
8002
6818
6501
5565
2575
9351
6080
3935
197
9973
5691
7282
1869
7370
6774
2435
7097
219
8007
9258
6283
4118
442
6496
3479
1520
907
8671
5304
5001
2617
7654
3814
4171
1650
3051
7675
6611
8975
4084
7595
9906
6185
3185
5388
6951
6624
6973
1266
7147
4594
4541
80
901
3072
5458
9194
457
6084
3421
3158
5333
4501
2593
4873
413
4395
6850
5418
9630
2611
7183
3637
7057
1040
4086
5120
4606
3680
9709
7698
7826
164
3783
6655
3417
1589
5397
4866
8160
2448
2630
7361
4684
6396
8560
4790
1300
38
7856
9380
6826
953
8394
5433
8712
6958
3422
230
8982
7780
5171
2065
5824
1539
642
2650
9333
437
5989
8408
4068
3913
8742
1363
1885
753
5900
4761
475
6106
9632
1063
4901
404
817
6765
9269
4284
5560
6308
4244
608
9592
5730
1836
1664
4852
3170
9730
648
8681
7805
3640
7726
2645
9892
8247
9866
4826
3675
3653
671
8714
5903
4052
6605
473
3942
3374
4041
4373
604
4943
3418
5223
5226
5258
9354
985
2820
4506
6228
2072
7090
8886
562
1434
1997
138
5152
5039
4870
9178
8319
3122
873
6979
1293
6105
9780
4777
9562
293
8727
5708
2684
3886
6986
6319
2316
6598
4850
53
2711
9881
744
9615
6083
5970
937
4224
9191
7178
5352
5553
2756
8535
7407
5777
8778
2424
8805
7973
2172
4467
2579
8972
517
8150
2406
2860
5992
9341
1570
2436
6863
3819
7721
1707
9507
3270
5184
3808
9136
6439
8249
8687
1152
1747
3074
749
9078
6599
4408
4940
4314
766
5677
8225
1379
2142
1920
9173
805
4922
7875
6368
7757
1274
3378
4383
471
4736
3659
5922
9806
4476
4807
5592
8781
4831
6699
6790
8918
7061
7615
3322
5127
4369
9008
2145
4959
1204
36
3530
8253
9911
713
739
8092
5823
7900
8058
354
8783
2691
545
9410
1673
1289
3177
4982
7582
4640
6348
5538
8929
9478
2947
8124
1125
1446
5188
9279
5951
4864
3536
883
4347
6954
2926
7205
2332
1880
2497
9991
8366
4005
9765
3650
48
7179
5195
1892
319
3040
3145
6075
811
2050
7949
8407
1308
9154
8043
7969
1175
4563
5456
2277
4422
6866
2467
3784
3406
8489
3613
9900
8676
592
8472
9221
1824
7459
4000
4604
4333
9791
3643
8598
9987
1490
6269
3476
3662
263
5457
6161
4227
8849
5116
9949
3116
1860
2826
1518
5758
6815
8450
2092
5967
2972
3272
8045
6400
2211
9623
9245
2027
1748
6711
8491
360
3999
9088
9579
9946
3098
923
7281
8820
7951
3672
8936
9514
8331
7503
2270
9169
6414
980
7410
7453
1494
8178
7007
6109
2405
5237
2028
679
9781
7222
7
9482
8840
1689
342
2551
5872
4830
945
275
1935
8824
283
9134
5893
4512
6716
8980
1791
2656
8498
6416
2192
4270
9663
478
4764
1459
6683
4275
5973
2563
4828
4815
5847
7728
4494
4327
4680
3993
8350
7478
3827
161
4132
2541
1111
6045
2212
2695
7114
3588
8622
8968
9009
4872
3984
1653
1381
3761
3709
7514
7879
4448
2507
9166
5246
2698
7357
5776
1169
8585
3767
3173
3891
1051
2357
2843
3133
4303
6838
1031
9055
5825
1359
4238
451
1275
3268
8536
3594
7651
5688
8843
2640
1884
1187
2022
348
9464
9689
4661
7529
7658
755
4003
1693
5265
2490
2249
2624
9323
9545
3985
8602
6294
7637
4624
6169
3737
8467
2289
6803
6332
5975
6705
1928
1862
4031
3582
5643
6869
7313
1046
2221
1332
1307
6225
425
472
6512
7852
2724
2524
1914
9065
3244
7794
4705
7713
8896
748
6164
7815
1838
2167
5793
7491
52
6415
490
3508
1049
5320
7624
1764
8931
3787
2441
3723
9039
3792
8612
6707
5770
6623
3919
133
9816
3246
2094
325
268
958
7662
7735
7839
9603
5625
462
7186
5279
2658
9921
8686
2472
710
8771
4255
1515
6290
2974
2726
6947
4650
6898
8866
1419
5558
6470
4862
6147
1835
6019
9096
4534
6867
3592
7408
4762
7462
2174
8674
8098
378
5993
1793
8391
3442
6245
8958
6098
8352
6567
5285
9320
4470
6028
8400
2049
7935
4646
2631
9317
5041
1676
1032
280
6830
3770
2763
8596
8388
8592
4305
9144
6433
356
3076
5534
8645
4231
8618
1463
703
3392
8424
8634
9611
4004
7975
8101
3313
8279
2444
4562
2417
5854
4433
4887
5257
5566
6684
4368
2476
5105
8333
9753
7401
3223
724
8986
6896
6780
4837
983
5842
3893
9499
978
4958
7998
7305
1270
1949
2275
2753
5603
3769
7138
5633
4903
9770
3623
6330
5912
4026
1544
816
3337
4549
250
1229
4158
3155
2697
1214
7316
3869
51
9752
5406
9066
4386
8351
5264
7481
4209
903
6730
269
3986
6890
660
3222
8309
1058
5577
7400
5644
8569
9080
9070
4366
3330
4198
2157
810
9404
1484
6042
2057
5426
6760
504
9660
5369
7843
3539
6886
2460
3045
8782
415
4651
3527
881
9498
3275
7246
9007
7806
640
2931
1422
7854
3323
8989
6802
5218
4295
7201
1596
6718
220
2748
7146
8341
2788
5882
1806
2099
9077
702
7800
6365
4649
4469
7989
4614
1121
9365
3312
2607
8905
2981
2404
895
943
8273
2482
7584
2333
3064
9625
8425
7325
8060
9888
5787
999
4322
5822
2251
1360
3121
7386
4702
6082
7387
2352
2800
3093
6614
2191
9666
9177
1228
2007
9318
7532
8
5681
1454
7258
918
2269
3461
7015
5247
4145
5556
8088
422
5964
8505
1263
2395
2977
8259
2410
9095
7731
5224
4127
5492
388
2998
507
6304
8806
7406
6495
9756
6743
2337
3591
3957
6968
2480
515
9828
896
9461
2495
1626
5524
8174
8379
9477
3627
8441
2618
2525
2120
2648
4668
1963
2830
3524
9282
2996
3741
7002
8372
2421
700
4278
2245
4352
582
1081
4714
933
8659
9633
8235
1771
9777
1992
2063
3017
5031
6844
7549
5696
4065
5106
6642
6738
9825
6617
5092
6788
3453
3534
3334
353
6280
2397
3667
8755
6025
8072
278
1701
1506
6664
5316
400
8471
3835
9588
5361
9708
6953
5752
2160
4595
1921
5249
8548
4716
3224
4213
7471
1045
2988
4006
7505
9367
6408
6292
9644
9807
2831
4634
6884
307
5585
8303
885
3251
7064
6296
9408
9214
2298
3110
2354
9876
542
9661
6891
3550
3569
2552
9272
6840
1408
5797
1024
2108
3431
5128
3620
2664
3571
4889
4388
4401
9952
484
1017
2499
1376
441
4103
2774
189
7123
4473
8243
105
6057
9139
1703
9425
3902
6510
1619
1955
4130
5599
178
2250
8056
8025
5637
4886
8348
1621
1900
887
6466
541
2447
7500
376
3135
3194
336
9220
7844
4066
2990
4256
6904
4641
8466
6153
3609
2257
4248
5080
1116
4263
131
7084
1678
7144
5093
2930
4191
2641
4414
1082
9203
2170
2343
9529
1044
7451
3366
1007
842
5073
7837
536
7488
75
2236
5742
4097
9060
5508
5994
7693
7134
8740
7455
921
2908
3706
8355
8327
2735
3982
1604
4877
2888
4251
7903
1584
5734
2451
6092
6777
2012
8821
2372
32
3833
5173
7484
7655
1683
5065
6498
3877
3025
2902
1848
4404
2093
7948
330
8033
9525
2550
791
9418
5231
8266
6266
8290
3199
2590
5375
5123
7659
4878
4613
318
7231
6159
7627
9119
2804
9128
4881
3565
8531
6561
9606
623
4539
3229
7210
1167
586
7176
9472
5819
5678
5826
8791
9970
1048
5918
8720
4599
5656
7782
7756
2532
9434
1070
1200
3574
7399
8031
205
8239
7813
1617
9122
1003
8339
28
4298
8666
9155
1306
8863
2573
7411
796
1371
1156
1251
1810
3816
3537
726
6426
3517
8562
5250
7562
9
2369
12
7255
1899
6492
6127
8478
2115
4787
4869
8090
9164
7737
8872
7705
3977
3641
7784
8901
4560
3561
6558
3445
4737
410
6739
7135
8833
639
8362
6012
4616
6832
9105
8490
1647
2185
8039
1184
2839
5658
6694
2322
6378
2351
4670
5630
2736
2244
4272
3289
1427
1330
2911
6322
2835
1523
8041
5712
3470
5356
6295
584
402
6756
8809
3296
8205
1329
2058
8305
1807
2242
3203
4185
9653
7160
1918
2179
5947
6073
5844
1281
9884
6176
9182
3163
299
6263
9398
115
1221
8032
7676
6050
6793
8156
7024
1904
9069
6189
9484
8785
5486
5836
4136
6690
2146
3834
6506
7237
1959
9448
4734
7074
7331
2741
4425
2134
4301
1751
236
5023
9526
4259
1135
1903
2636
7885
4168
5497
5201
8170
9407
4113
4269
6053
8338
6060
9081
1225
8668
1562
1956
1322
118
4905
503
6499
9622
6959
395
7356
7444
6644
7970
371
9565
4694
9016
396
9108
5820
2941
6229
7086
1357
4947
3599
5227
557
1694
5689
1089
8734
8696
1710
7708
5961
9697
8977
9277
7634
2545
9915
7262
3704
8269
7348
4365
2462
8504
4167
6505
2020
7264
9785
7831
4315
4521
4709
9247
2594
7028
3206
6933
2096
287
7564
8736
6578
7622
8345
8049
1587
5591
5559
8524
5740
196
274
2165
6117
4749
4061
5269
1893
3552
5773
8222
2529
6087
761
1353
8956
2715
1941
3751
8678
7423
7058
3586
6133
367
2067
4630
5972
7527
3252
4949
7861
3243
7384
2035
825
577
9150
4656
9917
7635
5481
5818
1019
7162
208
3151
5862
5066
5760
7907
2075
1969
9912
8965
2714
2456
5720
8532
8831
8752
8365
6419
5273
1435
9091
2898
6696
4013
1761
5083
6868
9695
8822
2355
7933
2816
6995
1235
7733
4364
1305
5938
1148
7426
7175
1718
9207
4380
1991
4164
5244
2207
7502
2147
6936
5238
655
7113
5088
3768
2208
7065
806
4342
2287
2890
3795
3409
9541
4841
7465
1681
4808
9071
2084
8288
4551
2794
7207
1294
7364
2671
1818
8416
3237
431
2660
5441
5339
5069
6552
144
9110
3181
5878
864
7725
4
8323
5654
9548
1859
5530
7292
3802
7884
6062
8453
3589
7591
2692
7433
9920
81
2310
5049
6343
6386
717
1614
8893
7078
5053
8310
7954
9715
1239
6160
684
3349
5391
3034
7349
358
4918
315
7467
6748
1086
2501
8626
2570
6142
3085
9652
3867
7164
4382
8549
5568
6007
3403
8241
9288
8521
8409
5624
5211
8870
3717
2970
6600
6902
997
7396
4979
1055
6526
7940
8364
2873
341
5060
6016
6260
2538
2502
8812
2053
339
6486
1767
9854
6445
5033
6997
6779
6410
2095
7358
7769
2051
6957
1011
742
6914
6077
1416
7115
5901
6628
2994
9058
2863
546
7392
7640
1197
3338
8546
2089
4409
6767
1432
7193
7967
9290
495
8501
7821
9944
2283
7388
328
2048
7809
4390
6865
3024
7345
2598
8077
715
8930
3089
5021
1656
1248
6971
7168
8910
3283
4354
3593
7389
7335
45
6313
4499
6089
8642
3139
9324
7256
5015
3166
6537
6646
4054
9412
5795
7740
3538
8981
6081
9297
651
9330
2458
8344
4186
5980
4683
160
5067
1568
6239
2328
4888
7239
2973
3775
247
4676
6371
1894
900
1987
3218
1743
7763
3796
2319
2580
7790
8223
4573
5086
2220
6395
1480
614
57
9742
3067
1447
7501
8667
2559
5809
9213
4236
1347
5604
8403
7670
338
6693
6328
7094
7833
5698
862
5344
6609
4983
7950
1983
6848
9871
9533
2768
2409
3475
8583
1556
9342
3226
2259
213
212
4726
44
1944
986
9748
448
3497
4853
8551
7298
790
1231
4591
7540
7218
6984
4359
7566
3352
2346
7823
1119
7324
8724
595
3466
199
6576
1282
62
399
6829
9880
6359
8105
966
8974
7098
3632
9376
6255
7208
4036
6725
6763
4836
9767
1382
1706
5349
9238
871
6409
2891
7588
1711
1338
960
8496
3492
8444
6306
9257
9655
2647
975
4917
1828
1278
8793
5266
6452
1215
8320
1750
5996
2717
7666
8354
7719
7836
8494
5928
6857
101
705
7328
8375
5345
4288
9487
4019
3184
3059
3427
6234
5857
6727
3033
2268
2218
4689
6961
5076
3712
872
5541
4945
9444
3368
1717
2466
4849
6217
9582
9094
5302
7533
5962
1971
1122
5547
4218
2254
6770
3579
777
1171
5729
2203
9325
5104
8094
9566
9740
6484
6514
7678
2216
5098
6698
1254
2928
3980
6411
3903
5381
7531
9022
525
6412
5425
984
3785
8675
7887
5306
6238
2832
4048
7550
8802
3708
8481
363
1889
2439
8308
834
1421
1206
6379
7103
7195
6758
2184
4884
6908
1196
1686
3846
3587
8487
6606
6542
9702
4601
6221
3616
7291
8573
8028
9006
574
366
8655
2188
4439
7366
3036
7238
5697
294
9240
8499
18
4440
5110
1775
7155
3720
1124
4522
3071
7874
1333
4907
5659
223
5329
1794
1328
4532
1714
9463
7862
4449
4430
9792
7781
3425
6267
8990
5042
899
7895
6615
4795
9626
8298
7606
7156
2946
4177
1284
759
1554
355
8670
7730
7355
516
7982
7152
2755
5294
4093
9361
5126
1815
86
6327
1844
3597
3413
2504
1368
8693
4978
8096
6794
3028
8431
8262
5259
6976
1142
6259
7309
6563
6551
8454
4483
719
8553
8577
4479
3490
9639
426
1602
1103
1134
6808
7018
8115
632
9265
9671
8808
5447
9186
1753
3817
1995
778
3664
552
308
539
3842
4658
9086
9796
3567
2997
235
3904
2778
8168
9795
9275
5437
5672
3716
1879
6035
1990
607
7619
1088
5464
9276
9226
4801
2940
9928
2690
9675
3943
4960
6156
2576
1436
1912
7665
6632
5665
7743
8312
8429
389
3649
6511
9683
7119
1069
5925
4739
7482
9531
704
1821
4509
