2995
4588
7832
5118
8652
2755
9919
3878
2700
9401
3943
7312
7013
6174
6463
6107
8967
3037
7688
8187
6299
5109
1783
5387
4664
681
4212
8114
7294
8590
1327
3083
756
2156
1979
8502
6465
1240
684
8047
7298
9955
9028
6735
4748
5090
5901
3210
1976
7246
4843
1727
4585
6842
5665
9578
6355
3182
2913
62
154
5125
8234
34
8223
5606
8005
9126
4521
6260
7271
2643
7330
5525
5189
4448
6373
9285
4183
855
5887
8655
6479
7392
8883
1551
9026
1966
8693
8851
2961
472
4072
6663
1908
7812
3369
9208
6086
5702
5642
394
4636
1496
3778
4071
3283
9810
649
7560
5557
368
7880
3152
1771
1062
8353
580
8847
1040
6372
6132
340
2908
3029
5226
755
4610
4614
1344
324
5626
9395
4929
3222
33
4118
4787
9988
8624
1206
3620
7253
5124
9713
6327
4403
7557
2384
825
2674
939
1495
2877
6379
931
965
1261
8324
7100
1190
4812
3336
772
6444
2698
8769
8761
6105
3071
8124
7214
2158
7763
3574
9860
1574
2987
3971
7239
570
3783
5553
8437
976
8160
6830
8092
114
3752
1846
7791
4591
7000
4396
9316
2017
9114
9366
8103
487
8209
2070
4070
1585
1870
8348
3167
372
8230
1871
6497
7847
5093
9903
1407
6647
5520
2810
6361
5880
248
9331
1543
6382
7858
7923
4719
6383
7600
5554
8844
7368
6471
1566
3823
6075
7101
3637
104
2985
3410
4802
7268
3514
867
8628
1118
2712
9537
7569
9535
8617
8716
3612
7942
348
1714
3006
6121
9631
1203
1378
7179
5396
9473
6545
527
5462
869
2013
2451
474
6587
5177
5420
4386
2151
539
7255
8346
675
7358
4467
4029
269
4728
2140
2459
982
1651
28
1053
7183
1916
8980
9361
7800
3993
4978
1101
1753
7917
5394
9719
5478
8809
3653
4428
4926
7950
8872
3219
6875
6983
3475
6863
6650
8512
8778
8982
5676
1426
2187
183
6741
5726
1103
8772
8721
2501
483
2227
7904
1795
680
4950
6267
3064
8699
2634
6995
1202
8046
6324
7172
4838
4897
9529
7210
6287
5354
5586
2989
5812
1271
8734
2452
3032
5252
6227
5205
1255
1302
4533
1326
7497
7679
5494
5108
786
8383
4874
2438
9586
6217
2249
622
3310
3899
7730
3812
2667
2953
3544
6642
1696
2869
1961
1279
2782
297
5949
7235
5571
4060
7538
4651
4715
1256
7642
8642
3687
1323
800
492
4923
8089
147
9188
3672
6072
6214
2083
2312
9040
9118
1296
8592
8461
8659
747
4990
3720
1502
438
3350
7564
9590
2137
3175
9784
4980
362
7686
4246
4320
742
1671
8516
5759
4023
5590
8454
5912
9613
177
6961
5347
7726
4357
8717
4098
7159
9861
6120
6134
6926
1129
9372
274
3940
8549
3606
642
6687
6169
8476
8466
3493
1453
4579
4061
8009
4724
2328
8478
3977
480
5890
8817
2152
1048
518
9663
6811
8246
255
915
3063
6001
6674
3973
9147
5045
5075
7851
190
3935
2928
2306
6672
5294
4194
4139
3212
8202
2747
6613
5015
6968
6636
7405
912
6104
5677
6689
2182
8929
301
7685
9976
9192
8843
7934
936
6199
3187
8564
6309
1721
6328
4250
37
573
5980
6406
6354
6567
8608
9890
1864
1805
9377
6533
134
8360
4899
7211
7617
6817
9287
2511
2817
544
2491
3304
47
5234
9378
2752
8158
3855
8873
2975
5334
1283
1065
3462
8021
9816
588
813
6603
8904
4272
8819
3791
2870
2228
5207
9630
6216
385
2997
6555
2335
2760
6743
9609
4307
7465
8890
146
3545
3654
7582
1828
2132
3750
9010
1116
1105
1794
7639
4430
4961
7948
4216
2458
6009
8555
3272
5767
2676
7797
6662
1958
5242
3846
3882
9638
4993
88
6268
6460
1983
5826
591
1806
4126
877
5080
6796
5427
8835
8204
1384
8827
4743
6193
7339
1560
4316
5528
8807
4488
5241
7318
5596
8162
5898
8543
5409
451
768
842
417
2534
4442
6225
8215
4412
3736
9603
6113
3790
7789
7149
5510
7955
8537
902
1793
565
7550
3950
2026
3381
8898
6103
6907
2565
9092
4121
4540
783
4753
3091
3685
5422
3590
6920
1523
5398
625
6078
6437
5341
1749
6554
3340
2363
8206
8131
2722
8170
3257
5672
9967
4828
5228
2111
9140
5798
4184
8808
5190
5220
5111
5169
1858
6665
1411
3101
1287
3608
2209
3799
9614
3386
9218
3135
3702
4777
4914
2331
6051
7108
4475
1801
6569
7715
1393
1633
7004
617
3892
7771
3711
3905
6177
8408
4862
9087
848
9574
5449
3814
2806
6747
7500
5319
6326
8667
9502
1102
8755
5862
7590
5567
8063
8754
7633
4606
535
9524
8358
2155
9102
9046
240
4857
1461
5135
1583
1041
3805
5366
6099
5747
8471
6645
9228
7138
4710
1645
647
1391
1836
6750
7044
6902
5147
2743
1277
1522
8510
7943
361
1575
4383
7995
1606
7198
2178
3910
7218
3103
7168
724
7432
3250
7354
1920
6607
6731
8106
8534
3466
7561
5119
7616
6485
8095
3975
3594
3134
8852
9743
5286
7056
2962
5043
4166
1188
9215
7553
9444
4970
5629
1356
6570
7340
1494
8432
4154
3240
2748
6666
5619
4091
8420
1106
4299
8669
1499
9391
7840
2967
7496
8550
144
457
2509
8727
695
5171
8591
187
3684
2107
2617
7489
116
597
6392
4693
1090
2828
1512
8263
1882
3907
694
2161
3741
9280
8426
112
8299
3018
6940
1772
1928
6393
7609
5346
8372
5611
6819
523
3947
5475
2197
4991
7304
2901
5049
5315
572
9199
4522
459
1038
8962
9621
9752
5493
9063
4057
2407
8163
5300
6783
27
3412
5335
6141
9408
4195
630
3334
5874
3587
4014
1845
5010
4805
3836
7027
587
9644
1304
7613
1649
9447
3361
2570
424
8048
4601
547
6676
8189
1385
6991
7916
8435
6447
2935
3600
462
9452
5787
6804
3013
9232
5968
1710
5789
1589
9941
4716
9246
9997
1941
2649
9778
4253
7595
1709
2332
7384
6549
4368
6640
5122
6122
500
4560
7611
8612
366
2487
2626
5644
6381
7716
1001
1528
961
4203
8465
5815
6867
5401
7875
5243
5802
8190
3215
8997
8724
1648
5963
4227
2353
7130
2717
7586
6259
937
7876
8866
9196
1482
6892
9926
3965
509
4152
2275
2147
6852
5939
6053
1725
5966
3302
5030
6366
1516
3714
9252
3326
9341
8623
6915
371
5375
9656
9091
1552
672
7032
7156
8208
2383
5005
8419
4389
6459
2529
4603
6823
4833
7396
4141
2945
8240
3605
4792
2955
6089
9588
4691
3416
6386
6257
4584
782
2429
1998
8434
9960
216
7835
7143
8192
6147
1045
7709
6932
551
5373
4487
9418
4999
1527
7794
8142
3647
7822
5706
4764
8294
5156
6294
6827
1989
1919
5918
6776
3428
1093
4989
5348
8836
6503
7885
2179
5227
364
5360
5421
3956
8232
5883
3730
2940
2583
6473
4500
8988
1781
89
5258
9514
3086
4213
6933
7949
5675
9612
2790
7762
9927
6421
6580
4757
1666
2730
6981
2308
1773
8987
1762
3897
405
1312
9874
8615
6579
4785
3964
400
4392
5415
8922
4248
4481
8336
8939
6173
6649
8037
9516
6455
690
3238
2293
7860
3155
5144
9399
4408
4967
4376
6080
1640
841
8636
2715
2188
3786
9683
7724
9596
7711
4197
5565
5821
376
6834
9541
9360
5781
4863
6948
3649
7020
2991
8090
6667
5688
1812
7267
7790
6960
5827
9033
9868
1211
8098
2189
5917
7065
8896
7961
9462
6685
3573
111
8495
1458
4628
7572
887
1686
913
2742
8433
958
2343
1235
1827
8489
9593
6330
903
5433
3981
3358
2224
9895
4401
4887
7141
8611
3865
9741
4685
7208
9273
6332
6449
3578
5852
5363
5194
1584
7110
189
2906
7525
2271
9878
3081
4063
3446
5954
2930
3226
5479
7202
9961
7462
8613
6977
6408
1201
9974
3351
8842
61
5595
1058
1712
8513
1242
1231
6477
3010
7509
7842
8579
3997
3166
5271
6777
8597
9011
3862
2911
8470
8936
6325
351
6498
6913
9276
202
8425
4629
4595
6846
3430
6289
8475
250
318
5888
3764
862
4187
2323
7024
7614
3889
4365
5512
3722
2664
722
1658
1995
8300
6111
3142
4032
9710
5932
7026
6426
6280
2929
2829
3978
2739
4847
9142
6295
3046
6198
7470
7607
3015
8439
5343
9687
5833
4501
914
1415
2691
3876
7002
4384
1545
1722
2619
1973
6571
8399
4240
5390
9402
8164
2651
1777
1765
8438
8480
5805
6544
5004
7962
1821
6513
244
4939
3866
2552
8076
5788
904
8704
5809
6972
4088
1158
2495
9315
9094
9665
7288
254
3509
9950
7091
2447
5492
7104
2784
5765
4997
7061
7265
1834
6238
6011
120
8556
3628
5063
8319
8241
9787
1011
3268
3043
1098
6945
4578
5151
5380
6146
7216
5803
4219
4449
7377
4460
8850
7499
4332
5915
2954
1208
9546
9758
514
2996
8574
6534
25
6400
5704
1650
2787
685
7717
2211
9689
4263
2685
5385
8032
7169
1357
3787
2605
7203
8386
8986
3844
4523
9864
4712
9686
2099
8825
9269
6864
9889
2135
7833
9664
2027
8562
4959
9044
4136
7657
2347
1752
8446
4147
4379
696
8165
7677
5338
1316
7321
6266
3278
6283
981
521
816
3102
1010
8672
5651
3370
4701
7736
8640
7150
9009
9073
1306
5218
1719
7690
2067
4433
1567
7112
5549
1167
4034
52
8265
4686
6641
6083
8559
8580
379
4803
6516
2055
8788
4476
5894
3582
7249
6512
2932
8879
8175
8349
4557
4575
1033
9817
8831
256
7157
2507
5830
868
2119
9824
5886
8763
1447
4580
6632
6030
1180
2547
4406
8085
9120
8339
971
2701
8545
6306
6916
1376
897
2789
829
2836
4457
7082
4790
278
9061
2522
7888
5134
2530
6854
5221
3049
4508
8179
4698
6833
5197
1285
9002
5666
8770
9854
2683
6768
1655
3769
5607
8468
6909
7566
8211
5733
9458
2008
916
563
7988
7537
5344
2498
2204
8585
1497
3530
9953
8539
4344
970
8363
9986
18
261
4556
9560
2856
6872
6951
3863
3054
5350
4849
1825
9175
3458
9076
3804
4279
3114
9718
2440
8748
135
3164
1161
1366
7545
389
7818
7823
8325
15
8272
5958
737
2867
158
308
3692
3039
9654
9650
888
1596
8828
3201
4318
6478
2195
6560
4359
2879
7507
2060
2185
6405
2485
6491
4255
1763
1948
4036
4835
5320
5089
805
922
658
6552
268
2733
4016
3104
9434
3154
1371
4218
8830
7652
1109
8802
5566
1081
357
4462
8127
6524
6843
5033
531
2980
3974
9750
2865
7314
7994
4276
8406
2631
1518
7776
6085
4752
2714
233
7064
9202
6003
7310
2560
1163
4254
9433
1177
32
8602
1684
3031
986
2922
9060
7068
127
6664
493
6905
7293
1754
6908
2658
8186
8751
8568
31
2504
2648
9896
1992
3982
2656
59
4001
2274
7431
223
9425
8771
1331
9948
1234
2149
2405
3979
8366
5655
331
5857
5137
6411
1321
9108
6599
7282
1905
4901
1713
7853
2038
8322
3329
1423
3437
1680
7072
5240
728
6987
455
524
5562
5604
4506
2092
7769
2456
608
7325
7039
679
7421
4495
4351
2852
7051
3024
9485
7173
3266
6002
9770
730
8815
6850
5866
6127
3122
3641
7873
9994
167
6489
241
3415
6966
5386
8074
7748
6176
5779
4198
2934
194
1717
3807
7902
2566
6847
1738
4015
9375
5282
2336
2364
9169
1351
6677
9350
5511
6772
3824
6679
1022
5540
8152
7526
9223
9014
1767
4110
3406
6944
4966
7653
7708
2241
5946
76
7914
4050
1568
5406
8660
3847
3743
4260
6181
7978
9530
2449
8845
7727
4907
5112
281
832
1034
763
9721
272
8588
7088
2705
7347
7277
6270
3171
8508
882
9504
5070
6762
6247
3560
5929
8133
9324
3280
2484
2109
9883
1487
66
8337
2726
6201
2981
7485
9384
8135
1075
9334
7993
2472
3489
4224
3214
8773
7132
8453
275
8566
7706
6487
9376
5021
4780
211
9357
1474
6203
1747
6020
3087
3218
8455
9259
7703
155
8321
8785
5593
4761
4879
3364
7846
5476
1810
7661
2084
2926
3070
3510
7964
339
5413
7076
3231
3117
4381
7819
879
4003
4791
7197
4298
3111
4951
2943
4679
3078
537
3303
5058
8915
1083
9670
5418
16
3958
4938
1778
2734
6775
6531
6807
6472
141
3570
8730
4612
7976
9792
4186
4311
5861
9951
6256
8707
1956
1760
3955
4841
5464
8171
4199
9213
5388
9587
5483
8635
2025
8796
5455
8500
7128
6281
999
3595
4935
7671
908
7813
1682
5120
871
5790
4682
6352
3785
4407
130
4474
2054
3879
1525
781
1112
3275
2245
9567
6855
2121
9947
4621
3933
4282
2019
8905
8216
3871
4773
9740
3243
6007
7409
1531
6969
9323
6898
8384
6495
8370
1156
2629
8719
321
5891
2296
4756
8312
2765
1213
9827
6358
7446
9481
6962
3562
3011
4179
1679
129
4744
8680
6258
3404
6857
6773
5173
6129
4571
2819
6288
1542
9057
7513
3581
677
9617
810
6515
6244
7704
7877
7827
6950
760
532
6990
9620
9882
7908
7263
4294
245
4928
8283
2862
3132
6910
2021
8685
5037
1776
4353
3066
3843
4281
2215
2234
7411
3273
6874
5574
1176
6194
4618
3515
6483
9243
6492
1561
5685
9847
6021
9781
4659
3137
3566
5600
7849
7579
48
4650
7922
8498
3537
2430
1907
700
1955
6721
1018
1546
8941
4619
7048
6713
7663
9369
983
9435
3293
2071
7063
636
7289
7419
5938
1521
5056
3075
2002
2893
7558
2475
6276
2494
5973
6509
2385
3707
7843
1893
4825
7297
5544
6211
1731
7166
6493
9221
9830
1365
6333
5007
911
6245
1196
3944
4670
8583
7967
6499
4971
5775
9283
4243
2637
4445
1452
7539
7376
845
6749
820
9700
171
4371
9052
185
7627
6273
1144
3324
3077
6691
4369
4493
6912
5006
8323
8305
49
8371
6992
926
4432
4789
6942
7276
9902
9157
4627
2212
7834
1507
9599
6979
2203
2563
8347
9153
4832
2282
5149
3333
4975
2694
4191
306
8357
1252
456
2559
7171
1299
7437
5570
91
4758
3190
7073
9982
990
10000
6643
7206
969
200
3464
6320
2420
8946
1397
8743
9356
9227
1377
2432
4604
1775
3717
6404
441
2695
895
5971
614
4766
5725
9251
8740
3788
4055
1540
2528
2988
4107
6264
4845
859
411
6062
8136
3443
3693
6621
6454
909
8711
6446
1968
9685
2621
5003
8395
9167
4648
7057
413
5185
2518
3539
4228
1318
9347
7242
754
7620
8015
4643
4286
138
7644
3488
4354
3449
6565
4411
3213
9160
9071
619
3424
9913
1541
8780
1982
4708
1117
9690
3674
3691
3817
2263
8926
6032
7599
7625
3546
3565
7309
4731
9004
9876
1178
704
4782
8837
4451
2284
9254
3270
4739
6058
9776
7951
9472
7742
6561
9547
4385
1938
8207
5881
4608
1758
5708
1174
3773
7615
317
2886
3662
2085
8093
5217
8903
84
6887
8079
1790
967
4635
3221
6052
9946
3036
6789
360
4611
2003
9085
3607
4763
3699
7844
8887
9622
6191
220
8993
9415
2837
5522
1272
5501
3338
2666
583
666
9563
337
6012
1895
294
6548
4633
8296
8747
6139
3251
8485
8382
7378
1132
9136
2871
6312
1660
5062
65
5895
6581
6091
4113
8735
707
9333
711
7565
6014
3976
1837
3915
1205
6433
4437
6618
5114
4846
3235
3199
2148
713
7817
1111
7010
980
4587
6321
4271
9098
6848
3205
6934
7059
4936
5634
3777
2029
7374
4398
6029
1404
7043
3538
4135
4859
2592
7973
5559
1465
5732
1985
8749
9050
2696
1868
5113
751
8865
5163
7691
9513
6506
4794
4893
6949
5267
5081
7275
2972
3223
8145
2659
6375
460
2309
2327
7080
8442
7787
4626
3169
1933
6718
1267
3131
9036
4125
117
5575
7115
1659
5285
4793
1254
8060
9442
6401
6947
1266
1138
5860
8538
4214
7491
5659
3864
1637
2864
3887
9380
3549
2337
9294
2727
8375
9364
4123
766
5210
9302
7584
8934
4774
1608
4983
2450
6693
7350
8113
4583
2252
4823
2949
4850
1479
5793
6414
6602
2101
7898
4439
1986
5273
676
7979
7546
6727
3308
4955
1549
3854
960
8938
8280
6780
9066
977
5
2761
6084
381
4284
9568
3528
3593
9907
3934
7756
2653
1212
840
1308
326
9501
3757
4759
945
1618
198
1247
9427
9373
3247
4455
7872
7012
6233
4002
9322
7007
1844
3508
6715
8038
3414
8656
2023
7060
7152
5041
3885
7036
1249
2375
4245
6261
6894
4994
3026
1981
1047
9545
2239
203
2966
5008
310
5378
8064
1857
4131
2707
6443
5573
2998
5589
3768
5931
6608
5984
7783
2540
3168
8403
4700
1395
2201
3413
4549
8473
3576
79
4438
7482
4687
3116
3196
9113
2936
3661
9881
5778
8479
1463
3749
4075
1603
9437
7038
3954
3554
3577
1
6390
4325
7345
8198
1848
4902
4702
199
3289
4350
8892
5856
3646
3794
7901
8690
1909
4090
7052
4661
8255
2354
6208
4361
3359
507
5998
8398
9675
342
2281
6025
2352
4058
1439
7673
7301
6767
9930
8101
4210
330
9763
7308
4594
7084
9150
425
5993
6140
5982
4640
8882
4546
3076
8388
775
9580
9304
3129
8350
5645
6810
4207
3178
3469
8921
7672
6307
8768
8381
4037
7483
9385
9887
9088
315
2647
7016
7520
1798
5199
145
709
7927
5799
3371
2153
5631
3467
289
7435
8547
9117
817
5050
8055
8901
4278
7388
5104
8824
3710
929
8688
8185
2477
7738
9925
2951
9173
4104
4649
2677
7879
6109
7647
5846
8056
7453
4045
4605
1577
8258
802
6814
2670
648
2839
9920
1068
21
1244
7807
5749
8573
6785
1478
594
3724
3332
7447
2300
5533
6155
1547
1576
7182
3452
9212
1556
4490
2830
9728
9812
920
4489
7758
1623
9692
5597
6627
3367
4637
8849
569
6043
3368
6878
582
8709
4944
9478
304
6144
4064
5951
7176
1860
8932
8045
1632
3831
7329
8956
5499
552
3603
3704
4053
7881
3731
5410
143
9428
3073
1940
3352
1924
4688
6148
7238
1027
7574
4321
6982
3507
9172
5488
5741
4440
6511
6605
5473
1957
1099
4176
9312
4360
9342
6935
4095
2297
5407
2689
4364
2620
4477
7215
7305
3586
7533
3426
8973
6658
7231
35
2889
3518
3106
38
1590
4155
8355
2377
4831
7594
355
5447
6110
9348
3465
5584
1927
8390
824
338
7119
4130
6235
7723
9520
7619
9511
6837
2379
6826
5184
9449
9957
4892
2904
495
4169
8484
7254
3301
5487
9705
1594
4597
4150
461
4140
6646
3872
2536
3821
2299
5201
4158
6583
2253
7193
3881
3669
7464
5172
7111
7092
5430
8078
1698
3949
4529
643
8219
3619
1515
7670
4539
4054
3418
7502
4741
995
3748
1809
9349
5838
7878
6734
2372
7896
9054
4444
6436
168
8457
9995
5599
3636
8245
5613
7403
9998
7733
9124
178
5472
6577
2425
7900
3891
350
2686
128
866
5323
8907
1534
6639
4632
6996
5280
1987
1914
6630
3969
6466
2788
7799
5717
4399
4547
852
4916
5967
5816
3311
4647
3870
5945
2890
1030
1336
9426
9981
2361
8833
3417
2415
6678
8832
1689
5079
2421
1120
9595
7046
9962
2618
6384
1392
5822
5188
6964
8166
1270
8696
7081
6610
9490
8509
1769
2778
1436
9928
5764
5832
4984
3473
8776
2709
3681
4434
8812
2402
9786
6922
3991
7085
1630
927
4300
9307
4660
5101
5088
9673
4960
1677
4775
7971
8222
5011
2424
691
1489
5752
7493
5068
7187
5618
3288
8881
3845
5381
2011
230
2636
2959
4124
9486
3161
9234
2028
5312
2285
6168
1200
8393
9109
4201
5453
5266
554
5771
1228
1733
1692
1472
2163
1786
3346
9018
9274
1338
5851
5057
669
7752
6699
6973
205
5871
6241
2103
1342
9132
7133
5254
4768
3019
2523
6756
279
7913
7291
8804
5783
2525
5316
2339
9732
3128
4382
9829
5903
2952
9712
8523
3313
9003
9699
2473
6708
8380
2609
2927
5653
4370
22
9822
3022
5331
8789
7919
4265
2898
2074
95
2872
925
1668
3651
8012
1012
2356
2613
6760
2072
944
778
319
8791
5754
2261
8741
9005
14
6106
9859
8155
2170
7232
1031
7897
8625
8430
1483
4374
3643
3282
593
919
3987
4025
5051
4035
7864
7868
898
3123
63
7223
2758
8394
9911
7777
7313
4092
697
3952
7205
7604
9619
4519
4969
8940
1581
1960
2233
9653
2291
8184
5269
8774
5403
4096
8821
9679
2590
1578
6844
6213
4231
9352
4896
7651
8441
4816
2581
7681
4215
4308
7905
6967
7450
2218
7969
1934
8605
4534
520
8816
1002
2457
2795
7158
7506
5352
201
4932
7284
639
9736
9012
4697
3341
5027
9505
8177
485
2469
1330
5776
6319
4239
9958
9310
2349
5084
9811
6108
5424
7436
334
7469
3170
6705
9230
5806
5330
9019
3480
633
9708
7103
1136
2499
9382
843
8281
2808
3622
7592
3376
9869
3996
4306
6314
637
8514
3916
542
7735
1538
6184
9975
2910
7511
2311
6924
9288
4884
9459
9639
7118
6682
9552
2671
8137
3380
8525
6164
2194
1450
5148
8649
881
5976
3571
557
4425
5513
9332
8267
4277
7529
5209
4068
2798
5356
6413
5974
3834
4247
8648
7025
1879
4877
663
3431
6040
466
1685
1911
8492
4337
2266
4220
7696
8587
1524
601
7094
2304
6530
6039
2546
5952
9512
1780
5202
6795
1602
3157
6851
3656
2905
1092
4852
1023
1253
8129
3939
2749
3197
2091
422
3327
1347
6364
776
6157
4642
7935
444
558
397
7311
4860
3299
7646
1823
7161
2208
17
2270
8813
7906
2824
8115
3309
7839
7136
5505
8787
2974
415
9072
7746
71
3675
4349
4569
3391
5791
2316
8931
395
8301
9594
884
1813
3030
9831
5391
6501
3516
7684
7720
4755
8854
8604
1841
1314
7650
1369
3438
3441
2848
2794
3009
4553
9702
3931
2075
9139
9592
1246
1301
122
1421
5195
5724
1317
6060
2118
3499
2640
7887
6753
8998
3819
3948
7144
1320
488
9651
1017
2612
7535
142
3776
8014
6803
2577
5928
4531
2255
3809
5444
6172
6946
2167
2468
1443
7055
299
5839
5485
5097
9573
4157
1573
3766
1910
3099
2937
9030
2427
3335
4269
3319
674
4414
102
6774
8169
1006
6297
6978
7178
8424
8318
7074
8043
7952
836
4420
2378
3852
9330
1634
6337
4930
6158
5206
7712
3107
8972
1028
3553
7664
3434
2646
5224
629
1847
9440
8487
7466
1866
9493
7659
1044
1925
1079
9734
6904
3072
2128
5899
7484
2780
8853
8262
7516
8877
2310
148
8025
3917
2897
9158
7078
6726
9045
5884
7702
9835
8156
2024
8458
6604
5863
3550
7062
9197
7364
2010
8352
4363
7498
7938
9956
6423
9176
638
5521
98
4880
482
5259
8914
6901
264
2423
4900
3729
6310
7180
8316
4864
5745
6202
1431
6205
2917
6896
4059
8248
9577
4081
1311
4419
9301
333
5374
9340
6419
4625
838
7262
2488
2455
6953
344
6136
9531
9448
9575
9260
7779
7401
188
7285
9515
7954
8961
4193
2999
7903
5840
7372
1670
5713
3455
3162
8529
6470
69
9980
1029
5164
9456
2690
2706
555
634
6723
6228
1157
7531
3694
5577
3848
789
94
231
7440
2217
8999
2417
7528
9714
4295
4355
7121
3645
3427
7719
6342
8989
6232
6226
9858
8694
4977
6192
99
2541
8542
9799
4820
8289
1511
8923
2461
7331
164
6779
2088
3627
3811
3312
5471
1016
9007
5796
1876
8378
5650
9090
6339
9409
8405
251
6397
4009
2236
549
4441
2080
3503
1433
807
6725
3519
3318
9305
1694
6346
2357
3682
1532
7559
5284
1904
5278
4129
2320
2238
9249
7389
2599
7628
9410
1598
9127
7021
9194
6706
6462
901
8462
7382
3044
5150
5643
5458
2902
2199
847
2043
7127
5761
9245
6746
3689
6714
5703
6093
1470
1026
2825
4162
7184
8677
6572
4030
8571
5059
7626
5996
4870
2411
4894
5518
6799
7316
7743
9496
2124
2418
2571
5509
6441
5508
624
257
3233
2721
8497
4443
2550
6688
5367
8493
9551
5314
3159
6298
7326
8153
2419
9938
6431
7361
8261
9306
8531
4329
2573
3481
29
6197
5542
2861
7222
7240
9885
2597
5470
8172
801
1435
421
4427
4211
7477
8342
2710
9848
3460
6719
8138
5019
4160
795
8662
5957
6403
222
1814
3237
7591
7360
6070
7387
6017
7931
9130
7067
9765
4114
2548
953
2298
7375
3433
2196
3744
7302
8750
613
7660
7936
6315
9722
2774
8977
2957
792
2553
5824
9808
7194
5524
9351
6166
9074
7710
1970
9973
2396
3130
5543
8874
9658
4181
3737
9424
4574
3127
9016
3005
8359
8974
8161
5459
5772
4924
4573
3568
5235
4609
9337
9751
4028
1896
7543
4112
6869
5277
8307
4342
1625
9666
5311
9949
1216
2863
1165
1425
5758
9923
7810
2198
3192
9993
2063
883
8200
3316
2474
8948
4778
7668
7802
6941
4826
8338
4473
7241
7514
8753
6816
5701
2344
746
3004
3485
1123
6317
7854
7113
9558
6670
1930
303
6359
2681
5457
3841
1281
2708
9676
4888
9278
873
4339
6806
2133
723
7181
9250
3227
7458
131
5293
3740
8413
6170
1382
1498
7244
7433
9785
6167
449
6519
7006
8407
3614
101
4074
1734
6600
9031
5399
7008
501
8364
68
9386
951
726
4815
3631
4883
5438
7430
5679
7252
5181
5742
9726
2630
5442
5927
9533
4453
3487
56
5446
4461
3298
1969
4505
5253
4261
7369
5893
463
6417
5558
6585
2036
7622
9837
4236
8742
87
4800
9737
1432
6877
325
7328
3269
6347
1657
7705
9293
445
8519
2130
2341
4770
3526
4689
9591
2390
4921
7695
3300
4511
4552
964
1736
311
4322
6683
6999
6015
3521
5730
5275
9798
9110
4502
8949
9849
5770
4871
2627
5517
6212
3972
1880
1774
9233
9506
9445
9191
5736
7300
2232
9053
193
8871
1785
8243
5191
6318
2444
9757
1707
5569
2514
8947
6185
7355
7508
6081
5340
2171
5608
9365
2508
2543
2033
4077
9968
9839
8930
9170
8725
9455
7490
1946
2105
5237
2860
3425
5370
118
6218
3738
8646
2803
7534
9629
5527
126
692
3174
1728
3331
721
9598
9813
3664
2314
9918
2466
2584
5423
6906
3372
5936
9363
7236
161
9789
8415
8969
3896
1373
4563
727
8268
7272
5466
3225
5551
2673
6612
3721
2464
686
6092
3611
7380
5669
6402
950
8846
3021
6236
8840
1055
6305
3983
1219
4148
2426
1553
5099
5371
3459
6822
1367
7801
6311
731
6553
8109
2633
2868
1723
9362
6302
9843
1455
9910
1441
408
870
2818
2096
2359
209
9200
828
7053
1784
540
1700
2558
2779
7749
9343
3497
743
7346
516
3082
5734
3436
3035
4217
414
2895
4343
1406
3511
2345
3522
8546
1862
7555
5617
9461
5762
5723
3165
1134
9826
1923
8034
652
7925
343
9760
7760
6596
3868
4543
831
3139
2919
2554
3913
1350
108
3362
5279
7910
8978
8039
1676
3683
3177
5995
1291
2587
7336
6045
858
4798
7667
5746
2650
9450
2039
7418
9484
7563
1182
5986
453
5624
7041
6888
2380
8838
5412
7945
8777
181
6445
2899
655
110
9370
1362
4541
3815
3613
1248
8992
2394
6100
6338
9680
6159
9179
7338
9325
9842
1975
335
2004
6286
2100
5105
9329
9570
6250
1420
3486
6720
5193
875
8010
5073
5261
6494
4742
7654
1069
3559
3922
2264
6416
9935
2978
3265
7404
5962
4705
930
5094
6988
1977
6308
2718
4083
8610
3471
137
9355
8965
6564
1601
9035
5710
5908
9070
283
7224
5208
8708
5622
4665
4234
4713
7815
3256
7296
3305
3985
8702
5000
3314
8122
4498
4066
3276
5920
6845
1485
9336
8686
4494
8297
5800
9554
7666
6588
3056
5630
6101
8096
4230
3156
9204
6340
3328
9034
1652
4431
8368
8328
650
1405
851
2453
3482
8799
3232
4085
252
8645
9423
8053
9083
6348
2262
4903
678
2915
3886
1400
5428
4592
3241
972
5850
3715
4676
4293
7135
8880
7970
7850
7828
6538
434
4485
1599
3650
5159
5096
5225
4233
7536
6033
6204
9183
8100
9959
8925
6551
2115
4044
2465
2325
3400
6215
6469
9746
3869
5667
3875
9303
9067
373
5222
9089
1939
1258
3966
2731
1580
7177
9640
1114
2235
3937
4174
5048
5689
4314
8899
6527
5636
1460
6362
3007
9180
5317
4882
812
6623
5913
7299
5435
3445
2767
5474
2843
4889
2081
402
2334
7212
3236
3285
7365
9904
8698
1052
431
8385
3069
4684
8285
8942
6805
328
4168
4570
8681
1582
2480
771
1086
6778
8414
5923
5983
3665
9244
8701
7675
3932
9125
4586
2146
8387
5547
8712
880
9166
5245
6546
9803
9077
5896
7637
4829
6434
4039
3908
4000
8477
6668
8273
2433
2883
9300
1854
821
6890
5707
2126
6568
2160
4346
626
1054
886
4602
5556
8033
3373
3555
8154
6480
528
4472
668
5711
6601
4464
399
1444
6881
499
7571
1613
3239
1220
4749
5955
8486
6673
4669
1665
6350
4237
8062
5933
1591
7472
6540
9151
5705
7226
9171
8553
332
9141
7083
2925
2068
9253
708
9564
173
8814
9013
152
973
2483
641
1341
9802
7761
9081
5322
924
7333
2493
2881
1886
2687
9105
1808
2632
80
6927
4470
2741
4696
2005
5154
6537
4056
9977
1557
3484
769
3558
8236
6207
8134
4917
1445
1348
296
8251
2365
7768
7124
3042
4797
9210
2593
4167
224
8834
1456
2840
2391
3923
4934
8679
6422
4817
8379
3211
7838
5085
2751
8920
5452
3838
7471
4190
380
1817
5720
9439
6175
8622
3284
3379
2386
3901
9696
1094
1853
2032
7259
6006
2502
9688
5875
2482
8050
7398
787
3353
6046
8229
4119
7391
9727
5247
1468
5083
799
5687
374
8203
1434
3398
8520
1262
4404
3963
712
9991
8582
1046
4658
9555
8581
1898
103
7174
8798
418
530
7001
6291
2812
8594
7290
534
5327
4709
3575
3090
2639
4672
665
616
2230
7861
6249
7757
2516
5443
5539
8775
1851
3263
7884
2401
7
3148
2076
5864
5579
229
9154
6593
8191
1950
822
5664
4006
13
1614
7504
4958
2340
1337
7699
78
7972
1887
3423
2260
1155
77
4783
8320
7687
6884
3765
5849
3100
3435
9205
5182
2719
5625
3422
1274
7077
767
7990
876
123
9480
4641
3150
1218
661
6123
404
9807
6389
5158
1394
5491
7230
6971
2102
8576
7857
1259
8632
1642
5804
9729
9805
352
3655
2625
7701
4328
6380
1704
4740
5454
7269
6712
3254
975
5397
5716
7323
4734
2914
3547
6821
1889
7523
5460
1222
6700
8116
4117
3793
2878
611
2290
5994
3992
1324
7764
9149
3500
6418
718
7476
517
7894
4024
5692
7944
497
1597
1078
1186
5819
6090
8356
6597
8335
8970
8996
3468
9698
7017
3419
70
5560
8955
105
7322
9584
8481
1462
1459
4652
8933
8024
5943
5757
952
1025
8059
4289
2616
3180
1626
3851
2678
4821
9772
8456
8231
3858
3816
4238
689
7090
7245
8567
7201
7575
5598
5807
7467
2321
5656
8767
284
2768
6464
7227
6220
4391
9682
7005
9134
1699
6115
1980
4590
8279
8678
4373
7512
6556
3183
1764
6541
4677
1490
8952
9985
6722
4484
2555
1457
1746
156
8572
6336
5141
4673
9788
7234
2442
5648
4986
1233
9539
8663
9266
1906
4836
1962
4732
1890
9855
2460
9655
8239
1750
5820
7153
7585
9119
589
7981
9898
1653
9754
9403
3833
5690
8402
5532
267
1429
752
3490
5545
1595
9954
6631
7918
1988
3557
3125
7028
5187
6035
1125
9396
872
8227
576
9371
6885
1984
8995
9443
1198
3673
9407
3803
2078
2497
9422
2846
8657
5107
2591
3820
1361
9716
503
298
6430
7219
7541
8459
3719
5990
9115
1142
1629
5786
6438
7722
6758
259
9548
9814
7454
3252
1427
3806
3902
6742
4910
2221
1207
3802
5170
8913
5436
6738
7556
7425
9078
2389
5272
3677
979
6824
3355
1954
1230
9039
1173
9107
8148
9335
8082
4336
9353
7475
7125
5383
893
7417
390
7066
1402
6952
9163
2157
1869
9945
3360
3045
9834
3772
3008
9607
2116
7608
9608
426
4872
6900
7420
3409
9526
1329
7562
5715
5078
4042
8857
3961
7390
7023
2735
159
9321
5641
4565
6891
7932
2478
2660
5828
423
561
4258
8739
6529
2329
5953
7273
917
1631
9797
6808
9436
609
612
9966
1791
1997
3477
536
106
7693
6074
3113
2912
3472
7097
6353
1838
1554
3267
5192
4087
2318
9606
191
5072
7079
8886
4528
4257
9106
9182
9845
3048
1493
6387
4631
9093
8444
8044
8908
9289
4456
6064
5393
5053
3873
9565
4738
7745
427
436
8577
9193
8779
1151
7911
739
8598
8104
7941
40
9309
3818
4726
5519
4393
6135
1095
7033
8653
1615
8052
6042
5947
1770
1275
3813
7519
7468
9544
5699
526
5588
1251
9491
7544
4818
4378
8806
8557
3860
3207
3003
7899
6755
50
3857
5450
1340
653
2348
716
9345
8983
1333
8016
1135
1315
6590
3330
5934
2104
1826
3735
3264
7459
1121
9899
215
3408
4402
1375
1152
388
4613
5342
5256
9416
4720
1290
6442
8506
4323
3109
4153
5321
2065
9742
2851
7399
892
3495
253
8149
2051
7587
8277
1800
9291
2256
5038
7638
5200
6986
6539
7866
1944
9769
6626
628
3779
7463
2855
1501
454
8249
471
921
2574
4172
3697
6303
9226
3686
515
1526
8569
5484
9996
2662
3385
4911
5326
4340
1641
5426
3321
7631
9198
5682
2820
6024
610
1303
346
9602
9870
9419
1484
1319
5168
7895
4730
5296
3454
3323
7891
834
5869
5310
9354
3244
5739
5972
8411
9677
3198
566
3770
9224
2269
1181
396
7413
6624
7929
2370
2052
6589
6532
8912
5919
7765
2410
5016
1265
6616
6439
6066
20
9978
8069
3746
3395
2562
9678
7825
6696
9553
3393
9623
7337
3394
341
2604
4987
1284
5780
8073
5671
4033
3016
5248
1278
2750
5298
1260
1755
1449
3893
5568
7824
124
9338
7029
6989
3733
7714
6448
8757
3762
1751
5940
5637
9344
320
6812
5987
9059
6378
1587
2371
5868
1942
9146
8643
9041
8310
4417
5985
3808
8108
8397
9058
1015
8306
7451
4200
1137
7645
5270
8900
9393
605
3630
3716
8786
3884
4447
7444
1819
2763
3208
3890
4052
2615
522
7492
85
9429
9892
1419
6163
9915
4703
9549
3271
7343
6918
8745
7280
1334
2835
804
4208
1610
1816
5451
9469
2970
8875
8001
5865
4869
3909
8269
4765
1683
670
556
1036
2044
6
3322
2324
1724
5700
2047
1943
955
410
1559
6728
8013
1424
860
2665
7921
6879
7867
7479
9521
818
1049
6344
6178
3634
1759
4620
9921
7461
2993
45
2333
9756
5359
8058
1654
2441
3513
6112
2144
6998
7530
2360
1104
8467
8452
5416
9299
1379
7042
7831
2172
7697
1328
1070
5657
8554
7773
3387
6866
1403
8945
2392
4171
2849
956
7674
7959
3877
1133
9914
659
7821
5384
3995
3615
4089
759
1789
470
5661
6937
312
5496
3147
3420
7474
3121
4031
136
9468
7909
6301
8971
2225
5102
6391
1706
1779
6754
5031
6507
6974
403
100
1999
4144
8720
2623
9937
4681
5905
3294
664
7624
9970
8233
115
2745
6956
4348
113
7623
3047
1621
8614
3291
7050
1153
8733
4471
8668
7049
9267
7643
3281
1729
3061
7503
1756
249
2265
7270
2894
8182
8049
8558
4120
5047
3181
1352
6028
2903
6161
7883
2578
2567
5693
8759
4416
2771
5735
5635
5290
6016
5623
9235
2476
934
8210
9532
9144
2858
6828
4049
2406
8570
4772
4273
1305
3068
4229
835
2537
5324
8861
7317
5214
506
4388
9730
9037
3589
7410
7342
1066
3926
8006
4542
8392
9100
6651
3476
4524
3639
4550
6859
4598
5639
9206
8061
2001
4185
3356
4291
8450
9451
714
7438
5336
5681
6474
5035
3840
8105
7332
8885
2724
3052
6563
4840
9101
1343
2816
6931
2575
736
562
9519
9165
3002
6388
9657
1843
4027
8638
1122
2804
8697
2154
9247
6334
8141
2408
8991
4423
538
2950
409
378
86
4335
9929
6152
9155
4827
7164
1600
1519
5231
8094
175
1355
6409
8959
806
9411
8193
3405
2143
3095
6435
2481
3919
3742
5964
4622
8893
2006
226
615
9615
7966
1720
2139
8746
9308
823
9080
3754
3040
8351
7740
2330
1972
2358
7385
5009
5882
8507
9990
1414
5997
4645
8647
30
473
5131
2136
6010
7442
6088
41
6500
906
5349
7137
4395
3506
7612
9731
5276
6660
2834
1620
5695
8091
8979
8150
1067
2434
7568
8054
8107
5069
9697
8373
1675
4779
386
9346
432
2776
5507
9601
5145
8019
5139
3498
3051
6349
3315
7766
5960
1656
197
1466
8412
6065
5152
3551
2580
8664
387
6034
1149
3158
8287
6369
9525
1829
2127
4463
6903
4134
4317
8784
5309
8027
2040
1505
9867
7893
9969
6117
4667
1628
6263
5721
5848
9749
3936
9771
5877
6557
1107
5944
8214
448
3644
7207
8894
9400
7977
7189
2431
1644
435
738
837
7089
109
1185
8607
2174
496
119
1076
6536
6345
3680
6254
2857
6862
7635
5678
5126
1832
8765
4769
2404
3861
5873
8199
3209
3856
2058
1741
2520
6057
5287
2448
7811
8517
8130
1473
247
5774
2527
1539
7939
3942
4678
9717
1855
7095
1503
2737
4309
3383
8345
3801
4486
635
2492
6782
8286
6514
7069
39
7548
6221
1937
1517
2134
8128
2150
4733
8369
5014
7912
568
7744
8427
5979
3097
529
3585
6835
6815
7694
2596
9492
2288
8331
75
6098
5546
5183
748
6481
8022
5621
7804
963
2875
5448
1286
7920
3172
6965
6424
7287
4581
7567
6341
4795
2259
8609
5364
9404
1627
6420
3337
8985
8003
8670
4
4868
5975
5025
6142
3292
2007
8909
968
3548
2845
7495
8990
946
4106
8532
5046
978
6183
8848
8766
5160
7402
8706
1744
5017
5039
5825
6798
2866
4762
4694
5911
3712
9195
4981
3543
3502
1360
9510
3633
398
6187
8943
3248
4509
7371
5213
2704
6004
735
2831
6407
3796
5782
1004
5115
1292
391
9852
844
469
3173
1745
8897
1901
3536
654
121
443
6399
2842
7011
1399
3392
3542
9129
2850
4946
6751
9738
8244
8800
3780
6528
2524
2366
8674
1636
323
9217
5591
5238
6396
7731
8606
740
6724
3027
9099
1412
1646
3842
7795
1965
640
6049
8654
1792
5709
8641
3202
5763
2125
2799
1564
1739
1289
3894
5662
5345
688
1702
4047
2608
7147
2216
5941
9508
5686
564
2797
2542
8417
9572
393
3621
7549
7473
4297
6368
7200
1697
8822
9143
9211
2757
8083
172
9000
6343
5291
502
3403
5797
7452
3652
839
1674
3249
4105
3479
3708
2844
9627
6558
8293
1091
1820
8228
3402
2891
7796
7930
6739
4947
4809
3525
4115
9944
9989
2059
3912
9103
4268
6792
442
4275
7830
4380
5425
7937
6818
4750
4421
9295
7283
2231
9875
8856
5429
7734
2283
890
3020
550
2395
891
4149
5468
9313
7753
5481
375
5176
6648
4786
8065
513
4296
5186
6165
4256
4657
6055
6938
430
9777
4242
7601
2416
954
5127
225
8762
6578
596
1579
6374
8314
6041
11
1310
8522
646
9791
2519
6576
7997
947
7837
6617
2428
6559
6657
367
2374
139
9933
6248
7295
7015
8031
8650
5844
9645
910
7805
7732
9122
8084
6031
8374
9775
195
5792
6759
6923
4143
8627
6077
2439
3556
9181
5914
8713
5329
8011
3602
3850
412
7225
8518
808
9062
8315
1170
699
9542
4799
169
12
1782
2376
5902
2173
6582
6162
4788
5646
1183
7729
1199
3055
2049
2117
2720
2313
5022
4151
406
9625
1042
1140
6222
9328
1370
2582
7665
6000
7984
1833
3184
4315
994
3588
7634
5970
5937
8578
3624
5536
5325
3760
4127
7035
9984
4170
8212
4221
6614
5333
770
8521
9648
2654
6428
401
4979
3626
9768
2242
6206
7662
3390
4998
2725
5999
7195
7648
1622
6929
3274
1952
3959
7985
9282
1586
8634
941
8367
7422
785
2884
9536
9327
8404
2479
918
8714
1748
4304
8256
6925
6766
9471
23
1953
428
9507
7682
1959
4745
2965
6820
2454
8639
7019
6573
2909
701
4128
9231
6701
1139
833
5486
5138
5969
5503
5578
4283
3494
2248
2251
5377
8088
286
4656
6048
1124
8682
2876
4235
8752
7353
5054
651
7003
363
3038
1807
7680
273
4041
2853
1921
4904
5647
242
1818
7593
673
943
5515
9156
7414
942
3988
4138
4796
8329
1451
8253
3112
7576
7870
9133
644
6542
2278
9225
6119
1032
3756
2342
4957
9652
9257
26
9084
9023
1548
2446
7669
1250
3447
4175
1945
8535
4537
5332
1325
1619
9562
3126
5095
9430
3153
3524
6520
8020
627
854
9681
4480
1141
3732
586
6456
8221
5439
4520
5801
4662
4189
4100
5738
1639
6190
7093
7123
4094
6880
7494
7750
8651
1996
9755
1884
3325
9297
4855
1145
2326
3160
4751
3561
4492
1488
7441
8593
3453
9833
8295
6005
218
9766
8151
6707
5795
9841
6452
4330
4776
6488
1693
2077
1269
8863
9358
9809
5155
7148
7999
1387
3798
4333
7991
9761
2229
6813
2655
3826
3059
8584
7220
3339
6748
1990
204
9628
8147
6484
8548
1345
2801
5092
9021
579
9611
3053
5768
447
2984
600
6829
7191
1918
2168
1194
5372
865
150
8910
8077
7243
3960
4479
8526
7040
1662
2711
4690
7780
3448
4767
6886
2129
6619
6729
1504
8505
9432
2244
543
8238
5855
3610
5563
6794
5441
458
7998
5307
2979
6038
8159
4972
6269
9943
4324
578
5988
8270
3725
5640
5026
1949
6609
1611
6277
184
811
7423
3119
9229
1859
7209
3287
2606
7307
4303
8596
6067
8658
2602
9161
8087
9015
4721
9618
9368
602
4080
8472
8260
7393
1529
4226
8278
5369
7086
5392
4956
1257
3060
9924
8536
7116
2805
8040
5530
9853
5794
4671
7788
8409
7455
8334
6316
5541
3343
9804
9909
3984
8797
4067
6652
5837
292
6763
6284
3258
8783
2095
4424
2579
9706
1715
4459
7426
3033
6897
6628
1130
5750
2409
1187
2521
6653
6253
3726
2412
9008
6255
7826
9238
8676
6543
67
3688
6095
2814
2576
9709
9271
9263
9032
9488
3782
9317
9186
9476
5140
974
1903
6598
1126
2826
329
4137
2539
9589
3224
7889
9674
1307
5002
4450
5357
3895
2206
2688
2123
258
4692
7251
6026
2042
2882
9064
8311
176
1386
8377
5257
6654
4040
1831
8944
5576
987
7524
7707
6019
7292
4885
2947
8183
1179
82
9503
3911
3696
4554
9055
4844
3347
1830
3591
8176
5845
8292
5737
4352
5718
3188
4161
8937
2094
5605
2841
3230
1811
5308
5166
9390
948
2467
1294
2223
6591
7373
6505
4808
1298
3463
3501
7755
9482
3839
2610
9168
5153
3604
3572
8867
2435
4483
4409
2713
4010
2644
9131
598
9470
489
4572
9873
8729
8695
6781
2373
9821
8728
5040
5673
2190
1735
6150
6655
1535
6921
8354
949
9828
9932
8511
383
302
2796
2948
6787
8524
5810
3246
5632
8196
9042
1437
2823
2110
3439
6764
3365
7987
7165
6870
4737
5066
2944
2969
3829
7134
9774
1430
5402
5649
5301
8560
2728
295
5157
6849
4634
6360
9642
3200
8700
1389
4394
504
6793
151
2237
1113
5351
9339
5550
392
1711
3695
9
6329
4746
7578
1926
6914
227
5904
599
2791
1842
6457
9412
6629
5055
1757
1624
9720
8110
9561
4674
7351
2090
4099
7992
8928
9162
7630
291
9850
1533
4781
9220
3065
525
5405
9421
3792
3286
2802
623
5658
5389
1074
5823
2510
132
5841
6296
2184
9121
2736
4736
2888
7260
2512
8976
791
7439
7070
8365
5469
6138
9646
9148
5432
235
8758
6475
19
9934
9987
9836
1043
8213
5638
2668
7261
7217
5504
3635
4007
4747
3217
3363
1159
2041
687
5633
349
4873
4909
3220
3421
2506
4704
6635
3186
3067
2169
2307
2108
4615
577
9647
9659
1815
4824
1214
7370
5178
1021
6638
3492
5028
5835
8935
8288
9479
9893
1381
1875
4639
8603
5121
3384
5916
9886
733
3797
3667
74
7754
4830
1701
7968
6292
479
3203
9585
8
6371
4312
2286
5110
1127
4435
7510
1687
5212
8072
6611
384
5834
6188
1239
7573
1506
6615
8111
6526
3504
3089
5769
8139
864
2079
2916
4241
8954
3110
8565
2087
6195
512
9671
9604
2756
3640
7940
6732
81
8235
5299
6889
2503
5020
7162
725
2486
1175
2210
3758
1442
4377
8895
9104
6692
861
5773
7406
5930
3753
2177
2322
2022
7501
8616
53
5514
464
5603
9262
4465
4345
1238
9669
4005
9112
7926
4646
7580
1900
8864
575
765
933
8858
7145
2250
7793
7808
7107
2086
8503
9494
693
9550
1678
3658
6179
8389
3761
6252
3745
3143
2277
6251
2131
3728
6363
7551
2977
5456
6620
4163
4518
5116
4675
8533
6323
270
2680
4287
826
1688
3771
3616
1835
8205
6939
5339
7030
1550
262
4390
3800
369
3678
9672
656
246
4564
8703
5303
3229
6710
8794
3921
8501
1061
2545
2557
3938
2138
93
4617
683
1492
2598
1192
9880
2532
2652
1241
7767
2243
7718
3306
3929
1824
6860
8226
4654
6322
2046
1932
6210
9065
621
2220
5128
962
1951
5445
3999
8167
4446
6586
761
5727
6686
314
1309
7366
2258
9844
3432
1195
3191
6073
6825
6102
4867
5304
5654
4331
8224
3057
6865
4262
9939
5382
1605
9540
8225
7054
9891
2963
9800
9413
2976
4876
9538
1929
3946
533
5236
8618
1388
2900
793
6274
8675
6633
180
8666
9963
7928
7806
8951
5461
5061
5808
1691
2
9111
4727
3145
9483
4948
4898
8274
9446
9177
8683
1359
5489
9159
705
5854
8344
9992
7014
9420
9523
5612
4822
4965
3625
9694
44
5728
4188
9388
1787
9286
3617
6300
7658
8870
8303
8504
7856
889
3967
1839
3751
5694
8884
9877
6970
8421
7281
5260
4397
2873
3709
9773
5582
3968
8410
1643
6765
5306
6370
9693
2958
4356
9633
2815
3930
2551
2723
6508
4566
8732
4848
4499
5024
803
3085
3747
1438
1471
1354
1150
3074
7676
6985
450
8552
7577
237
6271
6154
8860
907
7139
9097
4653
2657
3888
510
1226
9701
6634
3668
1085
5283
9764
5180
1761
4771
9901
4861
1974
7247
4925
7381
8540
9668
10
7728
1604
2031
4426
9972
9128
8781
7933
2941
8284
9296
4988
6871
212
5991
9576
9392
7348
1726
2595
9029
7407
6595
5878
5529
8601
2422
3596
6068
1448
2939
5900
3718
6243
6502
7058
2122
3348
7274
1119
3105
6149
7775
966
5766
5358
4078
2764
9936
9862
2280
3118
706
6059
5714
741
2800
7105
603
1232
8008
9475
744
4723
620
1288
1077
2942
9917
729
7641
4814
4954
2549
4668
9500
2585
243
9559
7739
4093
1520
3657
7434
1891
4589
4905
9314
7443
1971
4341
7009
2186
2362
5935
2050
1491
8644
8494
1237
7953
2773
508
9815
2120
9724
8102
4122
1293
6079
4940
6137
282
9242
5465
7983
206
2303
2669
5244
5811
932
8710
2920
9856
3461
3450
7286
5516
2938
9389
9806
2638
4735
6769
2368
5361
7349
8247
4545
3151
8811
715
671
8264
4912
7841
377
9767
4527
9745
287
8826
5847
7102
850
4949
8469
6510
7632
3079
4551
991
7221
8916
1964
2207
2692
905
8332
6690
1500
7640
2062
6143
1803
9381
210
2614
5777
5417
3727
9137
7199
5368
2992
2294
3133
2056
1169
6410
7656
2874
4497
5959
2273
774
2772
2533
7155
4558
6482
8075
3701
9979
2821
3567
5892
8918
5216
8726
1398
2500
2176
7588
4026
618
6335
170
5255
8705
4568
9762
992
8180
8544
2355
4891
5246
2192
5495
221
6959
6698
6736
1100
9635
4510
5023
6637
8081
7698
3317
2887
7034
8361
734
1372
6574
3579
5362
1014
8252
6797
5431
481
4811
2462
9649
4854
4514
300
9819
1768
6496
1888
6694
2048
3527
8112
2564
7324
1245
7636
749
3583
4292
3388
7114
2222
3532
9571
5956
2699
2183
5538
4711
863
6547
7106
7759
9557
6517
1080
1892
6893
3451
3144
7188
468
8820
2000
2093
5036
1332
5268
2247
7344
2400
8756
1840
5885
6832
4452
5614
6919
7185
6752
4073
9187
1008
7478
4599
3520
2924
2369
6023
3774
1418
8888
5897
6957
8841
4593
7605
2986
9174
3279
7186
6036
7257
307
8117
2045
208
6223
8541
4810
6839
5909
1383
9138
1993
8586
5198
8188
5044
2034
3253
1313
9543
4953
6453
9184
2918
7386
2387
9888
9261
5748
2191
3941
7737
1363
260
3706
3094
2219
8963
7683
4454
3034
8126
8018
3440
3679
6415
2289
8673
4666
3900
6118
4562
8862
3261
546
4530
9667
3642
3957
1295
5729
3698
7965
2907
8953
3601
8257
2295
8839
9025
9394
984
3234
4722
8691
305
1593
9509
43
2166
3366
7869
7359
2162
1978
5292
5219
6716
5082
3980
6087
8631
7809
6984
9610
8308
6293
6063
5872
4084
9616
4180
6684
4976
2106
6395
1454
9082
4695
6644
4400
2200
9477
3781
5523
2684
5910
2786
6625
271
6592
73
9857
9556
1638
3496
9846
1009
6791
5091
182
6695
6761
9467
6997
8237
6836
7071
5117
7882
1963
2896
192
4418
5534
6450
8051
8966
8906
1742
5223
3990
4538
6153
6239
1358
4913
4992
6094
4259
3986
4358
8036
9241
4915
4535
3810
2933
6468
1797
1056
2413
2588
3705
4301
9931
996
2753
5034
9866
1513
720
3552
5230
5365
9894
2641
6056
1664
382
5616
7947
8575
5071
8633
9123
8428
7980
2703
140
7120
4718
3320
7151
4205
3700
3206
6954
8790
6219
288
2053
9704
186
7974
5615
3534
9190
1617
8795
6771
5785
9871
5229
4469
8443
2600
993
7814
1128
1060
553
8327
7960
8181
6133
2489
8731
7521
4019
853
9790
4895
316
8422
560
8086
2973
5853
9906
8173
4526
4548
1612
5948
437
6160
6575
9017
2775
9725
72
4600
4707
7785
6955
4280
4853
1390
1143
9043
2205
2496
7610
7320
2781
7099
4491
6429
2531
4952
2471
3927
9952
571
5744
7890
8401
2175
606
758
798
1915
5274
3193
8144
9222
1863
2589
4725
5942
1339
6518
3401
7996
9152
3245
96
8589
3382
265
277
2319
9723
717
58
2393
5829
1019
2968
5610
3713
5175
9832
4048
9825
3189
1147
8563
358
1861
9820
3195
416
6022
4222
3344
7098
4561
9453
3629
6224
9796
2642
6061
1264
2693
4305
5074
1193
1166
9632
313
6440
6125
7862
3378
9872
5609
1931
5564
8250
4962
1020
6171
4327
6730
1740
465
4577
9999
8671
4267
9759
8964
6911
2515
2193
8097
6076
5076
8119
2702
4038
7037
6234
9359
165
3962
429
6376
3396
1881
7865
6285
6899
9465
5463
7547
3564
1912
6265
5305
4252
4968
1282
2994
8197
997
4875
4624
3925
2611
8333
8911
7449
1872
3262
8423
6702
1695
8004
9703
345
8496
1935
2082
703
5265
3849
9600
8447
7408
2513
3124
660
2892
1224
8551
9024
8692
4933
1089
276
3989
6050
9643
4513
1374
7256
1708
8445
1416
6130
567
3789
6412
2661
989
9237
5859
8715
2526
8803
3599
4517
4784
4964
4102
7395
9823
4974
4225
1732
2572
6550
2305
3470
4638
8276
7319
8429
2246
125
9272
2112
6802
2089
6669
46
7515
486
1064
3120
2490
6703
8792
7786
3474
9311
5130
3456
1480
1856
5215
5437
1209
5239
9499
8242
6656
8665
6809
5581
9495
710
6917
6116
5683
4478
5086
1446
4878
5012
896
1087
5106
5167
7886
4918
4223
1530
3853
6659
5696
5434
4931
4919
1917
2030
9581
6831
7598
5831
5123
5500
3375
5313
475
1703
2622
6740
8829
3670
8391
9201
5440
1005
6930
9735
819
7774
3638
1380
4504
3
6237
4164
8000
4156
595
2885
3569
8418
1197
8793
8195
959
3920
7367
4576
3138
1510
2301
4069
234
7213
4503
1878
8400
9277
7363
3874
8818
3970
477
6521
1716
420
9517
9240
64
3540
1667
3898
5337
3918
780
2443
8958
7140
1663
5211
9965
9020
6841
7845
1476
4338
1616
4209
8630
213
3096
4906
7517
9534
153
1730
2159
6717
4244
6868
1922
8317
3998
8482
5674
3822
1850
7022
1802
4004
2113
8275
6425
6744
92
4101
2037
4515
1690
9660
885
5535
7131
8994
5753
7532
6367
5295
7606
6096
1766
1097
3297
4630
1514
9164
7581
3659
1276
4482
1865
4046
8125
7924
5906
777
9626
7721
7518
5922
9079
1569
3835
407
6994
9454
1039
2505
1467
3295
5204
1899
3703
4890
7982
2016
2463
9707
1110
764
9185
322
1063
3904
7522
4429
4051
9637
1508
7327
7460
1544
6709
7167
9405
1335
4375
5879
9203
9747
6856
8132
9801
762
5067
9075
6490
7874
6801
9900
8464
5482
7751
9641
1007
6180
5379
4109
2921
9753
5572
6697
7456
347
6272
6044
2783
1073
2769
2517
797
7963
5722
1164
4415
8157
1669
4806
2682
3296
7190
9431
7481
3399
4249
484
5414
1191
9417
2437
1268
5526
9398
9279
1364
4644
4858
6733
1635
7303
7892
4881
5751
794
6432
8118
133
5712
6476
5411
2971
1822
7597
7975
3023
8449
1947
6097
309
6377
7228
5537
3832
6196
1401
8619
8067
2015
5302
6385
1227
8855
7457
1796
4706
90
1171
796
7527
1229
4043
5165
2538
219
8448
2556
7397
7747
6209
439
1804
2012
604
9387
7126
4266
9597
3397
2142
7859
9905
6858
7781
8801
7229
8689
1705
2956
4008
5400
9379
4086
1071
2535
8491
7989
9049
9518
8637
9001
4111
814
1273
4607
5784
4173
8217
490
9406
3994
9489
8902
8805
4973
4251
5680
1003
1936
163
4021
4372
476
3000
2813
4945
6606
7416
7629
1486
1994
5587
940
6156
4937
7589
1536
7540
3671
8030
8561
4079
5100
4065
1481
4022
2628
6451
7266
4270
9464
8621
2382
2931
5842
7279
2923
9794
9255
7163
4013
2792
4302
8760
4754
8002
7192
6928
719
4466
1189
9219
8218
7237
3228
6882
5628
1346
5961
2114
1051
6523
830
5087
1565
8220
8201
7383
8376
6680
9691
6838
2414
1413
5029
4285
239
4525
7427
7170
5136
3374
1131
5103
4326
3483
9783
935
7946
2254
5531
5719
3092
478
9290
2635
6071
3136
4813
5555
4133
1115
4942
2317
9207
8876
1558
3140
7798
1082
6126
9865
6757
6770
9983
2624
750
4182
3541
5133
3429
8140
8878
5064
8066
2141
1280
4865
5376
5506
1902
8071
745
494
8620
3255
2603
6229
2607
9971
2827
846
698
4729
4012
9916
4886
2807
7480
9818
7352
7341
900
7075
2679
54
541
3775
8143
4699
4347
1592
8068
4177
4596
8178
446
8007
4097
3755
8340
6394
7596
7678
2859
1148
1088
3062
3825
5756
2569
5740
4623
4507
3093
8174
36
4582
9579
6427
7700
5925
5602
57
3663
2350
7552
4839
7820
8661
4559
2594
9522
3411
8028
753
4062
6246
5419
702
2202
3666
3014
6240
4544
4165
4116
8291
2445
3660
8057
7618
8440
7250
5561
1172
9441
4264
7852
1799
1184
7958
2470
2990
9275
8626
6186
3690
6622
4941
9298
574
8309
985
7146
149
1417
8341
9908
6504
6182
5950
5077
4366
732
878
7415
6980
2777
7713
4819
2880
6047
788
8313
1408
5179
3795
2398
4017
9851
6351
9248
5585
8451
9879
8326
7915
336
8629
4206
285
4927
4076
9779
3535
4801
3088
9038
8416
3345
6128
3512
8168
3377
7248
2822
8515
1788
4367
7570
3584
3906
1588
6704
3597
3442
9216
2561
8431
8266
6458
1609
9367
5395
4145
938
162
5032
5251
4274
5668
1410
9284
667
266
3179
9661
8483
5289
1897
1204
2983
8120
4422
3290
559
7907
3598
682
7429
8530
585
1849
6745
2544
5328
5552
5196
491
7204
4313
6365
8080
4288
3444
3149
8527
8869
4943
6278
7621
8488
8528
9582
4655
6027
4922
4842
1096
5836
3457
9942
5042
9145
1263
8984
2568
8330
5818
7278
2226
8960
7424
5652
7356
7554
7829
7505
632
5989
4132
1571
5691
7488
9135
592
9922
9068
6594
1057
4202
4436
1475
8026
3115
2729
3903
1223
1236
1024
3618
5498
8396
6784
2180
8290
545
5490
157
3260
3828
3185
9027
1509
957
356
7863
4807
9748
657
8595
7428
3389
1894
1718
55
3028
2399
1168
2338
7117
4387
8723
2716
1368
4982
4856
1572
7772
5477
2346
631
6976
2675
9270
928
8362
8684
9863
3759
5592
5876
2035
8099
8600
2009
4555
1146
5843
5249
5907
4103
1221
2213
452
6963
8744
8035
8029
9569
5264
9744
1217
2854
849
3827
7655
4413
815
3837
3204
9281
8981
3734
6398
9605
9566
2098
5502
7400
3592
8737
440
6467
1000
7782
2754
8304
5924
3632
3723
7047
8917
2287
6356
83
584
6943
9116
1867
607
6242
5580
8499
107
5926
7848
8924
1537
3767
1428
3163
5731
6958
2073
7602
4996
6800
7792
6124
3928
1072
9466
9239
9214
3609
7175
160
6566
7096
8474
8343
5817
1673
1225
4159
1852
2732
327
5698
5018
232
5755
3080
8023
9838
179
2744
4851
6082
1464
8017
9051
6037
2014
6883
7486
9319
1570
3146
4920
4717
42
2403
5870
1243
8271
3784
1440
2164
8041
9964
9739
280
6790
5977
7357
3924
923
5660
4020
97
3084
9897
3523
2214
6013
8718
4512
590
8463
5162
7129
6461
4995
5684
6840
6975
9793
4516
8687
4714
2279
8121
8868
217
5262
7412
6876
3141
7816
790
5663
3563
9095
2272
7649
5098
581
3058
3517
4680
3242
4458
6151
1215
2061
7258
7778
9884
1409
6486
3951
8823
7871
7689
1297
5814
8919
6114
8722
9374
5981
9047
7986
1563
6145
8950
1353
2267
9840
9460
3880
505
5404
2381
2964
8490
1737
5697
9795
24
2762
8194
4468
9695
8889
2663
2057
5858
6993
2436
9527
7142
9634
8436
5132
8042
3580
9583
3050
9487
207
9662
3505
511
7803
6936
3216
433
9463
8599
1477
263
7448
6525
359
9684
2064
3349
2697
3830
662
3012
5355
6661
5232
4908
290
8282
7741
2832
2982
2586
6535
2645
2351
6873
6200
9912
5203
5263
7233
6231
9189
5143
7379
3739
519
6562
4963
3017
7770
9256
8782
2946
5889
9056
9474
1013
894
548
6711
5620
9236
2181
7956
8891
498
3357
6675
4204
6189
196
3194
2847
4410
5467
5867
4108
8146
4985
2165
2240
7487
1873
1874
645
6054
5743
2672
899
8764
419
5060
5921
174
7031
1743
1084
3176
1877
773
1162
1913
6895
3354
9414
8810
7362
7445
1991
8123
8957
3914
354
6861
2759
6290
2302
9209
8302
3883
1037
3478
1469
3098
5978
9086
4834
4866
6357
9264
1349
7957
5013
214
9457
4496
1661
5480
4663
5001
1883
1885
874
6522
4011
4616
5129
4532
236
9069
9022
8968
9733
5548
9383
6584
8859
6230
6331
9782
6018
3307
9636
809
7154
467
7394
856
7087
2397
6008
8460
1681
3676
3491
3041
1154
7334
4082
5233
1160
2066
5965
784
8975
4290
6737
3407
1035
2811
5052
827
1562
5670
7196
9498
6681
3531
4334
3763
4178
6131
9940
9318
4405
4018
9438
5992
857
9268
6282
2145
6788
779
7583
9326
9265
2766
7692
6275
8254
7725
51
7018
7109
3867
4362
2257
5353
3945
9048
238
7335
7855
757
5288
998
5174
1967
5594
5813
3953
1422
1322
2020
2738
7315
2740
9497
5627
7603
8927
9320
2770
4232
228
4310
9258
6262
9397
7264
988
5583
4196
370
5146
1672
4146
3623
1555
4804
5142
8298
2785
6069
2809
1050
9292
2388
4536
8736
2315
1300
365
2746
2069
3259
1059
4567
7542
2018
4142
2276
5601
166
2793
5497
3108
2268
2833
7784
4760
2097
9178
7836
8738
353
6853
3342
4683
5281
9715
3859
5250
1647
1607
2838
1210
6279
9780
6671
4319
7306
6786
3648
5161
293
9006
8259
4837
9711
2960
7045
6304
1108
8070
3001
7122
7160
2367
2292
9096
3025
3277
5408
3533
5318
2601
5297
9624
60
6313
1396
4192
9528
3529
5065
5760
