6807
988
427
6033
8441
8471
6684
9470
1631
5083
800
1646
7561
4571
1865
1736
7177
1154
3876
3312
4162
3157
4968
9567
3135
5818
9224
7255
3506
148
859
8734
6991
7360
9439
4236
2926
8708
2020
9376
2840
6962
6819
7488
6622
1609
1064
2440
3214
2610
8124
2547
5996
9783
8948
4457
470
609
5369
9102
7350
2583
384
1581
2072
4316
677
8647
6052
6232
5003
641
8949
856
2702
9501
8635
5684
9608
2500
7649
8727
6537
9036
9851
1423
5057
1036
5781
8496
3715
9649
3299
6616
2094
5000
2549
6488
2255
840
5348
5781
2218
2288
2710
242
5461
131
6491
2244
2855
9595
7415
2886
2933
3020
9426
374
7815
6034
3201
1197
1488
5054
1933
1299
3290
7810
2821
8164
4001
7385
710
9240
959
2499
3625
5406
786
1253
6807
2670
7221
3473
6916
3683
1408
7886
7938
6292
4566
1052
1423
8454
9596
3737
5183
6825
9939
5553
8663
5508
994
4380
7538
1485
7824
7955
3689
6778
6844
1391
2673
4816
6388
3117
3984
6450
4877
8427
1673
245
431
5379
1952
2915
7686
2194
1309
4912
8521
6915
9945
2470
4049
3661
9935
4375
7395
6807
9252
9540
2595
9478
6535
7966
9937
1311
3743
9891
4809
718
8735
8606
4309
8164
3104
3957
6355
6558
6437
7881
8368
8061
7799
4727
4638
6415
9333
3468
9703
4183
9661
5756
4805
4901
7504
2182
9345
9116
813
6021
6249
8103
5610
6746
9206
3758
9234
5184
8448
2691
1290
9844
4389
7665
8709
1470
7147
4478
6505
6974
2457
51
75
5953
1229
2343
5823
2497
4834
2009
992
7760
687
3790
5378
4269
5556
7904
8106
9410
2644
3851
4338
3363
4440
1449
5465
2472
7557
5538
6569
3498
7766
2455
6327
8546
7995
7105
5694
6045
1179
4210
2723
9799
9191
7278
2972
9051
2870
4770
2395
834
4296
9385
1627
681
9399
19
8126
6252
5032
3348
8530
8692
8962
230
5406
1660
8907
4587
8509
515
1267
2182
4405
7342
4260
8018
5976
323
4058
6896
844
5406
424
8753
6371
4562
108
8748
6903
5065
4711
1088
6641
7694
2655
8869
4588
1884
3553
8098
3877
852
9530
3851
1115
2435
4470
4086
4757
8693
2398
8830
7241
2777
1754
7220
6807
6689
4837
299
4163
579
3870
3462
891
4405
1725
2769
6818
444
5961
4812
3664
6053
5355
5965
9454
383
1333
9432
9808
260
8926
8509
3030
2448
3293
4679
1644
1796
4532
3247
2315
12
4319
8197
5985
3512
1547
9599
7264
2796
1587
4737
8386
9563
6749
2086
895
9674
8977
7633
3809
9755
6170
1101
6137
1404
5403
1782
7731
5616
3870
997
7500
9410
3974
5912
8793
6511
5508
5554
2515
6629
8123
6721
2845
5666
1109
3808
3665
1007
1922
9128
4352
4983
958
5051
5439
5843
4062
7184
3323
9708
7753
3725
2892
1558
6608
9454
8973
9480
9668
4763
3338
3816
4265
5173
7725
1621
8331
6245
5764
9371
9473
1411
7100
4521
4489
4914
5293
1508
8708
976
8251
5753
8733
3717
8227
7994
8681
4501
5132
5217
3968
2469
7751
9431
7432
3021
7140
501
3628
3250
6607
443
1828
3555
2606
1971
5535
7049
2225
4847
6568
1791
685
6761
2615
9265
9374
6973
5202
2557
1362
4445
2179
5451
6782
1654
4344
6977
6780
3438
2855
4431
3264
8397
5406
6948
6943
3138
2690
7808
4552
7284
8862
8987
491
5948
1322
995
7903
2658
9303
1924
8401
6860
5042
2074
4147
5583
6395
2047
8846
4390
6409
6541
8727
4929
4888
8813
6059
3427
6288
5929
5230
5457
6206
2139
6259
3621
5518
2869
5334
5321
8936
4807
6861
1034
8066
6466
103
6729
3182
5922
6029
369
5583
702
4416
6388
2594
7896
2786
6992
131
2940
8131
301
5032
8664
6812
4612
478
1495
8842
6823
3065
6707
2411
5254
8752
989
848
3307
6817
967
9523
9484
4617
3976
7137
8329
1236
3709
5434
8461
12
9821
7959
9749
845
9099
783
6067
929
1248
2646
2101
4262
4144
5576
7368
136
9010
1581
3627
1598
5381
8917
4149
1344
560
7252
4013
9065
2687
229
4680
2916
7913
3867
1220
4301
6713
7847
1642
7182
921
7003
9756
2594
9323
3592
4059
9522
8829
8829
8837
4096
8108
3597
4591
7099
673
2454
5481
2260
5295
2893
8292
4380
4973
7741
6048
1695
8785
8026
2257
6830
552
1932
7765
8134
1329
6316
1556
6435
5252
9658
570
9935
9417
6475
1464
1049
4716
598
9213
1427
5343
516
2687
6536
8525
6116
7968
8056
5591
500
547
4546
1680
4290
8583
4493
6265
8380
6534
101
6252
9515
2014
9850
9623
2844
988
4761
6210
4495
2536
9673
373
4252
8572
4828
8703
1838
2064
6062
200
9807
8100
9990
3753
8796
3457
2460
4174
5074
7646
351
7667
3805
8997
4829
5705
8830
8906
756
5993
6325
7304
5779
4919
7851
5483
7837
8989
1099
7160
2401
3610
6282
7207
5006
6386
3840
3800
3827
3822
2886
8705
4305
2254
313
2037
6022
7530
8628
856
8496
9017
6908
5476
9248
3521
4504
861
5484
8466
5783
6873
8075
1493
5314
748
9005
8350
1879
203
371
5310
8866
2642
455
1849
6717
6982
717
6631
7581
9732
932
3879
4093
7721
9448
8654
1701
2843
2792
8059
8814
1783
6067
1252
9422
7526
5720
3991
6617
398
1493
6150
3061
646
9120
3464
6555
6875
3623
8905
1065
2683
7062
8358
9068
9860
9677
2907
711
6595
5155
1150
4374
954
7535
2096
7369
7097
7403
2061
5420
6727
774
8430
417
7323
4029
5150
8586
6385
2323
4043
9586
8399
2408
2455
6349
4835
3846
6786
5742
10000
4291
9826
2750
7793
4124
6306
3439
2970
9453
2368
2519
2051
8719
4852
8285
1888
3495
7046
1131
7965
118
6411
6863
5552
9962
6800
8707
5118
5992
7295
3432
7614
5271
6000
2383
1869
4521
9725
2500
9836
42
7358
9315
9430
5875
1882
8630
9538
6251
4760
3251
8414
2767
146
7495
4388
2257
6088
2570
3548
427
5363
1873
7186
576
162
3307
3132
8902
8929
597
9621
6418
7896
1470
5420
7469
9491
7367
9551
550
86
723
3992
5710
9725
5850
3859
7572
6010
7610
806
96
1237
7409
415
509
2796
7130
966
8590
1896
6310
8905
2307
4334
6536
2643
7474
3290
3616
9032
8093
4517
9841
5186
9294
9108
1113
9384
2068
4979
2393
8798
1714
5420
8041
3867
2467
9609
8625
8334
8310
3359
8587
6449
3056
3441
1731
2113
5222
969
9932
9042
2382
3925
8861
1145
170
2911
3993
2003
8512
3489
4932
2094
5476
1381
2958
6281
7311
7606
3990
5610
7954
3009
7790
9983
1797
3080
1887
8701
8057
3697
4319
2465
3435
8186
8006
5256
8320
8688
3844
7897
3437
5963
7303
4374
4775
9937
9834
3758
3766
5261
2002
2721
4678
3802
4428
6275
4844
1510
7604
3880
7899
1275
167
518
7702
7837
3939
7003
6690
2252
9625
6649
8241
7380
3684
868
6897
5764
81
577
7580
2645
9394
8163
3445
6067
5139
7056
9279
6452
3964
2400
3555
6503
2056
6914
6514
3108
4012
3685
2198
4947
2447
7132
9154
5758
4312
4737
1260
2601
8507
5637
2449
165
5983
8478
6675
3115
9458
3674
3678
7818
8293
9415
3343
7063
2354
5007
4664
9365
8994
6382
5216
8948
7350
9246
7251
5763
6599
9181
6278
5441
6413
6266
5884
6862
7723
140
1203
9427
8230
3786
4621
7034
7789
7609
1948
7173
2578
4879
2116
9686
226
2963
4399
4122
7805
9353
1691
4529
70
304
9796
486
5890
5679
2447
647
8853
6440
2982
5240
4288
5033
6974
2907
2760
378
2560
3122
6402
689
6707
291
9051
4376
5595
6209
2702
7148
9557
2322
505
1610
403
60
8442
1739
2989
8131
9482
1203
6760
3279
4190
3254
5056
975
554
7542
1830
2099
6477
6619
8467
3459
3985
342
8684
6002
8932
7051
4152
3356
2473
649
6046
8901
3049
6039
4789
6624
5681
7455
5483
2199
9276
6323
3135
7870
8124
595
1196
4460
2279
3078
8302
4198
3107
9644
8434
7942
3242
4331
3668
3391
1038
2333
4539
5242
2602
6318
880
2377
8745
9044
6682
6190
6744
1860
270
2256
8103
5890
7635
6871
1820
6
6786
3870
7466
7201
749
2601
5655
929
4157
1104
6980
8407
3879
1374
3580
7843
5445
4519
8706
9063
7196
5029
1121
3385
1783
4575
9442
8938
4407
7520
7034
4223
6793
7159
7874
5031
7859
3391
4455
8709
3256
2669
4160
4146
6535
6530
5013
100
914
6496
3764
7996
5287
6020
5991
6288
2406
4049
8042
8248
7025
4761
6970
2734
3103
2963
4173
9818
391
1728
7223
3183
3935
2670
2233
38
1280
2917
1590
8257
658
166
2465
5707
5439
1764
210
805
1937
2087
1822
8162
4401
3293
644
690
7892
7867
8904
3015
5136
2885
2616
343
7294
9217
341
1237
5795
6095
8494
8439
7647
5808
6749
222
5009
194
7876
9847
5964
1536
7255
4074
8463
4356
1171
2454
925
6233
1149
7113
994
1311
5480
4783
2342
4086
7377
3063
5543
1737
4541
2250
6589
7314
2032
7235
6487
234
5356
638
5966
1835
5824
7550
6821
991
480
417
1550
9153
4311
7059
7582
5786
3010
2056
3642
6233
46
8015
2250
1278
683
5691
8298
4
6336
1297
7032
2723
3113
4146
3704
8850
1160
4137
9093
5671
5512
5883
6737
9480
2097
9854
2798
5665
2412
4562
6363
3287
4273
7957
366
1873
1769
866
630
8557
73
1462
8745
2469
7031
6697
1706
8013
1092
8349
4653
4863
2621
8793
4575
1638
9870
3733
4841
9334
9899
5839
7146
9948
7807
6959
6798
8008
119
2925
2560
3509
713
5425
1830
4490
6433
8030
9536
5200
4050
6865
1510
8893
5386
9362
2609
1419
9654
1057
8097
4054
5158
4326
8686
2151
961
3224
1225
5006
3459
100
9988
5091
892
9119
8566
3937
7716
4528
3418
4915
1884
1535
8482
7944
5023
6035
1215
7502
7568
2039
6763
2692
4270
292
1411
8046
6487
5130
3398
4463
2556
8440
3726
8467
1636
6825
8588
7965
6439
2555
9014
1483
4096
8472
8181
5135
8508
6860
7392
1141
5922
4889
7015
6477
6886
4808
8452
1227
1450
655
7694
7449
2330
2842
1914
7836
3661
6361
1587
8706
6988
1945
8395
5855
8549
1609
1562
6017
6199
248
3335
1047
27
1761
2581
6412
1427
2092
7865
5541
4180
6978
4472
9762
2762
4281
1514
1165
41
9856
5555
1867
3482
3876
4458
3344
1585
9782
5214
3587
1282
7900
9093
2095
1940
2132
1718
5822
3938
5091
4641
1050
925
9604
7593
8150
6417
5480
6728
6040
4175
4411
7178
4767
4799
8185
4449
393
577
4601
3698
9615
1517
1075
7845
2407
8678
9494
1976
5104
7734
4038
3265
4379
692
1937
529
9762
8820
4097
7269
7126
2390
5625
3864
4348
4821
5188
7850
702
5546
2015
3559
7424
7485
7507
54
7168
4962
2143
7450
2534
4221
2758
8860
5405
4848
2377
3181
944
8409
3166
4186
1498
6160
2306
4411
3153
236
2896
9912
9497
4232
1325
7375
2790
969
8920
754
2084
2035
4477
1301
628
2309
9046
9639
2220
8543
5928
5866
3172
9701
2002
7797
3012
6174
268
2334
1296
7727
1347
7778
8925
6839
5726
4572
6205
2122
7940
9735
4356
505
2375
9218
6337
565
386
2163
2807
24
6449
7671
9038
1983
9888
643
8614
5489
4062
1556
943
7674
1142
3493
5797
6685
4113
9848
2807
918
5726
5715
8700
5959
7326
2363
1325
7349
2700
4581
8495
5924
3857
5109
8529
9876
9332
8315
302
8680
2142
9940
8538
6851
8711
1934
6931
4245
8086
2255
82
9143
613
6476
6332
5280
6484
6746
8960
3183
7153
2148
7818
5150
5668
4356
7339
4335
8651
7525
9932
9289
7982
3922
8007
3686
3675
5140
7036
8784
7928
8366
556
4269
9785
1418
9538
7509
597
2160
732
4032
3349
5020
9719
5967
3750
7315
1129
7091
214
3320
3009
2442
601
1335
8842
6493
1219
4187
8824
3610
5276
8517
9085
2772
2968
3463
1104
3790
8677
7229
4431
7608
2196
1915
1013
9442
9173
5714
2653
1559
7812
33
7536
406
5211
1604
5943
2276
3136
5210
1562
5869
1363
5808
6339
9351
1971
4135
4188
3341
4402
2664
8933
7952
9162
9774
9384
5983
7470
2100
6680
3523
8225
7219
5484
4578
7454
6899
8759
9346
8434
1523
8297
4722
9105
4418
6411
7059
3332
8337
9418
9738
2780
6875
3650
9141
9433
9655
5274
8396
7749
3540
2990
794
1921
5335
8849
2487
92
9486
7445
7109
5099
1586
2171
7445
6695
622
3579
6312
2460
2907
7066
9412
9129
5821
8421
1273
4457
411
6003
3786
3416
8293
447
7582
5532
3685
3964
737
4942
5016
1247
4727
5530
4668
3843
6065
9297
132
37
3501
5495
5602
1138
3431
8702
8904
196
4074
7641
4472
6282
2443
2430
2785
5032
6677
9973
9035
8550
9833
9830
2010
1017
1838
6249
266
4295
3279
525
7828
3207
2656
5558
8981
2200
6696
1806
4332
8101
175
2509
75
4837
2400
5691
5437
4818
5609
8950
8516
4545
4751
5417
1065
2707
2630
9596
2537
4602
2088
8553
8021
3969
220
2874
5865
4313
9428
6837
3998
5873
448
8892
5264
5625
9024
246
4236
6019
1416
6543
5799
8537
1193
1789
8245
7093
7696
465
9733
2095
8809
2862
2950
2664
9176
781
8838
9654
9086
9574
76
6037
8101
4452
4110
3122
639
3811
3827
6428
2269
4370
5107
9324
6791
9614
779
8584
5431
1586
2254
7390
3903
9571
1434
5087
2866
3550
1074
2019
4178
1247
2187
179
7749
13
6203
6549
1624
5714
4539
7418
2457
526
729
4413
5471
4409
6382
7395
5595
7953
2447
861
13
9493
1886
7772
4371
57
8776
207
7400
5723
720
9336
4093
7745
5586
6559
477
9651
5538
6395
6818
5828
2158
5532
375
3028
4453
6800
2048
6617
6484
7465
9147
7602
7263
7408
632
7862
6822
1484
5031
6015
6652
7007
7400
1435
6948
1940
8036
6208
9775
9270
1317
5254
8620
3839
5851
6519
761
7445
5396
8788
9063
5938
8720
9196
3796
2237
3329
4979
7880
5410
9730
810
478
4991
8317
5254
420
842
3947
6823
7168
5810
9811
8731
3717
5188
193
5992
8002
3116
1339
8815
2280
7094
830
6630
1344
6784
9135
9714
8916
806
2035
1260
8837
4195
860
6875
7902
5122
4483
2083
2792
9602
6909
2529
2055
319
2304
5224
6255
6437
3370
1792
4870
1630
5677
3475
1600
3777
3295
4494
33
7370
4184
4148
3112
509
1561
8402
8756
563
5274
4305
3246
5393
3524
8015
8464
9032
754
2423
858
1793
5102
4562
5120
9073
3894
1731
647
7059
5718
13
7790
2681
1795
3577
5421
3231
148
8632
4394
893
1789
3106
6824
6316
1132
7057
1300
3494
4577
805
8963
4347
4492
8613
7664
2188
853
4014
4505
6343
7247
6159
4183
255
2001
1057
2213
1075
4645
7130
8857
9808
3519
5707
9254
6774
1277
9460
4185
1169
8658
3031
5842
2412
6791
1622
6504
3865
349
7730
8935
6433
4885
665
1537
5765
7992
2845
7525
4721
1873
6716
8371
2514
2784
8797
2670
5003
9477
19
407
3183
5182
8430
4512
1765
243
6862
2041
415
4033
7396
652
9937
4128
7886
3022
3172
1265
2463
719
8351
3942
1488
4797
148
2286
5186
4705
3628
3659
9192
5413
4080
179
6993
8605
6654
2001
3123
9387
1379
8116
6337
2896
6323
540
6820
7660
8156
5227
6463
5414
8309
6527
8762
6363
3057
8354
8344
1941
8185
6644
8404
8059
2439
1497
8363
4335
3296
8291
7311
827
5386
4694
8555
9475
2290
2548
5094
5551
4138
4271
4310
5624
6899
5186
8354
182
4976
5489
2410
2053
4644
8378
9934
8936
7231
6913
5861
6293
8193
8341
1215
2117
9111
3922
2891
3811
1256
6716
6722
2184
2486
606
6235
8484
2578
6240
5680
4211
3471
3673
9177
7373
6133
7248
6177
1167
6283
2024
2180
7752
1486
1373
4076
6804
1390
5025
9312
4033
2930
1152
7173
9374
3121
667
5105
5095
9511
5752
4914
1235
9010
5421
9612
650
3328
2898
6923
4638
8935
5252
6852
8781
3865
3643
667
9576
3468
3242
7226
1989
6032
1125
7402
5203
6257
2481
2922
5521
5615
7689
3040
5535
5690
6642
4589
2658
9111
8995
8737
1294
3403
2205
9019
9962
9891
5840
4988
7041
9259
2560
5642
133
7717
8839
795
9203
8247
9746
1136
4752
6769
2229
6186
853
516
1261
5462
6592
7021
4663
4494
1012
46
7634
3304
8310
6052
6443
7790
1052
6294
5920
4282
9894
4948
9320
5089
9616
4000
1507
7371
2756
8783
480
3875
2870
8036
2065
901
4059
1802
9094
1310
729
4085
7249
1698
7340
1002
1127
6653
5542
8456
666
7895
3677
9043
5510
604
9637
7401
8915
265
5532
6760
95
5531
6997
3937
8243
5614
8112
5638
9046
598
6441
5171
3650
1966
8613
1696
1286
6826
1498
8751
4509
6977
1737
7205
8009
9560
8580
2065
7441
2940
8071
6179
8199
2788
6179
5787
2603
8445
6019
2959
404
6905
9367
6141
8573
2172
9354
4475
9674
5126
3380
851
1552
6662
1176
746
2098
7555
870
9017
5014
102
5385
9629
103
2658
6231
5791
8371
1145
1489
8945
6375
7711
8867
9266
104
1048
9325
235
4343
9396
5571
4543
6333
3448
1129
626
8780
692
2082
701
9836
7303
4730
4024
5003
6172
5824
69
210
2484
6967
9477
9926
4470
8389
8074
3755
1232
9279
5087
1993
5616
3088
6515
5483
6238
8514
3181
9469
9988
3367
8155
6332
2565
5892
6823
5496
1087
6949
1407
4749
4939
8456
8128
2270
9278
4347
142
8715
6513
8932
889
805
5833
9013
3860
7530
3734
8404
5660
1668
170
103
6057
3804
2756
848
56
4162
4324
8673
9611
6425
8675
8482
474
2565
8896
24
8747
7413
7731
2038
8173
5741
735
2984
5636
8324
8234
7050
4594
5065
2669
653
2220
6158
2278
7729
8416
5827
9322
2231
9160
6958
6231
3408
6816
3220
2991
1064
3638
5339
8026
8499
5185
999
6943
484
8632
8155
1767
3949
1804
2297
4885
3222
120
6242
9234
5886
7877
4689
6811
5305
4256
7197
1965
2631
57
5098
9435
2551
614
933
6411
1414
54
9770
269
2965
2214
6924
6153
8477
1173
634
6223
6750
4962
6118
8844
2605
5756
4548
6735
8569
2772
2488
870
9811
7095
2638
2154
9935
2418
3576
3873
9198
5142
8360
6956
7759
8973
4363
6759
6061
1355
8024
8445
1505
3233
3407
6195
8911
2046
6312
9178
1466
5502
7448
2802
3453
9322
6405
8028
5270
937
829
4417
4033
9388
9051
3235
2486
3688
4466
9101
3626
971
5850
6012
3530
875
4629
6512
2787
5473
7443
8877
8697
1226
7007
5434
7581
9452
5016
3724
3470
5273
475
476
6591
1943
5096
207
7463
8694
8974
6688
5119
7087
4404
1302
1690
6714
6120
3887
6659
3697
3012
3978
5727
7439
6947
2788
7556
2901
7215
9150
4375
5234
2334
8781
251
5538
9841
7936
2441
9891
4250
9827
2831
5392
3249
5258
4362
3912
3504
4507
3887
2062
9031
5458
7160
275
6722
4409
8937
65
2115
8897
3430
6323
9552
1069
7358
3509
1564
4152
2033
548
7795
7991
7196
9962
2563
9507
2337
7158
8534
1407
3676
6210
701
4325
4783
7770
5340
7276
8499
7387
3796
7108
1816
4204
102
3237
749
5503
6546
2490
2986
6805
4276
7083
7984
6436
6022
3936
5717
9488
56
6304
4842
5305
8931
4744
317
2182
1668
429
1108
9473
7076
1395
6590
1646
9830
8706
7450
4565
3689
4700
4301
4667
2821
6597
3345
8687
8626
1600
4022
7773
4446
8522
6357
3213
2602
5813
8019
3140
7596
6063
8960
366
4059
7026
3127
421
23
5057
4726
4180
5583
9363
3523
188
6781
1661
5120
2786
3002
8628
3119
5973
1758
6772
5387
2818
2395
5580
533
7565
1753
288
1033
4237
8843
6501
4003
55
5259
2483
8675
2339
8665
8317
6387
4464
6635
8950
4087
6182
2361
7533
2779
6138
2068
3781
5161
1042
8575
1171
9770
4217
7199
6694
3986
4246
8041
6145
3106
4254
2567
6682
2507
9015
3992
1001
1269
3120
6772
2103
8288
327
9064
9574
1019
6363
3924
9449
2572
6006
8838
4204
3579
7036
390
4093
8640
2547
95
5908
8512
5792
2707
9562
5222
1647
2346
9392
7326
5614
1502
9327
9242
3643
1434
1855
3059
5672
839
9011
479
2114
7396
9396
6135
5615
1138
7605
5420
9919
4573
541
7954
9066
2901
568
9648
3885
505
6418
1097
6727
2494
4981
6113
7798
42
8091
848
7860
6099
9909
6626
5497
6887
7099
233
7861
4252
8944
5534
9841
9117
9818
9893
9568
5770
1612
2229
547
1666
2680
1581
5113
2542
3608
4436
3704
5370
9841
5261
5866
3575
1685
1576
5274
5509
1400
9358
4107
1298
9532
2728
6035
9410
7300
9082
8618
365
9913
7822
6576
3473
507
9155
7372
774
6975
2729
4947
9333
7938
9925
1777
8342
8008
2341
7680
8623
5484
1971
2363
7216
4052
100
3031
6472
9641
3646
9893
8461
3502
8339
2718
1500
9534
3851
1914
2058
1555
6887
6011
7871
4490
7688
15
8522
3755
376
3001
3755
7745
778
408
6343
4800
9997
3054
8027
5061
6775
2875
7833
2968
2388
783
1232
8244
4382
208
963
3927
1349
8545
9789
6130
7139
54
6128
1653
8055
2409
2645
2855
3658
4240
6712
3484
2991
4497
2332
6923
9699
150
6693
9265
2992
6798
8355
3176
7034
8876
9596
7934
1905
2931
5182
3434
361
8437
8797
7815
8798
1225
6909
3696
7443
3385
7304
8316
2115
6685
3665
9229
3506
5122
921
2306
8641
4012
2810
9546
6134
6559
4400
8328
340
6494
1726
4307
6122
8879
7299
5730
3310
4535
5764
3024
7295
6668
6648
6611
9543
1091
9201
5544
5067
4540
5920
8186
5251
8424
2185
9968
9578
4647
1100
6092
3309
879
2017
7735
4854
803
602
3147
1237
7501
8514
3019
108
8250
5503
3467
2895
8675
1705
4380
8066
7096
630
9537
4602
9202
5175
5
579
1126
1239
9785
7878
7260
461
9072
1693
1513
5342
2340
4171
5042
1528
3545
1917
5067
9636
448
2253
561
3656
6235
2355
5350
7395
1362
9572
9310
8703
5598
2975
9207
5106
4111
1136
8275
4584
1420
8802
5527
2992
5704
2438
838
8885
1235
7782
7865
492
2174
8780
3201
1986
5669
409
9880
9466
7957
719
9714
7731
2221
4438
6548
5226
4837
596
6162
3848
399
3831
9379
4828
3918
9127
7899
4704
9992
7613
4806
5448
4887
9618
4886
1470
5126
4627
2601
3500
4381
9034
2604
22
4671
3900
7578
1458
5762
6795
8346
633
1863
3217
8189
4807
624
2594
5640
6749
3949
164
4225
7476
3636
2349
7801
4425
6288
2393
7694
5872
4213
7509
1055
8919
932
7235
6776
5391
8440
7871
572
4702
6567
6268
5349
2735
5200
9153
8492
2846
5158
1737
4977
7887
8059
7108
766
9827
1935
1208
6932
9676
6890
2405
3618
2746
141
3116
8800
5017
9885
7634
3496
1482
7193
4071
7233
2457
1336
877
5849
5105
1543
8539
1430
8027
3537
8244
311
9834
933
8611
3826
8491
9105
8554
2063
4619
7701
3742
4705
6791
2354
7107
739
5785
24
9901
5362
9570
1338
4246
2330
7499
9107
154
4551
4107
7907
6144
3277
1916
4304
6120
5319
9413
6316
3214
3391
1831
7651
3465
9614
9299
6742
7728
1211
7887
2458
3120
5960
5467
6549
8988
9014
5618
1182
8045
9310
9025
2778
8729
8411
290
1178
1785
4381
3544
1802
5989
9696
3154
2789
9399
2365
3848
8464
4135
1608
12
7855
5299
7617
9089
1976
8040
7678
4148
9229
189
4162
4966
4581
285
7490
435
525
3587
2821
3754
1457
8936
9440
9291
4350
6581
7753
6096
8465
8039
5959
2647
4935
9163
7952
6343
3182
4252
3835
3827
6152
6000
7608
189
3890
580
7973
4597
6834
5178
4630
1631
9134
6791
4769
8948
8085
5176
3020
3682
5040
6766
7193
6402
1153
9074
5410
9861
6472
7409
7216
6397
648
7996
9298
310
6932
6902
7367
5361
1999
3654
6135
1431
4730
5766
2667
2782
7155
1550
8531
710
4411
452
3759
2785
78
3633
506
5040
9262
7977
416
6772
3215
6187
3192
8488
9872
3855
312
4080
7712
3080
6132
8651
2820
7704
5150
5253
9755
6665
7873
4968
5092
1055
7279
5679
5624
4005
3818
1041
4725
500
8087
7026
2576
6735
6809
3233
3032
9441
6982
8037
8728
8509
9136
7499
6363
8151
1634
5874
9736
2164
3688
4370
9110
1197
4284
3049
1138
6489
1635
5213
5918
6534
2753
1869
9565
4848
8900
6558
5475
6581
2004
2038
4845
1335
7178
3786
7619
4721
2737
8423
3581
90
1696
108
636
6888
1432
7854
1553
7555
2605
6652
9610
9012
2365
5176
7955
6727
5260
5437
9090
1826
9755
9957
1397
3723
6338
8832
8331
9253
9582
374
7468
7049
3958
7367
7664
1732
3776
2042
3057
8276
5610
7033
422
3159
3180
9362
6780
6781
6786
5917
3181
3186
2229
2825
2112
3201
2816
8942
8872
8079
524
6526
5421
5532
4657
2712
5544
1877
1982
5863
5933
3374
441
4655
6597
9951
2920
7845
1680
6090
8817
5233
3340
5207
8298
3538
5679
9865
4337
9745
6033
1019
2680
2816
3309
1375
5769
8614
4141
6360
3472
1960
6018
6165
3232
4237
4045
7763
8452
1989
1607
3485
8163
1787
2699
3757
3574
606
4572
2240
7833
3412
9771
7456
3081
7794
5095
9158
3616
8499
3959
3440
3107
7938
2034
5993
8333
7385
7622
4652
5978
2557
4015
945
3151
7430
1490
38
1288
6984
5954
4403
6794
3723
6366
3000
8641
5493
6216
148
7232
475
2789
481
1727
4725
5806
3899
2012
2460
1400
4882
7592
6439
2133
9803
2728
8607
8475
9764
8060
3715
4823
6693
4122
6102
2740
7884
7837
7267
4241
2172
8365
1677
8270
4938
7817
3944
6720
2015
9208
9383
5547
9466
930
1297
7638
6641
2352
4085
586
3990
9399
826
3932
5551
3
6185
274
4678
6613
8158
670
129
8155
8007
417
6153
4622
1957
7739
9486
1054
3682
9111
6440
1526
3053
5027
8873
6411
7881
801
6701
7762
2640
5705
3553
1436
9920
3982
4971
955
6288
8694
7722
7515
9119
831
656
138
3004
7668
7891
4005
5927
2075
9599
3527
5838
2944
6436
9171
6906
3479
3771
9528
827
1501
1939
4420
4340
48
1538
6313
5641
2073
3208
8391
3347
5775
7324
4079
9690
1055
5361
3859
4913
599
5649
944
4006
4889
4405
7289
362
2392
941
6161
5024
6585
675
7681
4023
7955
2131
9000
7017
5756
5806
4189
8684
924
6957
4921
7791
6999
2615
5287
2637
8272
6558
4887
4330
4320
614
965
937
6149
880
3693
9804
6368
7861
6552
6321
158
5654
2389
8571
4435
84
5208
8634
7291
2951
1300
5309
674
830
4196
8004
6561
3829
8451
3553
9058
5511
5306
7710
2397
9849
4455
5555
5103
8359
7157
8129
3266
3726
7085
4189
3409
4281
2184
1381
4239
1945
2023
9113
8269
2939
6928
1321
4929
1988
8190
2661
8621
4866
4607
1576
2791
4989
5997
3926
3287
8549
9280
4919
7481
8339
441
3723
4589
2756
1485
6675
5442
1967
719
1668
2249
4297
6547
1918
8418
2461
2915
7303
1882
3450
1909
9865
9625
6971
7816
8555
4348
4613
2448
351
3844
1790
1805
5716
2122
4379
5715
9622
4221
4564
6502
8598
2310
3443
1628
1561
4203
744
6286
695
6209
245
7845
7225
8773
2879
5435
5813
8151
2814
9420
7601
2101
6649
4868
6542
3232
2486
2876
6599
1467
9872
5306
5455
8983
2911
2740
6847
2559
4252
760
4379
4047
2743
8444
6973
9217
8830
7613
1387
6700
8637
8220
657
3945
2438
858
5460
822
4284
9747
8030
4587
8211
7326
5813
8748
7414
414
1412
264
3340
9782
7644
887
470
4419
6002
9253
5683
4321
3175
5528
7152
128
8786
2687
8789
915
8075
3884
309
975
1406
9966
6502
6290
9522
49
5449
9155
6723
312
1963
8748
7649
7922
9703
4723
3319
525
3718
3465
8134
5975
5581
6078
2404
8336
8113
4374
5025
2181
6449
7574
1986
2152
1230
662
2325
2317
8414
574
9773
9285
2777
2970
373
5897
8948
7466
1261
909
7599
9331
8223
9147
4910
1124
6824
5580
384
3500
829
3734
4795
5687
875
8948
2030
2759
7308
39
8617
4975
1737
2096
1861
978
4407
1661
7931
1805
4205
654
5388
2799
7208
3655
7468
5419
1494
1253
1716
5713
5094
6592
2639
9391
3208
1313
8880
7050
9610
9204
9224
5755
1714
5781
7662
2441
7474
8324
75
8861
2797
1793
6269
2654
8704
3535
1273
7666
7999
4361
8847
2164
3622
2095
5093
9488
7543
9772
2730
3750
7985
5592
8143
8282
8151
3152
1664
1698
815
8507
110
5528
2225
8303
899
2227
4417
8648
4632
694
8812
433
6622
4337
938
6070
7832
2911
4613
7866
7633
7414
8728
5095
8955
4193
5728
5645
2475
3646
8949
1132
8640
5050
5044
4743
3584
6724
5725
9267
2226
8805
3860
6855
6892
1234
7920
3660
9624
980
8764
2674
4257
8562
3339
6710
3031
8829
8058
7150
9498
6348
2128
8039
781
2268
9277
3816
1892
1270
4279
3544
1170
8021
6548
8075
2975
8518
3061
1258
6107
5963
5812
8017
2762
6717
3110
4548
6920
6440
8085
5613
1387
5645
1936
5673
6687
1848
654
6877
9423
1724
687
3934
7576
2777
7378
7499
5137
7649
3405
8542
1471
1471
1688
3782
7396
6269
7235
4346
4593
6937
7910
6067
1129
8466
6807
2660
1210
5036
1200
2210
5515
825
5380
5017
1907
9208
6075
2757
2540
174
3843
7028
2787
9077
7991
2756
5873
1882
5220
4106
4146
7136
8736
9275
9732
3189
8850
1254
6659
306
3205
1771
6265
8218
5044
3187
2884
8270
5802
9998
3722
915
2669
5694
1372
1459
3840
5636
7992
4736
4438
4414
8870
6948
3339
9329
3855
1673
8179
337
9896
2569
6247
8275
551
1451
5140
5626
7150
6054
62
1710
6846
7095
540
1351
2570
6281
6420
6858
7623
4758
4104
7470
8809
9537
6766
6987
4454
1527
8146
2441
842
90
8888
5691
2146
2721
454
8107
2272
2924
7279
5147
5304
5146
5991
4969
857
3628
9916
7801
4236
4024
6865
3839
3823
6143
5786
7314
1342
8565
4571
1881
3938
448
2550
4944
9508
444
4831
596
7182
8080
2543
6614
6621
1238
8706
2199
4361
7066
8354
609
2690
6332
8404
7165
999
5111
7478
3070
4387
3500
8685
2779
3057
7177
2149
7888
2393
732
4676
7649
3062
7457
5789
9517
3304
3069
8945
8599
9012
513
5421
5741
6623
6964
7870
8538
6050
3595
274
6187
1633
9365
3980
6452
218
4240
1857
1772
3987
2395
1508
8723
1758
1163
7083
7100
4991
6216
5002
8736
3379
3223
5020
6485
6982
4350
5186
3308
918
4578
5833
6875
262
7489
623
5861
7867
2957
8459
7840
5950
3033
2314
1067
7464
9857
7641
2797
3004
8830
7132
9816
9589
2566
1268
3194
2733
945
3229
506
4051
1333
5935
6653
1124
1933
7530
7304
8950
3360
5504
1534
5069
4552
346
4810
2472
9653
1139
9354
8764
8532
7892
2168
9615
1560
682
9168
5477
2998
6899
5573
3704
8387
1255
7353
6396
4237
9822
6333
6685
8783
6973
2005
9002
7067
6249
3150
4420
9030
5502
6304
5570
7176
4578
7818
727
3922
6306
1051
6096
9400
3281
6555
6639
8791
4546
7462
8391
6963
5172
4927
6012
9820
4358
5237
199
9350
4401
4625
7737
5773
1763
1812
3873
3352
4953
3332
237
2502
7525
9069
2298
5710
3022
4812
1885
8549
7725
4428
9136
2578
5262
2008
9049
9169
6604
1380
7348
5897
56
2551
6929
2537
846
1912
9658
5356
1866
2347
3592
786
1354
6978
4409
2435
6384
2288
3057
5822
9553
2657
2754
2936
2581
4235
7840
7078
2289
5665
958
3071
7986
2079
5880
142
5807
1973
1253
8154
4946
2731
1560
1947
1614
7388
444
2050
9112
2547
9850
5243
7455
9611
5139
1523
8701
6125
4121
5717
2662
2081
1895
5016
5683
2108
4131
2831
662
5782
9617
1945
7876
5494
8524
7165
9303
8758
2803
9303
9723
6797
2141
1790
8030
9232
5931
5273
7557
1767
5813
8883
350
9941
5183
4572
1201
1756
9965
9500
9702
1837
4960
4576
2091
4869
5252
7428
561
2480
9767
2108
6445
1324
4901
7558
1208
6627
5918
4320
6703
9974
8295
90
8655
6731
6890
8829
4236
6456
3450
6630
3360
5047
1687
4760
3352
4509
549
2436
9752
1339
2191
2722
4029
2825
2136
7647
2836
7531
3965
9317
4602
2262
7399
2368
2816
7603
1896
809
1351
8103
7361
8568
8367
3952
2270
3021
9813
8737
321
6595
5544
6621
9924
7350
6221
7221
1282
3905
987
9648
3841
4382
6954
821
2738
472
5068
9018
8725
2507
2438
4167
2494
7982
2714
9621
7924
907
3214
7713
4693
7563
1128
9531
9982
2485
1133
6435
2637
6314
7003
5386
5080
2606
2594
1943
8023
6990
6331
2654
5192
8118
8393
68
5995
7788
9487
8426
4228
5648
4171
1730
3286
9563
6988
724
7545
4216
5246
2816
655
1853
9811
9838
5533
2587
4
6041
9106
2505
1693
8556
3950
7693
1328
6866
1823
1580
2279
7429
7736
2922
8802
5170
3613
4433
4597
7160
7330
9086
5881
8748
4086
9231
1933
3567
8122
1238
1338
3965
6611
7120
2349
6097
4206
1490
670
9133
1673
7600
6542
5443
1346
7479
4916
6744
164
6462
4538
7611
7554
2112
592
3117
9510
5454
3838
9320
5290
3375
4448
3971
5463
5606
4338
6370
6989
6537
5509
1743
938
774
5950
6786
7907
4425
7982
8900
1963
2428
7864
9706
101
3754
783
3884
871
1610
7367
7441
626
1518
4255
935
3628
2986
40
2330
3694
7149
7918
2032
9895
1080
9804
5055
4942
4442
322
7623
7821
7822
2684
2878
9746
81
6529
19
8364
3931
3806
3028
9470
6758
3858
7132
6052
8182
4290
6345
1072
9743
160
9350
4639
5551
7022
2883
2973
2864
9708
3974
3049
7297
7935
4304
6081
4402
1966
4064
278
9811
4752
111
9527
2896
3816
1038
557
3519
1797
4780
3965
4809
9748
3192
3837
2132
3411
8528
9619
4070
4719
9403
4666
6414
4326
8552
6944
6304
1846
5630
3046
8559
6525
6406
9855
3613
7834
3757
2387
5107
2461
7891
9061
9452
6306
3875
1935
1907
3563
5361
4234
3046
2106
199
4276
2231
6950
5124
514
3965
765
28
7954
737
2770
9712
5024
9682
4914
1538
9354
5401
2534
8754
9787
7368
6177
2497
5902
2244
6099
8183
638
9699
8694
9293
6828
179
1250
1866
5803
4489
6570
8967
1461
6097
4750
5887
2174
3699
1510
7848
1288
3689
6845
3097
2695
5267
7245
2983
2782
8328
9869
4463
3171
2588
1080
6963
1622
2747
5614
5631
8057
6805
3388
4789
2625
6927
3539
6666
3685
4638
4876
4140
8530
4653
5831
1420
2933
7621
3886
1586
3338
7867
6260
6422
6281
1168
8890
3428
1899
2698
9626
4006
2821
986
5085
1726
6674
7445
5438
9302
7095
4112
220
5123
3053
7952
3840
1004
9080
1488
3275
6782
3344
7935
7293
4074
6453
956
6274
5020
2274
9491
1569
3884
6265
1229
1993
592
6737
9995
4161
9456
6777
4558
4992
1530
6780
2040
3873
5745
3408
4735
9618
3487
6916
5570
3645
3186
1481
4672
375
7532
4639
3710
6307
9985
5346
3272
208
5472
7861
5180
6403
5196
6865
4731
3804
8128
9396
219
5042
6543
4886
5691
5585
8293
7941
2529
8822
9010
4981
4579
2686
913
4684
10
4191
2066
9294
9396
506
3826
3547
7185
2395
2256
4728
1142
4719
2821
3936
2433
5539
2588
385
5077
580
2408
5779
366
3124
4223
8446
5883
3379
3069
8122
1475
9978
2704
1527
4941
1118
7094
9023
904
9534
2729
8524
4332
2556
4977
8122
9225
471
1154
3614
4298
7968
2978
7369
9175
4937
8119
413
8747
15
8183
1419
5921
207
5412
9796
4249
27
6761
4664
321
9786
7688
3341
4596
7985
2284
9629
6668
7479
6212
5975
1509
1575
2968
4847
8374
6519
1619
644
637
4057
751
2187
7982
454
2924
2963
5821
4770
9587
5360
5927
4800
9749
8744
3965
1226
6458
226
9198
3388
3235
8470
4588
1152
9478
8788
9184
4749
5327
6752
3931
6194
693
9049
2166
8589
624
3233
6060
4037
430
3091
2695
4294
9438
5091
7480
301
5922
8013
2916
8890
8639
3245
3760
7720
581
8007
209
6058
7329
8596
3656
5184
7163
3693
7464
1678
7680
2413
5645
3142
2245
8564
6353
4571
3316
9266
6974
3136
2121
9945
6693
2916
7046
3192
4993
9884
5706
6505
200
8674
8456
5092
7865
989
6579
3856
2176
9438
1616
1634
709
4896
3581
4219
5734
2903
9953
5965
1605
1649
3228
6406
9755
8493
300
478
954
8607
1183
4872
1945
5072
6362
3381
4455
8690
9335
6244
9843
3616
7596
893
363
5764
351
9642
3233
3573
8799
6646
872
2078
7462
9753
2703
9776
9211
5161
9223
2500
6861
895
7097
7915
3333
9830
7995
9653
2158
7932
4008
3100
8456
3241
2976
9544
1234
4242
1121
4414
9224
8906
659
1575
5615
6496
2796
6532
7104
9813
910
2714
8205
3336
3060
8177
6539
1306
1796
2873
7767
1069
607
6632
2839
2506
5270
5313
2854
7600
6199
754
6673
9277
7885
8766
377
8478
8309
8459
6292
3203
9396
1559
3577
7265
27
9000
3248
9426
8512
5060
3573
5508
5484
1898
5714
3341
9146
6408
4961
2599
1561
2119
8356
7027
4706
4249
121
2419
8355
6427
8383
6440
7699
3172
1370
7626
4008
4735
7898
8875
9314
8470
3573
6826
4926
1712
6910
5903
5443
3
2939
566
962
1164
2639
9055
7857
4731
7407
8913
3892
8525
2154
529
4127
8495
5840
2010
7588
7658
4696
5869
3341
9325
8
7281
1929
4974
600
7357
9771
4515
6879
2481
2407
3970
9623
2342
8349
148
9927
293
1277
357
6397
7536
5992
4110
9369
3776
9139
5157
6869
4894
1818
6928
5413
3040
1799
4449
1622
4820
4509
7137
645
3436
1107
557
6731
6959
8449
8377
3224
917
9706
7869
2272
3059
222
9651
2001
2803
9411
1844
2109
9268
545
5645
9382
8150
5121
7653
9455
1431
2496
2965
1175
1026
6566
8603
4037
9916
4393
9984
2872
2985
3671
2025
2807
8852
1035
3486
6803
8887
8812
3686
964
5110
930
1800
6404
1372
580
8650
6542
918
8770
5984
7033
1877
7966
8958
5999
269
7277
9123
2607
7087
9154
4843
7558
227
4091
2609
8350
9036
8309
536
1468
1667
1005
4596
6754
5925
4015
5245
9436
9555
3346
8334
1215
8439
3741
6203
9613
7826
6615
9494
3812
843
7964
2800
8942
1869
1705
9170
1059
5154
4654
3718
4988
8250
2590
3739
5238
9557
386
213
201
9298
8810
7765
9351
7278
8602
6416
3902
3175
117
1776
5865
4981
2479
2199
7929
5471
682
9668
1203
9815
8211
7043
9117
6735
4751
9342
3748
9986
3105
9321
6374
3485
5120
7795
4646
1005
7775
2674
1834
402
6793
8599
2440
5720
733
7439
4333
4692
21
4936
7868
6705
1758
5411
6077
2260
9084
718
2870
3545
8423
2054
2813
9999
9931
2070
1454
2983
2505
8877
9809
824
2009
2838
6911
6473
9050
4218
6970
8175
3268
3143
6766
1681
521
3288
744
2029
6346
9377
94
3084
532
4502
1453
8831
4731
1295
9078
2354
9267
5841
5130
5460
3434
4811
8720
8403
5540
2265
7593
3004
9997
1930
919
455
5213
1030
4629
3294
1496
3583
2731
9967
8229
5339
2941
5727
3211
3458
4717
864
997
1680
5914
1531
4170
128
5760
9544
2414
1461
1230
569
3310
355
3934
2317
1372
8306
1492
6602
7582
57
4168
5267
7436
1767
9903
5791
1366
5267
1250
2279
783
5189
8422
2139
4914
8864
6948
7882
9607
2533
6600
8634
5800
2626
9601
1094
9937
4345
1423
9523
3002
3702
6509
6370
6501
845
6885
879
934
1684
4444
1629
135
641
667
969
2373
1976
1638
256
9749
2382
8231
8302
2837
8388
9829
3819
1903
878
3044
2197
5384
2554
1179
3896
3442
2281
6799
5587
1602
3276
3249
9740
1364
5732
1857
44
2808
5206
5360
5814
3867
9747
6295
6453
9965
7645
3649
3646
9564
2085
1151
9467
765
9691
9701
40
1275
3320
6022
7925
2949
8120
8864
5824
3033
2054
2758
3924
3291
5221
202
690
9842
7060
3815
9714
5926
5691
5070
520
5589
4906
6083
456
1860
4952
1188
7589
6860
9718
4052
9552
2638
8977
8555
7680
6874
2191
2359
3357
7944
9952
6959
7283
6660
2560
1962
3458
2472
2543
8756
9069
6684
2099
7498
3216
6170
516
2161
5831
5557
6218
2387
254
7398
3844
7151
1503
6736
485
3076
2605
6058
4466
5225
2183
7783
7286
9927
4867
4227
8607
7562
9084
3915
3219
6398
6843
7735
4455
5495
8432
6436
3999
8667
2198
1395
86
3369
6876
6485
9463
4521
6237
2269
7264
259
8166
4556
3168
8034
365
3382
4172
5190
6585
5369
649
8094
2601
3010
4149
8026
6706
40
7418
5347
2083
5859
6925
5981
4090
5237
2101
5702
3023
7650
5260
6559
7681
3600
6483
7485
7792
8061
6150
9147
1419
8288
5025
7346
1601
3180
5473
5248
5745
2963
512
1106
7455
3854
8425
5205
7354
9944
2120
4799
5789
2049
1141
4347
8094
9831
4064
9194
8454
2762
3854
69
7413
6895
5222
5955
7979
9871
2464
2580
2424
1780
3057
9121
3775
8338
7465
6496
6742
3511
6041
7870
6942
6114
4311
2573
7133
8030
7828
4448
7118
792
7905
2806
5302
8810
1717
1985
7490
8713
7225
2700
1659
3835
1139
1644
9590
5204
252
3618
2714
8230
9027
2746
6153
6441
3000
8912
1547
4517
7495
3937
1957
4416
6797
7442
4948
433
7588
7708
9956
3890
2150
159
8603
9652
2998
8788
7769
1433
6313
8936
234
8423
566
6886
3948
4803
2254
2668
9323
4334
3320
4263
868
4820
8600
1036
7967
6781
7769
5969
7239
5778
7305
8711
2981
4941
2640
5033
6240
9641
5614
7687
2986
8199
8677
6365
4413
4993
2144
4150
3840
4878
4571
6572
695
6775
5388
5275
3136
784
4009
3686
2780
9220
6004
683
2133
7210
1857
2415
2331
6072
2576
9523
7149
4912
5425
8648
3426
1684
4546
7859
7952
3769
2696
3644
1639
5436
9622
9169
8335
2007
3142
9505
6078
1788
7382
6125
9434
5506
1735
8689
6449
5053
7042
3163
3778
3809
3
4230
72
7631
4517
3782
7112
9749
2703
5513
2399
7558
9568
7565
477
6442
7612
8514
6325
1242
5013
9670
2677
8746
8304
4265
6836
2767
7111
6636
4270
4182
1124
5231
5681
5939
3387
5763
3615
4483
7209
5499
6368
6629
5926
3442
3825
3373
11
88
979
9194
6580
9413
3471
9059
633
5320
3359
72
4465
3352
7778
1209
5226
4509
6251
6246
6075
9888
5691
1150
1637
9403
4059
5328
2429
7725
9106
3527
7509
7386
6021
7390
2213
1557
2117
5158
7924
6880
3637
6168
3711
1642
2617
8055
5193
9736
7899
9089
7579
9116
3858
2349
2602
1790
2758
270
8401
8312
4381
8203
7605
7467
433
2576
3253
3206
3354
8161
6250
3341
3860
1461
5647
9042
1370
3773
293
2620
2590
8567
9213
2481
9142
5304
1556
8999
4004
1536
4520
8575
4592
8509
3475
7539
3885
1404
9785
6152
8404
4425
3447
6850
2684
8608
5080
2162
5082
9234
6612
1285
6253
9414
7401
1142
9764
1585
7324
4372
3747
3227
9830
1239
2730
4367
4116
6493
3825
8211
3736
1062
7797
8253
3528
9841
6495
6493
4405
198
1671
717
2992
6527
9967
2793
612
7193
5126
5270
3726
8528
4354
8567
6200
8633
1557
6859
7814
781
7142
7533
3534
4909
6965
5628
6145
1792
4251
871
3288
5708
442
9877
6386
4518
1717
5846
6267
6263
5660
4421
218
1804
5281
9839
1674
1103
1220
8634
8320
6697
2786
6341
569
1507
5950
9365
6245
8696
8788
9194
2025
3242
6915
8025
7376
3856
2129
7044
5331
3449
3115
6044
9948
8006
7955
9225
1308
7983
6666
8345
2503
1729
8803
6729
2617
7054
5664
6398
7706
3214
5602
3451
3038
2501
2238
3194
5625
4654
6164
3551
9468
4325
6623
158
7344
6358
5753
9805
3011
4232
6985
3403
3119
575
9473
1956
7181
1843
5875
9899
2319
1499
3833
6690
8222
507
1760
7286
3465
7569
4600
1172
9967
3095
976
6655
7394
6701
8407
5544
2962
4594
8873
6063
7697
4396
6223
5461
7046
9691
7627
2019
2670
984
287
3137
6508
4176
9258
8209
667
5325
4260
180
4326
8945
8860
8665
1960
8617
6206
7203
7856
4749
6178
3869
400
7296
9382
2616
349
5949
4273
7689
8934
8644
984
3686
1545
9691
5503
4239
777
3830
3108
931
6097
5537
4335
1052
4591
7412
861
3666
9578
7148
9151
2872
5067
5272
9423
6771
4882
3006
4684
8950
9856
1165
5642
7638
8931
2063
4893
2992
1379
5168
7746
4640
6133
7535
6571
8109
7407
3155
3982
6712
9888
3564
2182
1615
3553
3279
253
9786
6175
4284
865
4816
833
7629
1614
1047
713
4819
4630
6222
4919
420
8510
124
7211
7776
2425
2103
2601
9401
1207
7072
7179
26
2544
1649
2203
1939
8825
5165
216
5344
3750
7002
3931
4277
1114
9358
5528
6191
2719
9648
5959
4198
2911
6377
5117
1507
9982
9036
7520
4763
8623
805
2714
249
14
2423
7244
6059
7810
6154
3696
4835
7612
8394
9356
6950
1229
9255
4104
8667
6654
9564
4522
6065
1990
2179
8306
2205
7263
5600
9203
8857
9678
5814
2179
2378
8715
399
811
9263
373
970
3676
1415
5186
3916
3168
155
239
7830
2811
4415
7380
737
6157
1247
8363
8441
258
314
8000
3617
2253
7670
1849
154
7565
9091
6424
518
2421
804
7223
397
2953
8645
1594
7593
6474
6747
5085
614
6907
7467
2894
5204
2999
2900
3146
2559
9913
5100
3651
9576
3643
8936
4470
5277
9242
9264
6366
10
4584
425
1155
6449
3381
5596
354
9853
885
4237
8697
5981
6793
7324
3897
1363
1683
7523
2818
2983
394
7618
1555
9565
4064
4117
8388
3690
3943
7257
165
2463
4283
9510
9504
8544
5462
1188
5794
9075
6692
1706
8484
8697
7426
7431
594
6578
3822
7421
9443
4121
6559
6924
6940
1444
9833
7614
7815
7169
6953
8873
9383
3682
225
4151
5994
7544
7173
1067
1286
8112
786
7566
9469
881
5811
8142
772
7111
4158
5249
9879
2924
4822
5884
290
1897
5409
8822
2706
6311
7999
5414
9882
6938
990
1355
2412
8577
9504
5528
4725
9814
9767
4784
3166
4095
2391
6202
1245
5635
8934
5828
8107
4388
6267
402
6204
3796
939
3434
3219
5221
776
3880
4379
4031
4675
3962
2082
3879
8237
3467
6863
2618
3700
3369
791
7529
3146
7358
7199
9376
2767
4691
6071
3192
4278
9882
5689
7465
6355
4189
6018
1595
1101
4355
640
2187
3806
7007
6127
7005
6014
3118
5555
497
4614
8604
6372
5867
7949
9189
2885
5590
7772
5285
2680
592
7140
2985
6066
857
9081
6912
7640
6919
3657
8185
846
6098
7586
5343
1976
4376
3531
9474
3765
1927
1596
7813
1078
1230
2990
8415
1453
5210
9960
7641
1582
6980
1205
5541
8545
6028
5017
2206
8761
7993
2407
9190
9143
627
852
2388
5964
3665
8
3864
7120
6953
6155
3735
3702
7925
7816
5769
7729
1889
4895
5463
7385
5325
1205
6156
2364
5189
6407
7167
9926
9303
4775
2053
9934
5307
5
967
4840
9908
3221
4339
4669
1338
7752
7403
6805
7121
9348
8535
2846
7928
6884
5005
4303
6420
2391
8812
8564
6278
6967
1632
6262
9343
3009
1510
8233
1851
2513
3563
7971
9098
7166
8952
8890
271
9022
7678
5755
9618
976
6873
763
8523
7675
1928
4270
4296
6415
252
8561
6687
8168
802
1355
5373
2219
2731
3542
2394
6379
3557
9941
3330
97
4459
2743
3609
3656
6827
3014
2430
5281
6561
2588
2987
4635
2243
5826
5667
5426
2629
8660
3342
2402
553
2685
9318
1191
9680
4867
9005
5921
4003
2224
7806
5918
2058
3354
9981
7817
5580
8344
5786
4679
6264
5769
6225
3228
8168
3135
5694
3759
3465
9060
8217
3417
6064
9769
2535
9506
9899
6189
4616
2193
4456
7992
7371
9848
1886
9248
4034
537
4738
9178
4796
5201
5730
6015
6186
4110
5638
6087
9260
9205
7891
6535
4750
3220
2629
6518
4619
7014
573
6085
1324
5238
4474
5303
3554
8791
5568
1876
356
4451
1351
6822
5119
2085
7112
7354
6305
8761
1145
1470
186
9940
8880
2913
2584
5754
4677
5198
256
8876
1548
3128
9456
4217
1574
7318
9745
5185
4799
5143
9805
7067
4846
8428
7272
6853
4933
2869
8063
7737
1135
6635
8272
1771
6399
1707
151
3453
6376
7551
884
7344
7816
7430
8417
202
8422
690
4754
1883
2128
5503
7652
6147
1146
9760
6584
1295
1182
9919
3464
3515
6025
7998
2905
3621
3981
6279
4475
2930
7633
6568
6851
6815
4454
7076
9829
3506
9825
2601
4191
3284
9558
7914
1415
3155
3054
5528
1804
8819
5528
6426
358
3657
6355
3838
3114
3442
9338
1293
5800
813
8423
2874
4459
910
8684
4089
6473
2753
4787
6915
5047
1809
2912
3839
1074
4477
1687
3918
894
1689
5040
1871
7489
5361
7945
2417
8316
6525
8427
5283
8143
2829
9684
9292
2074
2052
3094
4690
9599
6542
8896
3176
8100
3502
1104
3530
2995
7035
4758
8490
8959
3809
2779
4267
9354
9774
7855
9995
88
8758
400
8161
5208
9129
7048
6574
7483
567
9911
816
6393
9936
5623
463
4975
6505
9690
4598
7111
8385
2407
3247
5669
6560
8890
8738
9641
3413
6981
922
1912
390
5907
5374
874
50
8629
2574
243
6125
1168
2784
9499
7660
583
1760
5763
1761
8920
15
5232
3546
2837
202
116
7048
6409
7307
9919
9228
2781
5718
4097
3146
2856
8558
4715
9953
1462
3598
8409
8112
2561
2157
7635
4076
2579
9588
5877
7024
7412
8686
8719
9921
7620
9170
3697
6093
6220
2262
734
5825
9328
9644
5780
7381
4543
925
619
455
461
2091
1079
3106
2729
9858
8175
1938
3528
2621
8215
7254
5630
6029
2592
3367
1417
9819
2917
6668
5144
8948
9588
3094
3213
3060
5876
9835
1605
2253
6418
9080
8705
8744
5556
1972
3845
423
4544
293
3408
3855
8274
4921
236
2916
5894
3614
8741
8822
7790
5495
9669
102
8143
6201
4998
3791
8160
1327
3606
1170
3706
1529
7321
7164
6053
6688
5372
6553
3666
7551
6861
9226
6111
6201
5943
4339
3236
9197
6817
531
161
3969
8031
9993
1290
69
4699
5600
3743
4019
8669
8269
6481
1899
175
6316
3695
8222
5155
7217
2603
504
2393
4349
9179
5780
5136
5712
8460
5772
5603
7172
9116
1098
1870
5208
4707
3143
5188
5147
5368
6292
1767
8956
1469
4480
3239
4123
3837
1385
3083
5189
9690
5904
6213
4585
8168
1631
8054
2053
5430
3653
6776
431
4350
159
7401
4486
4939
5919
8251
405
2374
3188
2462
3744
955
2047
1134
252
3431
9709
6173
3933
6020
7368
8438
7032
6893
9657
2336
4043
1226
6998
49
439
5715
5713
341
4306
8859
7885
2016
5976
1127
3306
1304
4662
1730
2650
2759
626
3501
898
6164
5531
6639
2432
3966
9750
7438
172
7022
6706
569
9997
1190
1453
1332
5438
154
5009
5384
1192
9561
6016
2385
5086
1649
5174
2301
8423
9708
6132
2128
5849
7947
3098
1592
5013
2896
6335
8273
727
7245
5279
1528
3629
640
6314
5191
5842
5915
1915
3164
435
803
5183
8157
6530
120
2526
263
905
5833
6980
617
7671
2539
5064
1386
2745
7187
926
5890
5155
2651
4433
8983
4655
5381
1295
8808
6176
1326
1149
2265
7790
4970
2896
4435
2018
8909
6803
6712
7609
1379
8001
3049
8780
5820
8824
1213
4162
9270
3050
3064
3734
728
6369
6551
3775
3118
6682
6018
788
6236
9249
73
8097
4785
310
7036
6982
8357
6094
2451
391
8100
1195
7041
5192
6734
4385
3427
7773
5191
6312
2898
3847
4521
9705
2872
2318
9636
7408
8016
5881
3424
6226
6052
3921
2650
7643
6281
1955
3611
1905
352
3070
8516
2816
8740
1810
1822
7559
6306
8971
5165
5758
1443
3115
46
1801
740
4850
9155
8338
7032
9243
5763
9050
1091
4910
613
2259
605
9582
5802
3961
681
8578
363
8993
4073
4886
4420
717
6332
3888
2252
1885
881
9508
1208
2481
9784
8263
3797
1328
3374
7227
8370
693
765
545
7285
5958
2140
2622
1268
5545
1229
6099
3721
144
3033
9829
9654
4050
2906
4896
3524
5774
4472
2778
5096
531
787
7979
1217
4131
72
7061
5424
1958
5973
8134
6715
3789
4944
7304
8205
8460
5254
9860
9041
5850
5145
1747
6591
3080
7379
105
4774
11
883
1079
1621
7119
7706
1471
6604
3311
9568
1179
600
9570
547
6525
5709
4794
2173
9979
5391
4649
4803
6850
8754
5622
7175
8940
1828
6950
3712
4171
7790
7511
716
3489
1505
344
4539
4740
5666
5121
464
743
3775
4902
7830
5475
6171
3388
3541
1386
7269
5234
7037
4246
4111
4448
1656
1880
4709
3378
2737
672
1365
8117
3762
2624
9813
9999
1087
6021
8063
1721
3318
5046
984
2993
4820
2776
7212
8398
4029
9893
2173
9039
5265
2335
70
9069
6347
7552
1424
3895
9834
7854
6325
517
6313
1931
2857
4492
622
9727
7805
2799
4234
4228
6876
9773
1395
9375
7592
5485
8712
4125
6182
4471
272
8560
3650
832
5826
4442
2146
7667
1184
775
9908
4801
8363
5351
8137
9943
9348
7888
1706
1345
8251
2824
4408
9169
1799
2367
1701
1175
9102
6795
3785
2544
4801
2631
3254
9015
9282
3319
4507
3409
3946
7574
8361
552
1171
6728
8196
9170
1091
6174
7296
2183
7973
9636
8376
9213
7349
8597
4698
1617
1480
509
4332
4614
770
9748
9410
941
7801
2770
951
7991
140
7432
9589
5111
2316
4021
867
254
6937
2824
3230
5277
877
5505
7640
8779
7982
859
2792
9011
9510
4719
7851
6558
6619
7128
7424
1389
3007
9718
589
8841
9109
1173
117
8387
5638
9525
5242
6762
5764
2724
7384
2080
3909
9849
6771
7424
3089
1941
2764
1606
3285
8054
4983
6170
1219
681
9822
7988
450
3730
3743
4858
9221
4809
1321
821
3426
3738
3149
349
679
3188
8897
6736
6949
5764
516
1065
6015
1917
1840
4049
8612
6645
4884
9603
4650
1366
2896
5311
6554
1148
5944
1777
7408
5048
7651
5338
2615
6322
483
3523
7427
8192
1773
526
5519
7732
4479
6284
2635
8335
4888
2944
7900
7666
6310
528
8219
9205
3883
8482
9996
3674
8266
2995
508
3651
2804
2193
9532
6786
9973
5275
7817
6933
41
7012
7756
6854
4903
8041
6072
4233
5958
1766
3541
9235
1543
2877
2606
9677
4607
3660
2248
8037
8516
2816
4459
3507
5611
9415
904
4340
3101
1410
8906
5428
125
1365
8048
3322
2498
5539
4142
5982
1741
9380
8043
5797
9694
166
6787
1226
9787
5103
3111
5794
7544
7659
1606
611
2737
9185
4636
3762
3207
614
220
7
1823
5236
3996
248
9828
8738
3596
9696
144
8964
8733
2833
5396
7782
7847
6671
6820
7376
7298
3880
5084
6411
1759
5525
4254
499
3695
3038
3092
4065
8404
5791
6403
303
1695
4559
5997
6036
7067
7968
2963
8089
7607
8117
9
6759
4236
9388
3222
8371
8538
1163
9274
6051
27
6835
383
5736
7026
389
1941
7122
9995
8483
3734
6988
4513
5877
2724
1300
1735
3755
2136
1171
794
5559
1372
5338
9555
7184
8691
1967
4785
3190
4492
295
9166
3319
9907
7501
2799
7370
1610
2070
8277
9466
9756
9966
8518
8393
344
293
801
3552
5640
943
7069
4562
4220
7723
5606
4554
7389
9422
9086
1385
386
1553
1161
7750
406
9942
5303
1513
6420
5594
1116
1189
5850
4778
1887
7550
8662
7325
9197
7590
663
9178
104
5523
3424
1097
8383
5251
7965
7145
6606
7264
5149
8567
8866
9293
3393
5715
8602
8970
8905
2238
1259
5258
9795
9153
843
3016
7047
4553
4110
2039
598
3362
5406
6656
3477
849
5382
1870
6640
8065
7572
3118
3734
1931
4679
6717
7546
9470
6469
5304
3799
8170
6420
8742
4391
6979
4060
7700
9044
2178
6513
8153
8668
2120
4620
7450
6768
1030
794
9421
3910
8831
4873
6112
1543
6817
7352
2857
5343
5711
5709
8848
332
6647
2202
3167
2706
3305
649
1116
4630
57
7637
40
3763
9071
2295
2119
8082
5848
3413
3557
6491
4352
2
4855
8960
146
5404
6600
6053
8645
5685
6297
9837
7766
4186
7126
8590
3246
7606
4481
9496
2373
2887
5902
6655
1423
2020
7983
3583
660
3247
4068
4246
1034
6482
5178
1101
2664
9548
9561
8269
5396
6311
5958
3968
8866
560
4037
7653
7703
3184
985
4102
7244
350
65
1845
7053
1758
4961
5449
3768
8603
4609
8711
9803
7107
5635
192
5569
7950
5137
1069
8397
4509
6780
2352
3114
9046
1496
9981
6463
4734
5296
4388
9722
5985
2929
4851
3100
3618
1147
6974
8716
8862
9445
8424
8387
8143
836
2747
5975
110
7280
2404
703
7107
1532
5676
50
6291
9914
4117
2560
4707
9736
8611
7863
2754
2926
1844
5239
1831
9351
1703
2150
496
7398
7072
8139
8751
4941
3339
1005
273
870
1151
9114
4858
3279
7860
6173
3605
7757
2783
4866
6624
257
5132
6974
9694
4507
2888
1815
2337
4834
6732
2435
6589
6505
5395
1343
5804
8678
9158
6973
4209
7873
8935
2820
5862
2921
7319
4328
1379
4186
1416
6280
160
4109
1234
4853
6414
5178
1022
5167
1755
3080
7288
8209
811
3045
7679
3124
9898
9641
7387
6172
7663
5839
1430
5638
1716
6850
7443
9641
4489
6637
9779
240
2942
9212
6569
6891
3730
2728
4003
9528
88
6471
985
931
9112
9537
6805
7730
5182
1021
2894
3239
8112
4315
2833
4149
5183
5439
8154
5697
3981
3708
3814
4047
188
594
3337
9446
8229
7023
2070
6981
6564
3573
6000
4422
920
758
1197
2569
8385
5686
436
9218
5594
5061
4665
676
5829
5868
3266
9810
1263
7102
354
813
2964
8115
3219
4826
847
4821
1080
5086
5863
8012
2562
2640
9432
2424
6491
2014
540
4668
3445
2170
525
5009
6337
9218
550
2152
1753
4644
6648
5633
5417
671
6826
3469
2587
6225
8890
3854
4381
3273
8924
125
9034
2852
201
8095
8833
6524
313
3788
185
3872
4000
8101
4104
1484
7950
4874
164
5517
660
3945
4765
8015
3531
1908
601
69
4491
8420
5877
948
720
6471
4790
5408
6670
8595
2662
6841
8992
7668
8466
8838
5543
434
4915
7675
7580
4729
9090
6735
132
831
1585
3594
1615
8061
4892
7462
9939
6391
6316
716
5921
3220
5271
3546
6225
2334
6015
1060
9617
1581
2058
4804
4010
7334
4903
9277
4088
2601
6371
7278
8002
413
1833
1177
2810
8887
5968
5787
8664
8215
2361
2633
6101
9191
5266
4534
5370
4751
469
3024
590
428
5911
7184
2779
3318
2402
3585
3220
5389
655
3733
1704
645
857
1123
7213
8792
5473
1274
5058
4156
5828
9737
2925
5906
5592
1131
123
7709
983
7043
5416
9210
2290
4342
9461
2696
8145
9725
6975
1129
7650
30
8373
3611
7824
1608
5951
5114
5200
9234
9867
1606
3694
7553
4715
2218
9154
7153
7640
