8136
551
4883
4578
8194
2059
5324
772
2900
8590
4494
7095
34
6363
144
1263
8555
6353
2553
9229
4335
9688
2766
1617
5985
6805
2452
4540
4116
118
6581
222
1681
8576
1341
3220
8747
71
7396
8664
6289
5332
7956
8495
127
4943
2298
7418
248
5127
3641
4106
9901
3582
3074
5791
3333
6427
5476
4956
2556
7410
4592
8615
3795
1491
9538
3246
6015
5575
9917
7759
3045
5521
5204
1956
2466
1917
9363
4880
3199
9625
2918
8840
558
8877
1200
6898
1032
8035
9265
4912
7707
3644
8621
4918
7991
5288
757
7955
2208
9383
8276
2054
7985
6729
6392
6859
8853
7062
3072
9320
4111
6298
1758
9306
7450
6006
5097
8348
7024
6336
7694
4154
6691
4105
5538
4205
8531
8543
4999
5851
1931
9356
5165
2672
7066
8139
9031
2087
1146
9546
1236
425
1648
8827
5184
6200
5221
7110
8486
9865
7721
8879
7036
3209
5237
1472
7579
7793
9622
9730
7222
5562
6223
4443
2938
8354
9017
1833
9664
2644
6369
2974
8083
6143
2765
7736
1795
6556
3898
3159
8864
3249
3248
3798
4035
4593
5713
6007
3301
6578
1025
2142
3355
5291
5113
1350
9771
1731
3294
9944
6376
6046
6284
7708
4890
1423
5231
9059
2702
6703
4027
4758
3665
2343
2323
7034
9976
8682
9787
8701
771
6947
6673
9510
9299
5849
865
7953
2905
8609
434
9340
5308
4192
639
9043
1392
7005
3215
2815
1935
7544
460
211
2040
8566
9736
2873
6118
2689
2438
3203
8520
713
5123
4165
6062
7371
2840
2373
9856
1488
6240
4476
2072
1593
2923
2732
4893
7971
1346
7270
8391
5468
9788
5062
6075
5257
4248
9312
4953
5331
5255
523
5866
6101
342
8599
6854
6525
2731
4554
2627
6839
5460
7054
7471
3570
5263
1126
9374
7391
4273
7978
13
6979
6112
339
7279
1090
9338
59
2057
1678
5226
9598
8016
5547
3003
8498
6682
3293
2168
7630
4110
2595
7536
6491
3344
4799
3366
8666
1596
4383
4691
4780
3497
2750
5996
3809
2417
8198
2032
2409
9239
9465
7532
907
7203
7478
2140
2886
6051
4077
9438
6615
6500
8579
7697
447
7772
9331
3706
3730
1485
8628
3152
6631
3529
9719
4031
8999
5728
9499
7566
7102
1080
8299
1429
3102
4698
4767
6153
5635
3657
6443
7431
5243
3650
7032
3680
5974
3141
2834
8652
5736
4983
502
16
5765
9294
1839
6241
633
7699
9487
3321
135
5031
1302
9291
1827
1903
3655
9790
3207
4866
4526
5634
8225
4457
7451
3063
9003
6457
744
9107
2776
1808
9552
1884
2319
6984
7910
8613
2303
6921
6773
3625
4895
7276
6712
1447
8927
4897
6193
2920
4701
7020
3130
5189
2572
7075
3140
245
9393
4734
1123
2601
5741
2017
1393
7879
428
1035
9062
9816
939
9341
3328
8811
4652
9061
5425
9011
3480
1604
1019
3089
1172
1861
3121
5398
4096
6662
3423
9626
4059
3320
9863
7654
3952
2538
9191
4139
1958
6911
7310
1652
6824
3882
4939
8469
8645
7513
5223
6607
9845
8949
9970
1727
2486
3605
7912
1138
4395
597
2272
7835
4186
6721
531
5389
255
2432
7608
8681
5080
8358
9337
6165
1299
1297
1637
9079
9597
6379
6759
4163
785
8176
681
4375
3485
4967
5345
6536
7029
9915
4952
9827
4826
9962
3818
4660
229
8357
5592
7086
3828
6511
936
6217
4727
129
4147
1021
5744
8586
3438
935
356
7751
2324
2061
3046
3238
4920
187
7785
9018
4141
2821
3611
3367
6654
1761
9283
3206
1034
3875
3585
2780
7228
6069
7548
3364
2115
6480
2684
9369
2934
8308
7060
5174
6791
8321
1916
3511
1631
1054
232
8364
6343
975
2512
1490
1467
8048
2530
8969
3490
8605
4002
4080
8909
1640
7967
670
4132
7782
1951
2919
4279
6087
8351
7754
6945
9606
7778
5756
5352
9680
6589
9551
6001
1851
3846
5739
1579
9099
9006
6836
6771
4237
7327
8451
5190
1282
8329
3506
3928
2494
344
4200
4172
7030
1163
8902
6389
2922
3323
6966
4833
2594
872
998
1789
4719
4863
1479
6397
1928
4282
6106
4607
9477
1402
968
3288
403
9187
6020
3251
9570
4884
409
177
2532
9731
2758
8598
2318
9580
8191
6470
8384
6543
830
948
9645
17
5151
2301
58
2893
3219
8411
5183
4508
667
6205
8835
6042
9213
4343
1252
6609
647
7887
9013
5884
9352
3242
2640
6758
6464
3951
9991
7289
5049
4183
2234
5199
2296
7419
2065
1588
537
4633
7668
4001
3052
8076
2977
8153
5637
5120
4635
9511
1649
6835
9342
3623
4616
5826
3049
1571
6295
8221
4657
1183
8501
3439
4846
9290
2218
3974
5457
9202
1878
3380
4048
2083
469
8265
895
6522
869
7282
5505
8711
9451
8899
9525
692
9154
577
8756
1448
1669
3440
2202
618
7251
4171
2697
6747
2071
5769
6304
2033
5949
9577
2703
3738
9708
1526
2682
8290
8508
2300
6116
876
4814
797
8434
6130
5571
5629
3992
4073
1532
4223
5096
2399
6789
1781
5749
2465
4625
6120
2655
6159
1642
6886
7208
110
9840
1749
2801
544
2951
5878
3332
1918
9454
2585
9725
5112
7679
4469
1836
9349
8956
1620
2344
8814
5643
3193
1104
3405
9520
4547
5555
1986
2134
8743
2957
2009
3202
7121
4245
7301
3692
3005
1145
292
141
4374
1094
6482
3800
4900
8347
3652
9364
264
4678
964
2636
5727
2575
5746
3895
6641
9419
2648
8273
9639
8980
5233
5507
6189
5701
1040
6806
3189
65
64
1551
2278
9658
2292
5559
1159
1244
7965
2002
5596
8007
6365
9070
5882
5944
5754
3222
3584
7974
2406
842
4433
4690
2547
3547
42
2037
4876
7493
2751
5908
5219
253
4683
1298
279
3902
3658
6437
2229
6267
4379
877
5404
3105
6604
1125
5271
2613
9522
4134
9429
3640
5363
9410
1128
3500
7403
8470
2423
4697
5147
6601
6077
3580
3461
7698
2681
2539
8130
3177
8326
7189
7241
7178
4733
4663
5694
91
1767
4803
9251
5450
8355
1375
6850
7678
8749
1407
4840
8691
12
6745
7899
5534
8779
6644
5060
705
4972
3174
5005
5256
5179
4836
102
645
9424
1097
3023
4043
620
1545
1561
1660
4349
5524
8828
8799
2650
5302
7395
3158
8287
944
6989
1124
8482
8253
5801
1415
7924
4646
8488
1395
5640
1177
195
1374
8009
2123
6559
4995
2045
4715
3567
5477
4032
8128
7578
5532
6071
5991
7315
7082
6793
4584
3128
2542
575
7148
7138
3772
7876
433
3453
1006
6385
9860
1067
2710
6056
6750
776
9172
3418
2299
4350
1605
1471
7855
3946
1206
1563
5990
3728
2385
7652
5011
3335
631
6567
2235
1858
5708
8544
4483
5157
3678
4037
4757
9361
2787
3725
377
7914
1790
2050
9083
1564
4301
1112
4446
1161
7337
3169
4597
6354
5956
8394
8400
67
9669
2402
736
7035
9630
3129
8319
6586
4222
2192
3192
7920
9488
5710
9593
5952
431
8662
1548
497
9619
9402
2914
2243
1712
4816
7993
6884
6436
524
8953
3572
7071
6678
208
7635
3507
7508
6253
6098
6157
130
2651
738
3870
2638
4560
3118
2973
9585
7211
8995
6600
7271
4278
769
7008
6016
8370
2712
806
743
3578
1292
5879
9919
7885
2742
1725
4202
2150
2239
8759
6778
7846
4763
1799
2671
6175
8596
1301
1762
6952
5328
8854
1283
5009
917
643
4336
4079
7187
9008
536
4955
1742
4538
5699
8157
3012
9879
78
6653
2813
6139
7113
2606
5203
471
1739
9475
8268
1072
5267
5950
3268
9589
8244
8758
9721
5816
9647
3748
3589
9076
3930
1026
7705
4233
3528
3786
8212
9819
3103
7237
3373
2133
721
5800
5381
5603
5797
1295
6227
6651
1752
3926
9508
7027
3876
5063
7042
7941
4010
3979
5529
5152
570
886
2612
4582
294
3479
5654
3465
9530
849
8030
7388
2505
2778
8567
5557
6810
3010
8720
8805
5941
5809
9829
1385
3823
3545
6301
4891
1597
6924
1489
7720
8517
8770
3449
1779
1570
7490
6690
371
4074
9755
363
9986
5386
6102
4477
1496
7994
2422
138
2389
2907
1550
9339
2321
7107
3399
9861
2180
3900
7606
3855
1976
186
8778
1486
2178
7826
3662
2464
3055
6642
459
2658
1371
5925
6265
6672
7413
9194
2565
6248
4770
7619
7442
1627
1140
6435
6461
140
8703
6148
119
7295
5573
4256
2917
7674
9317
1538
3636
1064
4267
596
1575
5498
1117
3592
8824
6610
9425
5160
4662
8673
8081
8063
3865
2789
3014
4878
2743
9534
9590
6108
2978
3090
3290
7780
9881
5270
2826
3430
978
6380
6591
4125
1864
9728
2600
5395
6316
7792
9243
2958
3116
2198
8785
4915
4827
8963
2519
7103
1454
4176
6757
2388
9810
2781
7714
6370
9564
3182
7292
132
9490
780
5339
4108
4870
9599
80
9947
9811
6954
333
2894
3619
5757
7073
9180
3178
9150
9753
2143
838
6468
4113
2577
3254
5855
1096
9152
9908
7588
8982
1510
5436
5411
3868
833
6428
298
1215
9682
4936
2390
2932
7417
1908
8546
4005
286
6324
5678
3941
7192
2067
5778
2125
9940
3216
7193
2053
8571
9207
5798
9126
4673
4988
8718
4862
5625
6971
7997
5493
5209
1427
373
3415
1705
1323
5126
863
7675
8763
2898
4062
1539
1441
5633
3700
5206
2347
7744
6306
9792
3916
2024
7198
9137
1366
2925
1972
5248
8047
6445
2855
1547
8787
6552
4011
5358
3061
1862
3710
5504
8904
4295
5795
548
9238
8073
9548
8915
2647
4182
7050
4575
3698
1460
6640
4622
56
7142
2531
6874
6479
5743
3375
3638
5272
4877
2567
2695
7577
3693
668
6702
2290
2252
170
1578
555
8946
6692
1001
3047
9206
2214
2988
449
7795
3673
6748
7253
3859
9219
9952
6211
5071
4129
7463
4529
6271
1239
6145
9433
919
7246
8773
3635
7070
7006
6134
7188
3077
5685
6218
7807
2481
1116
943
513
4224
7077
7809
7132
2153
5844
281
6261
3457
8170
2216
7494
2814
3683
8458
8202
1910
5191
4236
3247
4694
3792
4099
4061
2029
5212
2156
2226
5125
4934
2439
7689
7500
7021
8793
3566
2913
9833
2615
8524
4250
5046
820
3329
2066
6184
720
3779
7440
7902
3939
5378
4471
44
7481
3576
973
310
6174
6499
5269
3538
8777
632
9216
1062
1070
4844
2368
10
5020
9404
6774
2440
4252
1199
1983
6843
6915
3596
1464
9921
1043
7614
2700
5874
741
309
5340
5087
496
6273
3265
6919
9884
3551
803
7319
9913
5647
1965
307
4537
3925
5751
9085
9482
7895
9918
3741
3669
6829
7882
6408
8158
2752
4523
8859
9561
1513
4046
9614
6208
7543
1959
7901
3593
3253
9102
4498
7112
201
8020
1288
5770
7137
4869
2820
332
6115
9896
190
4071
7521
5211
2090
8535
2931
9653
6269
2003
9491
3559
8332
2915
9247
7881
6278
8226
971
624
3031
242
4052
1044
1180
8626
644
5895
6035
2837
5762
6788
5903
4194
6686
8554
526
7477
6933
4466
9722
819
7017
4969
1990
7097
8172
2077
5119
8293
5023
9081
9212
2167
4865
5977
2982
2479
6202
8134
3978
9871
8237
8024
5988
359
6998
1948
8574
1087
3521
2020
847
8420
1664
3235
8683
450
9428
3280
1506
2761
3854
817
7497
6131
3525
9797
314
3690
2802
6096
7028
9365
6627
8395
1029
8583
1793
6963
9026
9823
511
9549
7516
9524
9121
8618
3540
5128
6063
881
4184
1680
2746
1093
4585
7644
6861
8258
1243
6844
3889
73
1525
4082
5717
1860
8631
2677
1882
1459
8187
9969
9435
5554
5433
8412
9676
6132
4705
3819
747
382
4478
9304
6395
2345
9559
922
2642
1815
9998
9387
9476
4149
583
6058
6228
4942
8783
9276
123
8241
1811
7406
2000
3968
8449
6842
4259
5721
7538
8740
4642
8831
4887
9737
777
2718
8732
7529
909
5275
3610
5514
1285
9092
5061
656
9273
4226
5503
2848
9391
6319
4369
485
5692
7626
9503
8970
5448
541
5077
8190
9778
92
9343
8923
2096
528
6784
386
6082
4861
9963
2581
3115
6614
5466
1888
6655
7025
7853
4136
3183
6244
2124
246
6659
5283
4922
2456
4324
930
740
1073
9579
3431
5496
3602
4161
8744
367
2302
4364
8648
791
8724
7245
4388
3721
4022
762
388
6302
8893
5304
6509
8433
4065
2961
3677
7760
518
7553
1293
7010
8099
4580
76
7293
7469
7153
4049
6994
272
3285
603
7774
7459
2976
6498
6660
6317
7476
9729
9250
5014
3609
4392
4917
9571
3877
9218
3646
4179
602
4417
5007
8416
8944
8806
74
4426
472
4371
8887
8431
8387
7425
6668
1361
2240
1030
6683
429
3801
8820
1296
7859
6848
6560
8863
8289
3685
9999
2391
9472
10000
3555
8591
4187
7551
5645
7258
3471
6574
7131
7600
5100
8971
7646
233
4766
223
3565
1476
593
3224
2737
3668
6421
5726
8716
3768
7695
6922
1132
3176
7212
6456
6091
9455
5627
686
3237
5781
381
9271
5201
9894
2332
8514
1221
1049
1542
9588
2936
1272
4072
2446
730
5556
6013
3712
1420
3590
1606
9587
8900
8224
6166
7045
9893
554
4293
1728
8095
6119
1264
969
1671
4355
1576
7690
677
2517
411
8974
622
7908
905
8677
574
4197
2203
6332
7874
663
1347
258
9354
7439
9800
1251
8647
9987
4131
8021
9817
8905
9193
3144
9203
5620
4308
8074
2431
933
5384
6483
3843
2021
7499
437
7432
2079
8755
2276
3883
321
5362
2325
2997
100
2851
3498
614
6779
4602
927
2792
1674
4933
9735
5405
83
7638
3122
4346
2442
3732
3527
1899
543
8165
2191
1210
1773
714
1847
7667
8852
5509
5987
3752
8092
9228
8659
5021
519
4855
4203
161
407
3351
7845
8008
6652
4263
2267
2112
5036
2520
3259
9715
7003
7726
696
8588
3515
317
9345
3124
3037
4193
7272
2447
587
7266
9158
5076
6670
1698
871
6476
4380
265
1410
228
6419
3737
6786
1135
1331
9027
2877
4517
609
2883
9526
4470
5024
5898
860
8883
1886
7779
5108
206
7375
5539
3519
646
5853
4365
1933
183
3790
9101
3400
2070
6813
8505
5689
2186
457
1854
508
5115
7827
7693
3038
9462
398
9015
2955
9661
8345
4340
1349
6569
191
839
3577
4864
4909
9945
4777
7636
4892
8775
529
2154
9583
7972
4234
9261
3150
7848
4314
5484
4903
1367
993
1732
5446
6033
5508
7181
6266
2940
611
2128
283
4075
9437
4178
3198
5841
3838
3298
588
394
9801
7719
8161
1834
5541
5085
1113
1009
8050
1816
2262
8943
5320
479
7300
2570
5553
2193
2868
2275
7884
9301
9298
6981
2576
2401
7033
7265
210
86
4637
494
299
855
2437
685
9966
257
3631
3291
8767
3452
3187
5859
3016
7332
2537
4070
7306
2786
938
3324
9926
9983
4830
9201
3356
9643
4944
8587
7724
9088
589
6588
1765
5408
9905
4287
8951
581
7890
8300
126
2108
1900
7632
8149
7294
7001
5963
3653
2670
2803
807
9009
7150
5355
6666
8379
810
43
6187
1389
8521
2253
3781
3552
3735
4640
2058
1639
1209
5725
9267
1208
8526
3184
3186
385
6857
8891
8124
2872
8450
4302
9144
7854
1015
9623
9807
3142
1235
2207
7261
2546
8152
4327
8046
5600
4520
7921
3919
1724
162
3787
3257
7594
6833
3948
5862
467
4055
2473
6731
9635
2227
217
4416
1748
8012
2258
5975
8527
8888
7400
688
4118
4837
4170
2320
8296
2875
4215
4768
4594
2947
8038
1944
642
8037
3995
1024
3761
7533
6426
8868
4949
9274
5285
6486
6804
1071
5353
3085
2885
1608
9767
8739
4211
7585
9133
4406
3959
461
287
6487
3348
520
6602
9403
4235
9920
481
8413
8029
960
7179
8474
5314
2220
3345
1339
8950
768
3223
8428
143
1870
7670
1220
4310
9205
9523
3504
5606
2015
7207
7944
6523
654
1643
3163
6232
5172
3330
139
3947
6892
7129
5520
2089
3821
5825
6637
8463
1480
1817
9007
6305
9063
6732
6473
3205
448
8813
1702
1469
9226
890
3352
1509
9971
3281
1754
4901
9232
4162
4600
3568
1234
7851
1615
3867
9495
5180
6049
7314
4859
1497
5831
325
9683
1084
7601
6754
9446
3518
3630
8058
1360
9024
5533
1332
4746
7718
8173
5329
4505
4996
6916
4679
3642
3078
6423
8465
8791
5366
9140
1408
1229
3686
1745
7745
6518
3860
9890
4619
6767
8502
6816
219
929
8723
6739
7770
6089
2281
3822
6714
6626
8661
8447
2213
2979
5356
3041
3486
6417
9224
1078
7715
5455
9282
6104
2696
5920
4558
1726
7877
2158
9116
918
8800
2808
1010
8534
1540
4535
3296
7873
959
476
6549
4117
2664
2350
4028
9095
9814
8150
7231
5008
2139
23
256
1516
7883
2818
8186
6680
8688
3751
7264
5166
691
417
1289
5619
7316
5419
8857
3664
3421
46
2443
3595
8733
5377
7819
7604
9411
9957
6502
1786
1008
4058
9362
4127
7044
6346
9586
501
1091
7505
8977
504
4548
6192
9806
8055
4930
6878
5642
3143
2564
7651
2489
7620
3903
5808
1118
6756
5413
7311
4490
4158
7661
3413
9127
4518
3754
8383
221
6026
7801
4787
7574
9846
7099
4976
6620
6080
1791
2536
4667
9679
4916
8162
9441
442
1284
6894
9690
6996
6891
756
8178
2835
988
4545
4572
1583
7465
1214
3687
9678
7757
29
134
8292
6127
5537
1689
7165
8646
4497
3361
9910
5224
2433
4981
7837
6840
1223
1573
9366
7047
1582
6085
3588
6318
5374
4818
7628
6931
4729
6630
4522
3848
9461
6738
1149
6172
2772
812
9673
7526
2759
1609
9028
3127
8147
5817
2631
7411
965
6970
3443
1927
1612
218
7587
3663
6797
5249
7202
4704
6598
6539
1204
1492
7814
648
9094
486
731
5897
6715
2036
1304
5052
5440
613
1139
5938
9114
9131
5294
7554
9135
1764
7247
2490
2113
4438
8850
1946
837
1433
5319
6658
4621
4835
77
1474
798
5258
1994
3123
972
2949
8371
6136
3863
6402
2459
5042
1600
3501
6932
6430
9831
8271
2676
2667
7813
5766
3856
397
6582
4190
2064
4524
136
8607
1806
7037
4680
4573
1943
9745
1594
9826
2130
5361
7002
1969
6622
326
1737
7347
9764
6617
6709
5658
6342
9155
4067
704
7682
3924
8439
8403
6903
8472
6197
5099
1038
5712
6694
2346
8734
9167
6288
6900
7973
1934
7528
4923
3586
7109
3370
2044
1303
4612
8340
9169
6394
9416
2147
7049
7936
6322
54
21
3472
7116
8898
7783
5284
5773
8876
7380
5140
6390
6906
7141
493
7706
4721
3715
7489
3488
9995
376
9754
8575
6936
1846
2126
7288
739
9284
4251
9214
4133
9064
1114
5106
4927
5050
7663
8222
9440
5842
2374
9984
2093
723
9161
7
6094
9277
7545
4848
7495
6391
8346
6624
940
7509
9004
2010
3985
8627
9542
1013
9804
4712
2503
701
6296
3214
5207
8696
5926
2463
5813
7805
9208
6935
7480
7730
7681
5923
2491
8536
6382
2839
6206
8808
676
1362
9270
174
9964
687
5159
8674
6777
9782
5464
7290
615
8230
2195
5145
3354
9705
9734
8381
9898
5102
6943
4362
5045
5388
937
4029
1635
1404
8215
4300
1977
9993
3742
7209
354
3125
5638
5073
9096
8334
3065
8227
706
7672
2580
7415
2800
5929
3495
9280
7152
9181
7013
6647
1320
852
3986
994
7540
5568
4038
4748
4491
1863
154
3267
7552
9521
2725
7523
3379
5858
3044
3512
7485
870
6914
2708
1455
4708
3955
2945
2317
8620
1645
8041
9747
6645
9642
9000
1314
5682
66
9569
2107
1565
2161
4714
9035
6083
5109
336
4398
6041
9929
9968
8708
561
4669
767
1809
8386
4325
8385
8315
9319
7479
5922
1059
3972
4989
8947
3398
2690
3599
4299
1665
1248
3212
7752
7191
7117
6823
3448
4337
3731
1503
566
9408
1313
1205
4180
7645
3918
4050
6307
4738
1255
2014
8640
533
5911
3749
7565
4201
2415
1559
7309
7625
5187
2116
3094
6048
7321
9948
3740
7361
4041
7305
967
213
5371
6451
6671
5148
4615
5796
4429
2378
7738
4751
5222
5711
954
5973
8111
846
9537
4819
2414
2287
2006
2635
9038
19
9539
9
1437
6648
8444
5479
5829
2307
1193
8094
6807
7435
9803
2097
2901
2571
8610
4703
5424
8267
595
5910
9459
4644
8746
8145
6299
7429
4403
3954
3227
2179
6888
1430
9333
1717
8601
6687
4373
2327
3349
7436
2674
3770
1158
1772
6081
4486
9697
9248
8557
9439
6327
8830
6133
5992
2152
7573
6710
2477
5058
3467
3079
9474
6717
882
8960
5296
9162
1434
1466
1249
3558
5150
4689
358
5502
9397
8164
3913
7011
885
1142
4440
1276
1353
834
4561
3684
7423
9182
6695
146
4016
5752
7769
61
4145
4735
5617
2989
2099
4054
5069
2948
4482
8417
5293
2562
5001
4672
7468
9174
755
5962
3018
2470
4821
237
1592
8918
9372
4391
9334
7363
1105
6431
9573
4788
9855
1399
1120
4121
962
7447
7909
2260
3233
4771
5089
6860
6010
6383
3297
4425
9611
6256
562
5566
4069
2544
122
395
1256
9184
3357
7571
318
7862
3637
6995
1926
8494
5748
4792
6507
9494
8754
1245
804
1688
8065
1419
5723
2480
974
4231
9406
18
4971
8043
6734
8684
3834
1936
5885
4671
2639
3975
5981
7368
897
1568
673
5149
2460
4755
8983
4802
8680
2645
616
4919
8135
2850
1359
1530
4653
8942
27
3024
9302
9504
2228
2232
7356
9159
1343
4720
9246
9078
1405
5164
5317
271
8541
734
7834
5325
4557
7248
5663
8425
1077
6949
4044
8585
8926
8454
5143
4157
6401
57
4485
9887
6162
45
2364
2996
2449
1386
1141
5691
7119
1529
5899
4174
8753
655
3705
4017
6899
7655
1368
2579
6011
2056
6377
5730
7223
5451
6315
5491
3339
7260
6330
737
7043
6871
9295
1475
5676
3064
4581
3804
9717
4123
9869
8014
8699
4091
5807
3305
9405
1336
7470
1443
4018
722
5485
6158
9509
6819
1875
4599
7304
7080
1949
36
3701
9493
4441
2403
6191
829
26
2076
9781
1327
9412
5247
4853
5375
5260
5585
69
826
3659
3803
7958
262
172
8415
4399
1022
8515
452
1237
4008
158
8208
9353
637
6681
1591
5601
1700
1457
5327
8214
6364
4888
6969
3750
4796
594
1129
4632
7727
7945
1796
9849
2975
7546
8726
6677
5789
370
7970
5965
8619
2420
4838
8192
5921
4507
7180
5065
3001
3708
7335
8294
1932
305
1823
7582
6355
5732
1305
2675
1310
9235
8825
1294
5227
7507
4189
4318
2916
8365
6808
9279
6780
9692
8476
1668
8461
662
9617
4744
1701
2382
6875
8597
7570
2705
1418
7051
8685
976
1109
5392
1798
4159
6913
8577
3723
1746
3548
8984
3543
1507
5695
9939
3489
6520
3196
1554
2106
1740
4311
1865
1914
1521
894
9710
7217
9960
4444
8031
8281
8310
9112
4372
802
2610
7786
7766
6404
4504
5664
6910
7387
2102
8774
2889
7156
9321
3145
6277
6938
545
6749
8592
9311
9670
4358
684
9507
9931
5967
9636
3544
5564
7755
1659
1174
5054
1768
1364
4825
9055
7709
5994
3910
6818
9515
1363
2937
9188
1921
7466
8026
5672
9223
9050
9432
273
7732
89
4
4963
516
7535
5254
4320
7798
1902
5458
4628
2007
2424
6669
2
7483
2277
8889
2928
4509
4889
1999
5186
3402
458
3020
5832
243
5390
3279
7716
4092
1424
3229
5815
7338
4527
7370
6251
8687
4874
5641
3272
2060
5582
6553
9825
6800
5927
6149
6292
3050
1081
5396
6286
453
4271
3661
2445
1603
2991
5742
4654
8246
1432
3510
93
8563
7811
5551
3137
6238
7281
421
8809
1787
1512
2871
879
2678
7828
8274
7616
8405
912
5074
4521
7111
6563
5364
6124
8549
8653
8559
8548
2646
1881
5589
2794
1051
9392
1954
3473
8263
3563
1580
108
2478
2132
6725
3444
8985
7960
7426
2413
8794
6643
5238
7896
4532
1867
1020
6706
2495
6982
5755
8994
8513
8987
4649
660
2516
2282
3829
1365
9315
8457
9733
7184
1391
2599
6608
8284
8675
5958
5604
8616
3369
5626
1760
8110
2337
8676
7515
3534
6544
6384
2103
4285
8179
6409
6838
1160
6107
5218
1703
4023
1152
9517
9260
6827
9923
7597
6029
7607
8118
7072
4539
4422
9994
9547
8216
8715
7404
6664
3043
3185
6311
1759
5595
2880
2683
7090
8948
1694
2853
8229
7216
7262
7115
4445
6246
9773
7658
8623
770
5292
9641
4881
6863
2381
369
152
9892
7127
4606
7174
6991
1225
5336
7723
9418
9204
4968
5303
750
7796
3719
1753
6590
4618
9637
4611
8473
3383
3080
4542
7353
1156
430
396
3492
8344
6708
6985
3612
7225
4860
4284
3263
4119
3015
2177
9877
6407
8819
5901
9741
7722
8270
155
9582
840
7560
9592
6579
8356
7568
7525
7817
8146
7362
7059
1063
8189
6260
4019
2313
399
7804
6570
5399
1108
539
5669
3343
7166
5030
7823
8209
5459
6050
984
4465
7172
8499
4238
2944
4549
5056
6724
216
8582
3069
5611
2784
8798
8017
5636
3358
4536
6918
6742
4227
3295
7514
1414
6796
5428
7840
892
4636
3397
1439
6429
9780
7350
6333
285
649
424
4040
9268
4410
3463
2992
5646
7349
9443
573
474
6252
709
2169
2038
4492
2082
179
1586
6447
2846
5215
9954
7878
6345
1741
7342
2338
9002
4627
301
6137
8072
8093
1715
7445
2654
9974
7325
9873
9916
8624
247
1286
6019
578
4620
540
8523
2046
4756
6432
827
2832
3713
2270
5659
3271
8812
5310
6693
3793
4879
6047
3648
657
7982
2515
2540
7492
916
8556
7393
6440
7475
2224
8359
5548
1802
9702
6235
9820
8086
8634
8705
142
3549
6126
3717
7462
831
6542
491
3797
5805
7669
4759
6726
6017
2963
306
6744
1400
3766
5462
8967
9914
2351
560
675
8104
2461
8997
3660
3554
5729
4390
1841
2693
3864
6467
3755
9497
6594
2039
1258
1985
3433
6831
1246
8256
3282
5035
6944
9466
2717
8114
8487
456
5570
9241
5142
565
1711
4686
9103
8028
2754
2397
7963
9567
2365
8489
1211
1677
5706
9648
9082
4907
9156
9297
2048
269
3760
6516
2549
3976
413
2269
4502
5245
6065
4786
9757
1470
9034
5240
1167
3172
2724
932
1290
1562
1171
2223
4064
9794
3546
9646
3334
8553
5297
7717
6730
9346
8175
1756
8196
8672
9316
5686
9139
2790
6689
5733
9141
9400
8002
7343
1984
2434
6114
759
9359
5905
116
8322
5393
8823
3173
9506
925
5919
2016
4973
6856
7518
8297
6973
748
1666
9450
9975
1784
2960
8305
3675
6770
2687
4579
9350
6905
585
6002
4613
3553
6583
5660
9965
1377
8437
9039
2841
7389
2379
5700
5032
85
5852
5282
1047
1031
5506
1723
7922
6537
7134
7592
2715
2074
6603
4822
7815
4135
7427
374
2257
4872
6471
5510
5295
5244
3996
2843
682
6629
1842
4811
3780
390
1850
8569
267
7711
7542
4857
5481
2425
5427
9388
3603
499
7169
884
5426
490
2819
2845
5335
3156
4656
3983
9655
6403
1625
1590
5745
2632
5088
3475
2812
7357
746
5651
3794
7905
7593
6225
8188
8700
3649
2005
1693
7986
1743
1663
6023
9118
3382
1319
9891
6707
6526
3256
9651
5418
5912
6870
9371
7510
2666
2129
3372
4531
3977
3827
1647
1895
7900
5144
2509
7576
612
6079
5653
5724
2279
9175
6801
6986
1037
4932
4629
6122
7242
7952
6144
9872
7249
2770
5614
8181
2306
372
2619
4676
3904
7031
604
2756
3969
680
694
3133
8217
1807
7041
9981
5928
2148
7238
7802
1947
2336
3119
3892
5442
1533
4495
2943
4871
4728
5688
4608
3377
4328
4685
4352
1212
5003
8205
6121
2552
7889
9456
1584
2609
9695
7913
7829
4794
466
404
1656
3670
1518
6646
99
9906
672
4348
8736
9942
9020
2394
5181
4255
500
3385
8807
4090
6975
9770
5687
4167
3126
9217
3963
5315
9956
9413
4142
1876
5948
5015
6469
7584
6481
7379
2493
291
4753
9634
6180
7162
5078
8091
415
4291
4204
4093
5261
7018
4436
5515
8572
792
5760
5790
9502
2200
6697
9447
7501
8054
9293
6359
8108
4341
9783
3767
7377
2380
2354
2052
9608
9377
5385
5540
8166
1088
9329
9166
4361
7340
1181
5264
3634
1695
5567
7998
4087
5667
4246
7230
3850
8286
1075
4060
7586
6752
9514
3606
8098
6761
4289
8213
3839
2884
1137
7789
3616
7457
2628
7691
9395
9949
1178
2086
1730
3807
3054
4905
240
8636
7867
3429
2866
31
8856
1421
8936
2022
173
4603
1585
184
8996
891
997
3336
6313
626
9030
6667
4323
2995
1995
446
2528
49
3550
1750
88
4169
1844
1634
9895
9936
5531
5544
6501
63
4418
2716
5033
1519
9979
3483
5449
6990
3245
6585
7943
2688
2201
3179
5359
7240
1883
2248
1794
9128
5976
7144
2748
5276
4213
903
8442
4852
9100
8471
2266
6957
4937
8958
6173
1797
3697
4414
3714
5896
149
669
8979
4610
786
3363
3464
9591
6446
2249
7591
6163
4851
7818
9463
8251
9835
7170
2616
6636
2953
3482
7932
2726
610
4940
4298
3998
7961
8542
910
2621
2587
7886
4304
8972
7503
8993
8388
3154
406
1655
4926
320
9422
9621
1619
1473
3579
9691
8452
6169
754
7768
8784
4381
2555
4360
6561
9256
7467
3120
7893
9997
9830
2450
2768
4122
8871
5780
5068
8725
5170
8518
8206
9562
2740
5550
2137
9401
8309
1716
2568
4317
9766
6167
8141
1050
3017
9777
4359
5738
4798
6411
5473
4394
2783
564
4904
9675
5135
9348
3035
787
9656
4546
5253
8053
1345
525
5041
2849
9978
1901
7130
8612
7014
580
4088
3666
1143
4783
8112
9287
107
2384
465
4765
2680
226
9314
9326
3346
789
1780
1150
1734
5784
4012
6765
5006
6259
5519
4823
2141
5680
3266
601
3168
3270
8307
319
2704
8834
5214
9108
1825
4270
3639
2268
7365
289
9813
1955
7664
383
6912
9850
1358
4150
6858
5382
3151
249
1316
5934
277
8714
3200
6357
3092
2559
9982
7158
6097
3824
8200
3810
4363
1769
3084
8090
3957
2888
9335
9739
1898
3175
9955
7443
7775
1036
2204
2878
1691
6214
9686
9178
4624
3026
7894
197
8748
2187
6961
3417
7988
9689
8443
6099
7496
9543
4026
1501
2679
5978
5239
866
6362
2643
1996
2775
7656
4431
6846
2723
1940
9222
8071
2941
2959
2012
8363
180
8604
6573
5025
7244
2831
3656
2210
5251
1843
9772
2795
3695
9313
1587
6661
8931
9516
5488
5220
5259
6794
2407
6685
6962
7989
335
1066
2970
6493
6555
5668
3419
1281
8052
9839
695
844
7657
3643
542
781
9848
7296
970
4479
6229
4280
5893
1057
1308
2110
2633
4847
293
7124
8978
4014
215
8689
2691
9663
1291
2369
7590
9518
8507
989
2421
7838
7938
3195
6718
6188
900
4750
9677
2444
7287
4283
7146
2797
4030
6263
3239
6078
3598
5236
9684
3146
2809
4408
1812
1191
8908
7865
9382
1646
9259
3087
2641
6207
2209
5615
1690
1119
4568
8874
2250
4638
4056
4986
9056
163
6356
7756
236
7063
9122
5613
3019
864
1874
2322
1699
6168
9148
1505
4550
8160
4068
3337
2145
2008
3347
1792
3155
7454
9021
3007
3753
1838
6372
3654
5822
8019
1052
8721
3691
6179
5782
1060
2942
6997
4813
8338
8311
2701
9972
2602
9500
5461
7692
2274
7816
7206
3322
1813
1055
883
8801
1247
6531
9671
1613
4086
176
1857
4144
1891
5830
5959
666
6368
2151
8650
6746
6873
2028
3232
7777
8067
6649
5854
9724
794
2741
8920
9237
5312
7373
1230
7610
6812
6782
9130
635
7085
7931
5265
3171
7599
311
8247
6584
5671
6037
4319
4098
9480
3340
8937
8185
8668
419
8935
2436
4778
1720
7482
6433
8606
1682
6656
8211
8333
689
6321
3991
3496
4004
728
3308
1253
7633
5580
8234
4442
7126
1614
934
2305
7605
4886
2719
98
3929
4664
357
234
7623
6639
3921
9973
9760
72
2711
2121
8361
5038
5886
6095
2211
5230
6803
749
2574
5213
629
3316
707
8760
9479
9171
1027
1321
6328
9373
5118
6635
2474
5316
3759
4574
379
3884
6110
1528
1148
4209
3408
7806
7091
5394
3076
7326
9098
7196
9071
8131
4322
115
6477
2816
9010
3008
7106
961
2954
1504
6040
157
2586
1929
1260
5918
2558
6460
2136
8655
2966
8261
2604
6521
8102
9560
8869
483
1804
4481
5101
9718
4307
9330
9581
7519
7671
2804
8693
1103
7255
2122
3934
8643
6988
8519
6393
165
7684
8752
1826
7534
854
7407
801
3278
8516
9110
9234
3816
8239
5228
2246
8981
5044
8000
7639
2225
4185
4094
920
2100
1166
6955
7277
1190
1527
7280
1011
7925
7205
579
6968
5334
3114
3940
9414
5856
7151
5961
2196
5652
7842
8327
6003
3989
8282
7336
6303
5305
1536
121
4164
1273
3896
6221
7194
297
4257
1162
6514
8033
9091
9876
1670
2861
3696
6776
7866
52
764
3674
8248
4420
5518
6494
9935
7643
4793
1892
8122
1287
8989
2535
8757
8511
8169
5415
8409
5250
5175
327
2367
9068
7572
1967
3378
9841
6633
4104
1380
1658
4742
5618
6424
7680
1805
3960
2510
5370
6399
6792
6059
8602
6418
2854
463
7634
1777
4000
2251
3857
408
7227
2294
9453
2357
7308
2673
8671
521
9199
3722
5412
341
3542
3217
8260
6344
6832
2247
7564
8802
8084
2080
5777
6576
2358
9090
2707
3311
5018
8964
2488
4232
8792
888
8564
9632
3476
5623
9888
1456
7421
5
6463
6983
1306
9452
2255
4717
7312
5445
5705
7000
2561
5662
2824
4764
268
3908
8069
4412
8603
5420
5246
3053
527
9310
9660
9407
7460
4083
473
6504
3614
2589
7923
2608
8262
3825
9307
5469
9693
7274
2983
4152
5624
3539
3776
4723
571
2771
1493
4210
592
9318
4914
2426
1330
3287
7434
3028
6976
6967
8245
1045
2827
5870
3302
3386
11
480
1452
2817
2356
3097
9211
125
1991
2429
2085
7919
3394
9566
3051
550
2525
3556
4614
8764
5372
8818
8938
5569
6934
8816
9423
5167
1413
8644
7023
5306
2588
503
3620
7378
2400
9953
3724
3881
5818
4452
2607
8595
3574
3613
8786
7864
1981
3409
2349
4684
8639
6348
5811
7836
414
3188
717
1280
4959
7677
3469
3422
7173
4962
1920
5357
1324
9420
7948
931
4514
41
3056
9249
5719
2523
2909
3945
7583
3747
5037
1127
28
6036
5330
5195
1909
6896
2864
6314
3048
8506
3587
8538
3360
3376
6038
2334
7659
8236
7263
315
2261
8059
7975
6817
5857
7700
2698
5718
808
9093
1335
8125
1818
1978
7016
6508
8255
2341
5597
4370
3106
2370
4925
5298
322
451
5995
8884
4716
9457
845
1913
590
1722
712
8580
5942
3210
8912
8132
3317
6176
5161
8142
5095
8797
9458
6245
6798
2962
8378
4488
3604
3886
6100
3368
5456
3679
427
7195
4401
3062
4168
8795
8441
530
364
3967
1153
4692
3832
5348
1598
7446
7642
7589
4430
1778
9328
6814
120
7891
5970
7093
6396
607
30
2363
3765
4958
193
4510
4007
4367
3571
3225
7329
9123
1444
1714
8051
7977
4841
2295
6510
3594
5122
1924
8036
6472
391
9911
2508
5525
8233
3277
4589
2392
8706
9120
6199
5887
6054
1553
3783
9005
7204
8917
7369
8894
3218
9111
1774
6339
1468
7916
3885
1523
8717
9649
6012
7797
3745
710
2798
659
4448
7392
6070
9862
559
8288
261
3389
5574
9399
1982
8218
5681
6358
1979
3300
5828
4378
9210
365
995
8976
2398
2799
7199
212
4961
3274
2172
1270
6465
6405
4243
7303
2197
1783
9254
7009
2739
6135
8088
1757
5906
2592
4286
4831
8250
5391
4439
8440
9828
5891
3002
4229
2773
5867
9746
6220
5090
9720
1185
5932
53
5444
8765
5495
514
2910
4338
3961
2174
2757
4775
5802
7235
7307
2614
7567
9106
6045
986
2611
9652
8959
2159
5494
2836
9065
9815
3240
3162
552
9853
2386
9889
623
8116
7004
2455
3006
5439
4760
9950
6769
9824
3727
2265
2852
1630
2929
254
4078
1312
664
2462
6341
9769
4188
5277
6203
4804
5814
7201
7871
2475
3981
5560
753
5902
6548
6361
7666
4102
7981
6053
5993
8731
2183
7907
3851
4929
4761
2316
7629
2165
5839
2879
3410
6822
6728
3537
1498
6881
7825
946
6535
821
94
1277
8129
3099
3261
1477
921
4034
4564
8427
3503
3493
9245
7559
5979
7858
510
5768
2011
9448
7452
3289
6185
6596
9067
4296
75
5982
2504
8369
9851
2018
6890
8772
6940
8374
2749
1961
800
8846
6458
3481
1966
5497
1683
175
822
8558
3306
3241
6849
4274
4356
1905
8573
3425
5163
2105
4623
1250
8581
278
4347
2311
7273
6736
37
1033
8330
1709
2469
1942
3477
874
6326
111
9867
641
7897
5429
6374
8940
7076
1465
1676
3309
3920
4707
1989
9505
2830
8455
3911
290
1869
7484
1338
4247
7704
1950
1628
6150
4858
7094
5722
324
1960
9909
5103
8107
3095
4601
9696
338
1704
963
7928
5714
2686
9336
1175
608
2793
1998
4467
4591
6799
5819
5590
302
9113
9681
203
4808
8360
8220
3564
1852
3833
5463
8066
9842
8862
5192
6495
3775
8713
6412
200
4242
1487
1887
9186
9535
6847
8533
3484
3645
8298
5235
9486
2560
8314
6534
2796
517
2952
8068
4911
1445
1657
3181
4230
774
8990
6281
621
8735
8137
8174
9253
6564
6021
5513
9417
4666
8203
6027
2518
7087
6264
532
7079
8064
697
9838
9266
8632
1083
8468
1133
4935
8335
3847
4805
3166
5715
5698
8339
3763
9396
6064
1478
9077
2738
4423
5075
6142
4682
4569
8235
5545
3591
3353
3082
3109
7355
1633
8851
2190
5387
6755
2622
7438
4726
1458
5242
8847
4424
6964
7506
761
4541
9045
2175
8430
8312
9390
782
2902
9242
313
8015
3491
8393
8500
9029
3789
5130
9044
351
3994
7892
5954
3404
856
9288
5499
6716
5401
7569
9360
7904
5092
1549
3815
5483
1136
1500
6887
2472
9074
7064
7613
5632
1384
9868
1333
977
2427
4175
7990
9985
7229
8998
2985
1483
8342
7390
3325
1696
304
5421
1755
8119
7857
1708
6554
2694
9016
3894
906
5406
1868
1007
1610
7935
5936
7352
3880
3365
295
6086
5650
9694
8742
9501
1187
2760
4590
9327
7358
6530
1461
3180
6519
5871
9832
6867
8695
9808
48
9322
7344
3059
1092
6449
1184
3371
3633
9225
2230
6557
9967
9512
7243
5322
185
8817
8180
9033
2774
5536
5016
6623
8219
3455
3871
455
9805
7917
3600
9714
3887
7563
5182
3139
8961
9426
1719
4543
5610
5937
4789
7512
7839
1555
9666
825
4511
6032
3021
2897
1089
1411
5290
7022
7951
3441
9467
4964
3704
6255
2162
8424
5409
1930
6375
1265
1004
5771
5053
8629
90
7799
8032
8133
5346
117
9109
5528
9774
7498
5986
55
7278
2205
3762
7870
9105
2637
2551
7696
2353
3393
9713
8925
2649
2181
8860
5210
2330
6195
7190
3899
7056
3897
6830
5252
440
9309
3318
4516
6820
1242
224
598
5205
665
7394
9192
2155
6815
1412
1581
4655
60
1667
3030
2355
4437
1534
1195
7039
913
4984
194
7712
151
5917
3601
5914
5278
5740
5234
2842
9179
3836
2605
1495
6155
6105
4456
3342
9654
2626
1216
1401
5004
7872
7979
824
652
4474
9469
6031
9594
3917
9798
3161
966
6505
8780
4570
2785
3933
2372
9146
8796
2393
7218
8022
9578
4334
1621
569
5872
1322
979
6414
4681
6074
8826
1624
5474
8079
3561
8155
1566
1042
199
1877
4651
3058
1309
225
4057
832
2534
8952
5177
9285
260
4824
9903
7185
1938
3931
9555
5549
2935
1629
678
6657
7622
7676
4459
1095
3262
5196
2138
4736
5775
7068
9704
3073
4740
9357
4151
8698
9209
1438
164
2361
2887
2188
7081
6956
9844
5763
6243
6325
8728
2709
2810
893
4219
7224
4225
9368
4741
7092
9716
97
4957
9880
8368
7074
5131
4576
1102
9483
4695
1266
5527
6889
3861
3773
7346
742
4587
5648
9687
3785
3711
505
2256
3228
1830
4659
5675
6650
6864
9977
3777
288
4269
8870
7412
3901
3170
7530
2288
5198
4095
2998
7821
9255
8478
2899
1721
9046
5980
627
1607
591
6960
7200
3411
2806
5116
3771
312
9751
3462
7122
181
3927
3764
8259
7449
3231
5761
198
4785
9272
3782
2163
815
9147
8712
2895
145
4015
3437
8657
9812
8353
6546
4609
7359
3517
2829
5863
2582
835
4455
9464
898
6293
4519
7254
4791
9513
8291
7929
7057
7794
79
4737
2653
231
8484
8156
4396
5846
3682
2366
8890
4281
4450
4432
6450
6663
1176
6484
4731
7995
5407
9703
6279
783
6787
1871
1000
9759
9657
4658
814
7734
2430
8366
8199
9843
2441
1738
3165
4873
6381
1499
8866
957
3468
3835
7491
6415
7283
9604
5013
6182
6675
8397
4849
4385
2457
8988
8678
3621
6946
6066
1028
3756
990
8528
9381
2189
4344
8159
393
2144
1775
7992
6879
378
6802
4556
4978
7374
1334
8837
3403
9927
3982
4051
8771
6699
1
4762
5591
2908
1041
8738
5840
8177
9738
5344
2454
9308
5376
3374
1810
6575
7531
9536
1241
9073
8485
5173
1654
1017
6763
4006
4166
9053
7171
5850
4316
6987
8968
1558
9019
509
5916
7456
3879
4377
4244
3624
9818
1219
6444
9427
9756
6420
8839
8845
8438
2412
3039
867
763
8503
4896
3888
851
8106
7367
1228
3221
495
7420
8303
3907
5900
9836
924
2284
5438
6276
3416
8279
1340
7348
2526
202
4313
1890
5132
2652
2120
6562
9197
2870
5268
7758
2823
5955
9484
3914
9740
276
6517
2199
5337
3956
889
5349
153
4449
3840
8195
7959
700
3632
9545
3359
5437
6410
9650
650
9300
1240
6258
6951
7101
2062
1993
6882
3153
8445
2597
9789
719
1233
7286
1079
3744
1729
8034
956
2157
3791
238
2859
1300
160
7437
4326
9138
8916
2119
3937
8907
9748
8446
3688
1697
6700
5546
8838
9870
6883
3447
3283
3988
2522
3569
6257
9385
8658
4264
1203
6877
980
2487
7627
9706
1065
6593
2219
8895
8924
4312
489
5750
2149
3720
8151
7455
150
492
9198
8530
3757
8448
7324
8878
1107
7996
2946
535
4353
878
5827
6628
9075
7078
617
7522
62
2514
2863
9576
35
795
6948
7940
8491
3314
6323
1552
5273
6196
2981
4268
7832
9980
5649
4752
9532
6790
5487
3523
4428
6151
3509
4898
2753
1925
6270
470
7740
4386
6337
2569
8886
1535
7624
3327
4693
6459
6928
8545
6044
2215
9170
7461
9257
9602
2882
5644
2166
9165
2146
6378
5287
7875
6076
2109
1893
3999
8228
6280
6532
8154
9732
8829
9125
1766
1557
5266
3826
9638
7233
4042
5117
114
6262
7615
7549
2309
6141
4045
9048
2101
4677
7850
4407
9049
1821
1524
5279
8570
9775
9498
4970
445
9907
7541
2333
9014
4160
914
3406
3149
9153
6540
8594
3516
1238
2458
1342
4421
9066
4413
8402
5786
1987
9799
9384
2244
2098
2838
5709
4806
8238
862
981
8910
5876
7239
9854
4641
6606
7550
5753
87
703
8089
8422
2524
9707
4393
7742
1922
1379
7386
5843
9351
8669
8060
5972
958
7800
9758
9613
9177
2598
3201
6713
5593
2714
2769
4402
9922
7957
9244
4817
4253
7213
147
5609
7397
7333
9574
4297
1626
6350
3622
5475
1352
7787
6005
8906
7376
1945
7210
1311
426
4332
5367
745
3450
3912
4675
2971
8911
9882
2847
5402
3858
8272
205
6028
4993
5134
1462
4112
4499
4868
1546
7949
6684
9937
1744
4305
9857
4718
8919
1531
9701
1957
4191
9565
1394
484
3729
3432
104
2088
4097
899
8933
2242
8611
8934
2164
3362
7145
9711
6942
9519
7964
8477
5984
6619
8350
7648
1508
8833
4687
1595
5333
9765
5838
4908
2182
2131
4674
7725
5403
2280
6386
4128
4333
6698
2865
3138
4081
2222
4776
9698
2117
1915
7860
6506
6138
9132
5598
9355
166
7747
6453
4617
6128
5472
853
9858
1919
6550
1416
9471
9278
2660
2692
9275
7791
128
4109
2924
8730
5607
8113
2348
8410
8810
4218
7686
7558
3774
1016
5414
7399
3909
1098
7339
8562
9605
4795
384
8168
5563
8707
266
5812
7055
7128
5034
7609
5997
8467
4468
8957
6999
8540
4966
8231
1382
4156
2026
1357
949
5953
9394
7381
9124
5759
5300
2533
3157
3022
6513
8913
7761
6490
2634
5178
773
4743
5583
2625
478
512
7555
1397
20
5489
8509
5869
7159
3853
8077
7302
6329
5933
5616
5581
2777
3671
5799
8121
8001
1616
7739
3040
5318
5526
4487
8269
9556
6907
8408
5707
2735
4404
9616
4501
1271
2554
5983
2964
9742
6247
546
1274
5086
1889
2496
8040
9763
4950
2541
8932
3445
1111
1387
6885
6160
1824
8858
8057
2762
3434
725
8941
5486
9051
2408
2844
4998
6865
3806
3726
576
3526
8504
7983
2747
1482
6022
1275
947
8882
4709
38
4321
606
6753
8061
368
3427
329
5200
8243
4577
1218
5311
2376
9119
2047
9596
4331
355
6441
5881
5572
9902
1820
3997
1941
3428
1675
6605
6210
8510
9946
9700
3197
8304
8323
2980
3275
1964
3746
5443
5960
5139
4228
1450
8729
280
8171
5865
8201
340
733
6360
5416
9436
3470
6503
6340
5153
8578
8377
4965
557
4586
5673
4199
4460
7612
7749
4265
7765
7019
5693
7596
9220
1435
1173
5373
5141
4221
4138
790
7527
3733
5465
522
8266
3575
1099
1974
6088
438
8694
7743
3647
2745
9370
4290
7322
9189
4924
389
1169
137
7448
8306
6387
6901
6902
5083
8483
3451
2329
2326
8317
7125
1835
8343
9932
693
1003
3160
1231
8456
9875
3284
2312
3292
3299
7753
3009
2362
3743
4946
9563
7136
3474
2656
1269
6009
9240
3132
6558
8836
3396
4528
9527
7383
6067
2921
8336
275
334
8966
2314
9633
82
7433
462
9768
5666
7401
2566
9195
2807
2404
8049
6571
6194
5114
9289
5704
2315
7830
7402
230
6566
7065
2104
8331
8727
8464
8617
6478
674
5605
9627
6638
2927
6285
6215
1422
7123
5586
3081
8423
6224
1061
244
5368
8285
167
6720
5655
330
983
9269
6177
7444
4063
444
1599
3230
9554
7069
848
9943
1425
4571
4419
9727
9992
4567
7038
1904
6291
9659
859
3980
5350
4329
5804
5342
873
6352
1198
8737
5397
9142
5017
8462
6950
468
8082
308
9723
8929
1226
1396
926
1121
3583
2822
4595
8398
24
8762
4366
9129
6236
5940
2042
5820
5171
928
81
7236
5482
7773
4513
7849
6334
1707
2833
8525
9601
5677
2578
196
6821
8085
8922
5602
7291
8788
4596
2590
1896
4700
5431
4489
4368
4382
4220
9086
8593
1685
3401
4114
6242
702
8404
8460
2264
1257
2858
6611
2304
9750
942
2237
1937
5772
8382
8466
4987
2661
625
1602
6834
2618
7299
9263
4206
651
182
3260
8973
7385
1494
8352
1872
8547
5578
5904
5517
1718
303
432
2629
1409
2727
1213
3392
3387
6308
9041
7562
1638
1623
3060
506
4945
4084
1962
2483
8362
5422
7660
3460
3499
1046
9712
3557
6795
6109
7040
7430
7083
5313
2972
6448
1569
1259
188
1165
5081
6580
5824
9230
3812
5860
8184
8367
9886
8432
1267
4688
7323
5202
3269
9859
1481
5587
1446
3862
6161
7812
3802
6524
2734
5989
1776
5026
5873
6572
8686
2254
549
7942
9668
1189
9743
7015
7906
5915
3608
8392
2791
6254
9667
9176
6057
3906
1074
2511
4409
9912
3681
4991
1101
4020
3694
9134
7969
9744
6416
6452
1317
7790
1014
5787
2063
1426
1661
168
4208
8638
9168
4195
9052
2860
7547
563
5639
1517
2283
5289
8254
8341
8496
5656
3617
4948
1618
9629
6272
3844
2173
9624
9375
2811
347
1048
7927
84
4389
3953
7232
7911
8493
2091
7105
828
8045
2416
3958
8006
1840
7748
5776
1378
7256
1632
7918
5935
9786
9421
3326
5229
47
8635
7701
3837
9104
9409
6930
5274
3390
8875
3990
9749
7662
9434
4140
3420
908
724
5837
9628
3964
5162
410
6111
204
400
4634
6547
7702
8679
5720
5558
2094
9332
4645
3136
2078
7926
1328
8313
9572
8252
7182
5957
7297
9489
6959
7511
6164
5217
5690
582
2497
2291
7861
8042
5599
3276
7453
2763
3315
1687
5400
1372
3454
1866
2297
3813
9303
3796
6568
131
9558
7557
9925
1963
6170
1560
259
5543
7729
1390
96
2987
8539
2956
4845
3716
4559
3573
4839
323
4530
2418
5792
2965
9058
6349
5168
538
6577
953
3944
2023
6183
4992
3088
4473
8328
1157
3531
2662
7631
4262
7135
3784
8453
4773
8568
8242
5079
5051
1262
8954
1923
5452
6688
4451
343
7915
5471
3426
1706
8872
8565
7052
6599
2733
6541
2068
5124
5105
880
4711
1217
7267
3036
6920
6893
3211
8126
3667
9550
5383
3811
4598
5326
2545
9183
3522
8529
3304
9430
5674
4749
5067
3388
1733
3707
4732
6701
1879
4809
1894
9847
2185
5500
6974
1155
5280
6760
7154
7618
7976
5588
8087
7820
6723
7844
8182
8078
4544
4405
8223
3032
7268
5594
9264
4894
5630
5584
2184
9324
6204
5022
6454
1973
3852
4387
227
1543
8690
192
9444
6400
4843
4769
7733
3672
7163
6866
6772
4146
7384
5323
6783
3935
3560
8651
7561
1736
8704
9776
6060
9481
6977
8584
1800
3331
9072
7649
9173
4315
7937
1953
4009
9431
6515
1154
4850
2001
1197
3456
464
2396
5104
7710
3478
1326
9185
2055
8625
1056
2451
6533
6181
6309
7318
5889
4525
8414
823
6237
2482
9054
6497
9305
1988
3307
2706
8789
4647
3893
4977
7284
9821
169
9544
2499
784
1684
8435
1611
556
9473
6230
8522
1076
3110
2359
1354
6466
112
5735
7611
6123
6597
7746
8768
9001
3973
435
9600
3067
3842
2170
4458
7167
4047
6190
726
2352
8264
5307
1644
4552
9227
353
3208
7219
3025
4261
7880
1085
3101
5612
9025
5998
8144
4882
9047
5155
9897
4475
5774
7149
7197
7763
4832
2092
9822
4120
5964
7026
6711
4217
2502
4137
7104
4496
2721
6283
4810
6216
4155
2986
5137
766
6993
7160
3831
6674
9761
7602
8642
40
7366
5576
4241
843
3607
9496
2405
3252
5679
7703
811
418
8776
5821
8492
4196
4722
7176
250
5111
1713
270
4921
6140
1544
6809
3083
6565
5683
2617
8480
8278
209
2331
2506
6551
4066
1428
9900
6146
1662
5703
3113
4207
316
636
9924
553
3104
7517
4747
857
5731
1337
5232
5535
5794
9376
9531
2004
6147
2448
3033
2543
4867
4797
8490
955
875
3258
8025
3651
9928
109
3799
4512
4562
6068
8709
6335
50
1502
6287
2233
4472
5716
105
5055
2084
9864
6972
7164
3395
7687
7575
9609
1484
2411
7098
3626
5301
1911
1436
9344
4982
7328
3505
5492
3407
4036
5785
8459
103
148
6908
1170
534
2035
8667
9145
3011
638
8550
3758
9069
8419
4515
5501
8283
5091
7737
7852
5309
7143
715
4277
5012
4910
5281
7441
4330
6592
7784
8232
8702
6904
2043
8921
5434
6872
7603
923
8277
1086
9665
9468
9190
4503
7250
7962
3689
778
2031
4639
4294
1763
2767
4303
8782
4931
8815
3213
7502
6156
8901
6897
7140
7226
7946
4648
3071
7320
2075
5365
3950
2236
9470
5622
1589
1710
3597
5072
718
2728
5847
9160
2603
39
25
8939
9961
4842
9568
214
8003
1012
7808
9610
6178
8930
8512
1403
2869
4354
6587
7177
3736
6373
8880
727
3845
6113
7408
220
8163
6781
3131
2584
300
3466
3702
4555
3091
9672
4198
3458
5321
4875
1147
6775
8790
9584
3949
1201
2828
5924
5943
5410
349
274
5176
4275
3243
6475
2857
51
2744
5880
6004
482
6117
1803
4254
2212
7364
7810
868
7833
8867
5447
1970
9785
8429
4551
8376
7647
1952
5194
950
1992
33
2527
4951
2308
8096
1849
9136
2764
1801
902
6837
7133
735
2521
9386
6632
8965
5747
4815
6616
1822
2395
4239
6618
3970
8204
619
1622
454
8240
1845
6025
4089
2245
9615
805
4376
346
2025
8986
8552
6014
7464
1151
9149
2876
9685
5028
6434
9528
3734
1279
1537
661
7100
5039
6093
8103
6665
1814
9023
5947
7428
2428
2557
9117
4856
2699
7847
2892
241
5968
8769
7869
8062
436
9989
3849
7414
441
3303
2049
7856
4730
4400
765
9990
5193
1254
7046
5158
1556
1134
7665
2926
8481
7950
7398
2501
6869
3341
5966
7556
3984
7416
5299
5737
8914
2896
3629
4025
1885
7933
1130
1751
8975
8865
3962
758
8101
477
6310
4553
8719
4980
8280
296
8421
8670
7285
6092
2755
4533
4153
1351
4812
911
5225
4415
671
345
1144
3699
2383
9022
7473
8761
1449
1980
6018
2286
4173
5343
1651
1650
547
1653
9674
8751
9221
4003
95
1039
507
7841
4130
6925
2289
4724
8991
6941
9286
5697
6455
4566
5877
1232
284
1315
2030
1832
9540
7474
4306
9143
7215
7771
7007
4994
9442
985
1873
6061
4266
3993
5930
8120
6595
4411
9323
7257
6927
7741
6294
7351
5542
4177
15
729
3878
6923
1227
1318
3412
2500
2881
1771
124
1853
1975
8023
9878
9852
7269
1069
4960
7966
3905
9378
3234
5047
6371
2891
2779
8197
5516
6438
1782
9040
6953
4670
14
5864
1997
3532
7422
5734
6917
9837
9460
422
9151
5552
2471
387
6876
6331
5803
8843
4351
982
3520
8075
6634
6612
8138
3164
6422
3112
6785
861
2013
3424
487
8318
171
6735
3814
7524
1829
3414
9934
6222
4214
4801
8105
4784
3244
7331
4772
8844
1168
8649
2550
3872
9899
2375
8320
5156
4126
6231
952
991
775
3042
1819
70
8275
4828
3508
8822
4427
6462
7767
628
9938
7147
7824
5379
4288
402
2788
8123
8396
4906
2095
5971
6154
7939
8013
7313
3057
7968
2729
5945
7930
207
1376
1398
5702
68
9575
1115
9541
6766
5441
9553
1431
818
8148
5907
8011
3739
2328
9380
1355
5423
1370
5029
2484
8885
9037
7345
5241
5833
3942
4745
348
251
1453
9529
8855
2736
8841
7061
8080
4216
1356
760
9996
1053
2118
7252
1100
5835
412
6000
1207
9398
2903
7089
1002
5628
5057
9292
4500
6338
7598
6895
2596
3971
8399
8018
3013
361
9233
366
4820
9784
8750
3147
9988
8656
1110
4631
1541
8390
498
6073
1106
7214
7776
1572
5417
9809
6538
8560
6084
5758
5909
4021
1344
3264
6249
6992
3890
5369
6722
5208
7108
7898
5188
4143
8637
1268
1082
8426
5121
5084
3034
5806
3313
5931
2950
2720
6152
6347
5454
630
4710
1373
7803
1912
836
6978
4583
7735
4464
6034
3866
9449
3436
799
9325
475
1440
3070
1971
3250
8633
4979
3817
3788
8630
6529
6489
9791
3384
9834
3769
4800
6825
9752
6853
4643
4713
2360
5939
1735
4260
352
7220
7157
6213
3514
841
4928
6039
1188
4339
2583
7168
9415
7334
133
2967
9941
2620
1131
6274
5110
8537
2176
8561
2906
9097
3098
4053
9036
4309
1770
3494
101
5577
2293
9904
3841
8614
2825
5696
4434
2127
3075
3391
7118
8804
640
4725
4702
8193
9042
8070
2310
9057
9080
4779
6398
6965
6055
3891
1417
1018
9933
7581
1005
5059
3286
2069
3820
439
8848
2339
2994
2410
915
5661
8861
189
3915
1692
7259
4834
8167
7458
6297
6852
6621
8183
8928
6413
1636
3778
5146
6613
679
5621
3068
3869
5890
1196
8117
1673
9930
2377
8249
6043
4272
1202
7888
6234
3338
1406
5002
996
3627
5480
2930
1325
5946
5883
252
6474
3938
6851
5000
816
3
2160
9793
3194
941
7999
6841
3987
3533
9662
809
5098
263
1641
7120
1023
5834
8418
7781
2984
8692
6129
6366
6008
3718
5453
106
423
5764
584
7183
7984
7155
2135
7788
8589
5522
3513
5951
7750
4696
8945
6030
8710
375
4276
7987
1831
515
4148
2019
6367
7863
653
8401
8781
5788
405
3190
8551
8654
2073
3029
9215
7405
7372
2657
2111
6103
6209
7424
4461
5579
1856
2867
4240
6862
1906
392
7621
2206
634
4588
5043
793
4650
156
7048
3966
6737
9959
7831
8881
4985
1747
7903
3236
9164
9485
4357
4902
9709
6312
6741
6212
8803
7360
8010
8005
9492
8842
3965
7409
9866
6764
7186
2730
1194
1278
3148
8849
4453
2498
7504
9958
1679
951
3096
2081
6676
2238
6125
6826
7954
6704
8665
2041
2623
5133
4899
7354
4463
4947
3066
6868
9089
788
7640
9874
2468
9262
5608
239
9726
6762
2485
779
1068
9163
6201
6528
7539
8302
1939
5351
8295
5999
3204
5360
7114
5354
8044
2685
4384
9644
3615
2259
5894
8608
360
7472
6290
6696
4033
9200
6625
1192
3459
3703
4124
5347
4212
6855
2453
2993
3581
1788
904
2387
4292
9367
5066
1686
362
6980
1122
8832
8821
4605
7843
8407
658
4397
5064
7234
4447
113
5010
8897
1388
2805
3502
2669
6743
4665
6828
3167
7637
443
3446
6768
9533
3922
7330
5107
4854
8337
901
7653
3273
4345
9445
5779
716
1261
4938
8375
7221
1859
8600
3255
992
5341
683
1186
7067
7058
1880
1451
2968
5048
9795
8
4115
8301
4435
6733
4781
8660
2217
5561
752
9258
2939
8004
7617
2573
4829
5040
7688
6024
4565
1511
235
2371
3442
8663
5070
8479
350
3000
6719
8109
3004
813
4181
9012
9640
7537
6388
8497
5565
2890
3381
7822
6527
3226
796
4997
1179
850
2663
2969
3805
3191
8741
5094
5262
6937
9236
7298
6926
586
4630
8143
2912
8436
2593
5783
6679
6219
5470
3027
887
4493
1785
9618
5286
9196
3093
5136
1442
4076
4706
9603
5875
4754
699
4249
5631
7764
9796
698
5338
6406
5684
2591
6425
8039
8056
331
3435
2862
7139
7868
1848
3628
6488
282
1828
2563
9885
8722
9620
7088
8372
5169
4103
8210
7731
7175
5892
5665
1463
6485
3830
3312
7595
600
4563
1897
1222
9231
568
5082
4975
5523
420
6492
9347
9157
3107
1855
1520
6052
8641
8027
4885
711
572
4954
2241
1574
9631
9557
7012
3530
6282
7161
1381
5478
5197
9060
1567
2342
4534
1164
8992
7487
5810
2911
7947
6320
5861
7488
6300
3536
8892
4085
1515
8406
5823
9612
8955
605
9595
8325
5093
8873
8389
7341
3350
380
6198
3134
3100
2340
5868
6811
3108
1968
4782
8532
4941
7084
3932
3618
5432
896
2659
4668
6186
9379
732
4258
1514
5019
8140
8257
4101
2722
9802
2507
2221
3541
6845
5888
2492
6442
2271
4626
3524
6727
8349
2624
2548
401
1182
9115
8127
8100
6233
8745
8962
7096
9478
159
328
3117
5435
2476
8896
5154
3936
4506
2904
4462
5670
5793
7650
5511
9252
178
8903
9883
6072
2419
690
8207
9389
2467
5216
3319
4974
5767
488
9607
8324
4774
1369
5848
7934
3874
8766
9032
2999
7683
708
2273
5138
2051
5185
5530
7382
7762
1601
6939
1577
2933
7053
5467
1522
6545
2263
5845
2027
6439
2782
8097
22
999
4484
7641
7275
2171
945
4790
337
3086
7673
4990
5836
2335
3808
1383
8622
4604
751
1907
416
2114
9087
4013
8373
5490
6512
7486
9296
5512
2529
2285
6
9699
6496
6090
6226
6958
3923
7685
6239
2231
6171
9358
4739
2713
32
1348
8380
6275
7713
5027
4107
4024
9762
6351
2856
8475
8697
9779
2874
4454
6929
3873
7580
5913
7728
3535
6740
6250
3562
6909
6268
2513
6880
4480
2665
3676
3310
858
7520
4699
1058
4913
1837
9084
4661
4342
7980
599
567
3943
6751
2668
3709
987
4039
3111
8316
3135
2435
9951
7317
2194
1307
9281
5969
2034
3487
6705
5129
1672
2990
5657
4100
2630
4807
1329
5430
5380
8115
1224
