3651
4716
2742
7544
73
5649
9145
9501
1458
6770
9159
7559
3905
7983
3628
7204
1094
3402
2553
216
333
6368
3782
9216
6690
222
6676
9160
2071
7364
2552
247
8199
7535
3526
7248
2800
3940
6077
3542
8191
3456
3692
9280
2091
593
9732
9930
4580
9754
9911
9683
7803
7473
4852
624
1026
6183
5475
2075
4849
4805
7207
5984
6109
271
1383
8738
4052
4330
1640
5027
9836
7298
7413
3594
691
1031
116
3449
5054
6092
8961
222
9691
4401
9409
5859
1537
8128
6783
4412
9616
4166
5962
437
655
2193
8241
4739
6121
8237
1985
284
7365
8730
8375
632
1540
2335
4300
1272
9813
7368
2954
5016
2961
5353
7365
4267
555
7273
223
4906
7834
1004
3008
3065
5605
6480
4478
7795
4457
8702
4896
6362
4147
2266
1423
3161
5692
8204
7123
779
2921
9341
1772
8160
6010
9247
3520
1546
5830
8077
484
3489
5722
1873
7147
6797
2041
1093
2799
6126
7685
4745
8776
4744
57
5743
9826
9845
789
8931
35
5584
8770
4539
9376
1557
5171
2750
9573
7907
5019
9492
2852
5013
9101
6682
534
9774
6955
2293
5106
6745
760
47
9744
9415
6928
5846
5186
602
4239
5143
5307
7164
2208
9912
9448
5008
6286
3515
1999
8082
7995
5671
2013
1320
8728
2941
6245
7315
6244
2077
1733
2003
2965
1589
3453
2937
7616
1804
2481
2869
5155
1977
1617
8045
5214
5679
3755
6756
8281
6461
8296
5134
3741
2885
7758
1653
8229
6041
1422
4615
9555
9600
470
471
1309
2164
5822
439
5371
9388
6916
474
9977
1416
3997
4572
9105
8076
7450
8910
9596
2995
3677
9644
5520
8897
3176
9400
6957
5172
737
7742
1314
4958
6716
2656
956
9734
7766
6464
3442
4653
9683
6799
3453
2768
8395
7811
8935
4075
5514
8453
3003
7152
4685
7512
2741
4414
3106
9223
4725
4663
5536
7493
5788
2518
324
2812
5609
2175
859
7095
4905
8517
9962
3833
5140
370
6363
3956
9393
1954
4713
1003
5470
2179
4469
2797
9902
2232
7447
7361
1330
5476
1996
1720
5850
5676
9453
3217
3233
9678
9934
5606
6094
9951
5516
9448
6964
1279
2416
2131
9088
7261
8514
7830
2128
8485
1901
6816
3600
5361
8976
7974
6118
942
4504
6879
2649
1294
348
3958
3660
3156
3792
9626
8227
7076
185
3624
4848
1684
8572
8150
3156
3422
186
3882
7960
3163
6186
2863
1739
6019
7686
9941
7871
4711
3315
4887
2091
5689
948
1571
8856
3693
8851
6069
8746
9159
3956
5289
2721
4529
7009
9757
8794
4984
7150
6995
655
7048
7076
5557
488
1220
6403
8515
8419
5165
505
1727
4263
6440
3635
7690
106
6621
3953
1347
7749
424
8985
1553
719
7689
6700
9071
7182
3488
7899
1883
7159
7608
6046
4032
4538
8185
2001
5229
440
1440
7097
4543
2093
3199
4254
6529
3491
3617
3381
1788
4487
8038
5501
5841
740
1106
9717
8499
5476
6456
1848
884
9592
3998
5011
9548
4652
6784
7085
9449
947
4943
7487
7507
1580
1203
6200
7256
8048
6789
508
1329
5032
6679
83
7373
4079
828
7040
3796
7285
1643
2467
2559
173
3384
7391
9598
6424
5364
6243
9789
2294
1215
5329
2491
1355
5996
1631
1461
4023
4774
8964
9
2794
9627
7675
7467
7378
2841
7166
3968
8018
352
9159
941
5698
1627
1559
3373
4107
5002
8814
6711
2170
1092
5831
5731
1301
5957
1628
8540
5702
6576
1247
4575
4184
7015
876
6917
2552
7088
3501
4291
6980
693
2935
280
2750
6215
5089
6849
153
4593
3581
1359
8609
2831
3860
2132
6134
2783
830
8604
4258
6475
8072
9396
965
2083
991
3300
50
433
396
8271
5234
6246
4729
4599
3896
2921
2984
8474
8696
820
7561
1987
917
5866
4360
4419
3418
3311
4245
5412
9197
8725
694
2380
6953
8780
951
9176
1390
1500
670
7199
193
2693
8221
443
8417
211
8586
6646
9918
9208
4376
4424
6481
8602
3902
1901
7175
4503
4275
1420
646
7726
9410
4368
7173
3472
943
8307
363
4077
1342
9038
3433
9937
2262
8085
619
9523
5563
3681
2750
4981
6045
2348
5388
881
9306
2623
7795
1433
8502
9795
3913
3126
5914
5183
7004
4450
8505
3261
2710
4800
6907
4171
9665
8170
7952
1941
1834
7480
218
1581
1056
7452
1772
2873
2780
7758
1921
5339
7364
9109
8138
2911
4723
1744
5743
2793
3791
6773
4281
8145
96
7974
8869
7622
3834
3022
9840
9291
9135
4683
3664
3876
5344
2522
580
749
1795
6670
944
2931
8872
6528
5422
3128
556
6805
3442
4465
9741
9422
5830
9611
7268
690
4694
2474
6085
4267
1210
5694
49
7146
7501
2956
8040
4660
7193
8970
293
5796
1887
3787
5247
520
3875
6224
8970
3321
2683
6357
4035
1941
8416
9274
6506
6607
6887
9439
4534
9262
3366
7946
9100
9159
1071
8558
7503
7791
3376
4308
8983
1606
8074
6102
4425
2377
8940
6964
5759
8580
7994
549
1424
8753
978
1255
7491
5813
2420
2465
8063
2550
5441
961
6010
1047
1964
6828
4731
7244
7012
1398
3665
3691
3766
6514
8176
502
5761
6096
1287
247
2561
8099
7568
5682
6870
1384
2443
8069
8601
7732
4360
2863
7096
8258
4758
5159
8518
5748
5970
6317
6092
600
2523
706
2831
8815
971
328
7967
4609
626
2520
8020
4609
6673
2865
4953
3907
1082
8422
4841
4208
5337
380
1393
3765
1996
4423
2973
4809
836
3617
4135
390
1926
1807
6596
4621
2502
8617
3689
3947
6212
6163
275
8285
8007
9083
157
134
4340
5702
7948
6733
6583
812
4036
4377
4867
130
6908
9513
6688
2824
7252
5138
6068
5197
7954
1009
2016
7444
445
3241
7790
9356
6455
2762
9685
7217
2075
4799
4117
3764
4224
4492
2855
4828
3056
1776
9734
2677
6570
6638
2184
2982
5769
3745
4626
5409
7056
4730
8901
5991
2595
5386
6173
6306
1430
9356
9034
6789
5761
8003
570
4899
6600
9400
2625
6019
3025
5582
1853
4506
9700
5970
2059
1638
5813
582
5700
6928
599
3872
2276
9260
3667
8537
4092
3642
2073
2792
7722
1461
6288
5237
5322
2304
1001
2334
7403
6155
8979
2443
5407
4943
9809
981
3501
1063
372
2599
7737
3133
5565
3116
8156
5658
6670
1992
8213
4912
8530
4318
3685
643
1065
3229
1380
6243
9133
4824
8319
9334
4230
7607
2564
3289
1453
2632
832
1195
283
3314
2118
7616
1315
9148
449
7594
137
8684
4124
4949
5839
782
2334
5396
8559
5874
1751
9755
9337
9561
3021
9043
1996
3592
7356
9569
8191
6817
7051
9625
8069
1349
8238
931
2824
6454
9645
6796
1556
7658
6603
1238
9487
1785
7814
3608
9423
8261
8528
6506
8046
3443
3320
2636
6280
8576
3591
5247
9066
7280
5836
8047
6222
2224
6099
5419
4268
5502
9434
3832
5869
1595
2233
8232
4892
3430
3593
243
1947
5139
8978
1851
6932
2824
7132
1352
3072
6440
1836
2617
858
6020
2945
1054
3105
8719
1754
970
9752
6857
5286
2312
8292
6525
6923
4671
4734
8719
6850
4622
2315
9839
8516
8841
7807
1083
973
2361
1840
4425
862
7732
2216
9596
1948
975
488
2044
498
5716
1969
419
5267
9524
7698
7576
7572
9375
5211
7911
5252
3844
2294
1535
9607
648
9920
9751
3720
8773
412
7992
8683
3471
3607
7530
8223
5294
5419
5460
1063
1168
546
4153
44
9210
1945
300
4994
741
729
3384
6710
7297
7576
9726
1375
473
3352
5395
1042
2702
9731
6918
6778
9043
9448
8201
2513
7725
4952
146
6750
7349
8559
3749
8594
5402
4398
8407
5944
4462
9926
5818
186
7585
9020
8655
4545
6077
3300
3598
1499
4708
6434
9929
7758
9926
156
4426
9886
5625
3943
8603
4843
366
5908
2506
6352
9273
9753
2607
7003
8430
4831
9982
6283
2223
4084
6796
7858
3605
2752
3807
2177
2705
554
9740
971
9791
4149
4775
6752
2214
7262
7128
2853
3269
2831
8930
3917
8238
2770
8086
606
4184
9883
9590
2464
2509
2148
3165
2364
8303
942
8152
3056
6468
2935
3327
9235
9242
5019
7824
7407
6883
2761
3114
222
485
3864
3605
7259
122
7400
1230
5470
9028
9682
1013
3094
2851
4151
223
2710
5116
2335
9784
5620
1684
132
8620
8823
6704
7996
481
2332
1035
2145
1634
7099
4359
5745
5874
2107
6925
1913
8632
6047
5404
68
7079
5608
6933
611
1922
6862
7886
7604
5886
2055
1918
8573
1250
6667
4165
7622
6948
4371
2532
626
4938
1429
7183
908
5953
3678
8764
6110
1661
8835
1138
488
7546
414
2363
30
1185
9958
1970
3204
4619
1868
6365
4865
6673
9106
6572
6544
2664
330
5539
8886
3459
7800
7272
6557
1020
465
4736
4429
4277
5909
3058
4950
5116
5964
1623
8988
8638
7041
9324
4634
1168
5614
5401
552
7510
8860
8920
852
4975
1173
7674
100
575
6320
4631
4023
1318
7664
287
7486
7970
2784
4908
2511
4034
3409
497
3115
4382
5696
6
7921
1338
6974
3896
686
5523
3882
9840
6299
2540
4967
7641
5946
7305
7005
8339
6236
5594
6336
6490
5271
4610
3014
5296
4246
5691
6518
1400
8462
8022
2860
7099
4744
8247
2999
1702
902
4606
3887
2754
6803
7306
544
9102
325
9099
1170
4282
2988
5010
2278
8833
4986
445
8495
2843
9545
2726
7448
1486
4500
9181
6061
920
1307
6669
8972
8825
5793
661
3912
4934
9134
9694
2690
9780
8541
8804
9929
7291
4414
9407
4868
7913
7527
2836
167
8268
3092
6850
2366
786
1599
1729
5214
4693
9595
2960
6134
7604
1106
6888
794
1948
8104
5800
3685
9818
233
7951
2212
1624
8164
7031
6980
818
8326
6563
8662
1713
1340
4917
8275
519
721
339
7963
5301
1051
1752
2487
4761
8130
3599
4736
7215
7992
7419
2583
2534
2410
4397
744
1805
2241
4039
4937
2701
2413
9507
155
3565
6884
9511
82
4531
2381
4025
9100
8240
4164
7739
8363
7830
8197
8033
5033
9690
6458
1515
85
9438
2269
913
9904
8990
4482
1956
9122
4257
6305
1314
7555
3356
4525
9345
9227
4171
8376
9549
9607
2108
420
9460
4520
5542
3206
5864
4064
6883
5506
7494
8668
2611
3814
5743
4828
5350
5945
3581
8792
1006
5868
7154
7185
6180
4471
7924
7226
4342
649
2676
2183
7811
9633
3493
3639
7200
9345
7925
6984
3083
8294
5283
583
9997
9562
1593
9424
4457
6903
4875
4769
6061
5339
5195
6845
8796
8180
6306
6832
9870
3519
5762
8793
1300
4764
5110
3372
1320
1693
2235
4266
7346
4538
1460
3470
8231
3064
3301
2456
9841
7045
344
2131
4812
3476
9572
131
964
3807
5911
7485
4793
7963
9647
4487
168
355
4236
1314
1938
8381
5441
2401
6972
1638
1678
7752
4059
7617
1250
8629
2848
8150
5148
1304
1814
4227
1106
1987
8595
8723
2199
4388
4049
1349
5219
7974
1466
9530
973
4127
9051
7572
9494
8705
7406
1987
4753
1478
1494
6655
4780
5431
6488
6327
5929
618
7636
3575
3516
7413
310
3863
6458
5085
4189
4701
2591
4810
807
9664
8886
1064
91
3814
84
945
1144
1071
9482
9772
6539
1763
6017
6579
2084
1246
3911
7602
5041
950
8550
8453
2715
8583
9458
2549
1977
3579
8476
3637
3968
2206
8521
1768
18
3530
2527
5778
4174
8047
2314
173
642
2122
1551
6262
1555
571
3484
9308
3627
2777
2787
3734
4309
5490
3452
3495
184
2804
8655
5190
7069
2653
562
295
6223
1583
1064
5841
9825
875
9553
9012
2686
2556
7177
6497
4191
5894
4119
8088
5161
1457
2316
4397
1351
6719
8588
7556
5181
2951
6967
4361
4870
2754
9903
6632
9740
6674
7225
642
6602
958
3967
7699
5858
7415
7794
1396
1027
8764
6736
3411
9162
9081
9105
8463
3257
581
7572
2439
9647
6668
9944
9991
826
9744
776
292
675
8915
7132
7437
2301
4264
5262
8662
5825
2200
3137
6204
9567
8876
3607
5558
5305
675
8347
9971
8971
9239
3553
7190
2475
4328
2597
2731
7131
6724
5763
10
1345
6423
824
3360
4992
4467
3192
3954
7697
8035
2635
1292
6070
5517
9182
1523
5591
9085
9091
5290
6495
6742
2083
7587
6529
3568
5827
2146
2551
4031
3788
803
2761
3551
9059
3784
7976
3514
150
3826
4599
9426
3312
6928
3862
7428
9708
5316
2394
9153
7062
1958
9746
863
3724
9163
4688
6483
6979
7982
1105
8792
7259
1216
529
8715
3001
6618
7625
3072
4825
7924
579
3269
8444
7304
8387
81
8890
4747
5749
4698
3781
2181
9097
6021
4322
119
4182
4666
7650
4735
6377
9851
9692
5783
7264
1522
2618
3230
4253
510
6794
7716
5638
2547
9367
287
532
8888
5103
6252
2426
3575
1343
2866
1589
5963
3222
4018
6435
8283
9711
7235
8353
6868
4683
9685
5674
6173
3854
9911
5822
9236
1937
3516
7826
7149
1170
1546
3459
4675
4857
224
5027
5609
8643
9901
445
3608
9870
4974
2926
6728
2772
6758
7624
658
8473
9884
1993
1512
3827
944
8969
6012
5918
6755
3398
5951
6614
8568
2812
6283
8088
2333
8359
9978
7711
7849
5468
1557
5539
2406
7534
2815
4345
1648
6734
2959
5549
8874
9773
9046
6036
5850
7008
2039
4957
7762
9433
508
3137
4444
8103
8157
5424
5066
6593
6466
6650
5553
9271
7315
4836
417
2999
6308
6286
9923
3468
305
8509
2153
6031
3755
6712
3943
2354
5040
4969
5928
3169
8381
8626
6405
1053
5549
3262
8312
8772
5126
6731
7495
3665
6381
7667
8625
7757
3237
12
8809
9986
4061
2569
6392
5980
7767
1403
5549
9984
6452
5289
569
5606
3933
5780
4750
3657
3585
1115
6938
9263
7778
1913
6653
1347
3546
2170
8921
5115
7134
822
5834
1964
6739
6614
8790
2949
1360
5012
1731
5659
7889
22
8895
6084
2704
7515
2406
7343
2427
2927
8105
1448
1728
2267
2324
6149
1444
8662
2045
9072
1833
8260
3999
7612
5927
8713
6525
7819
4082
1166
4025
8470
8490
2948
7215
931
45
7830
5366
9027
402
4268
4648
6827
6905
8583
9411
1547
6624
6447
8822
7665
4022
6137
5289
8694
4723
4792
5873
654
825
9898
9929
2668
3556
9568
699
4166
1171
4552
1881
4078
3035
9456
5611
2058
165
4334
2309
5702
8177
6933
4395
5659
5649
5961
7687
6558
7943
7247
8975
272
3094
7133
3822
1760
2544
3132
9928
357
8648
5766
2398
1986
4317
3389
3576
1154
3489
6468
3368
7514
7293
5241
7788
3021
1944
9905
3210
919
1654
4798
3540
5572
4265
5332
4329
6661
7773
3839
8212
8173
8920
1795
5384
961
9745
5543
9377
2894
4361
3187
1387
9425
8945
5040
31
2980
1617
110
1699
3282
7978
8892
7038
3287
8548
662
2044
7426
3495
6034
7767
6631
6480
33
6910
7404
5438
5063
9730
9335
9705
413
9254
453
6494
2185
5075
9800
4580
9879
4357
5115
7680
8671
4253
5245
5935
6940
1910
3687
5739
7243
6829
5179
9163
2012
5428
5413
4730
2935
9803
1522
1831
2065
6650
599
5799
3590
3600
9147
1889
5526
9854
3145
6533
8925
9249
7900
7771
1412
8225
9764
9891
5267
1637
2654
4079
3240
7685
6229
4355
4783
6732
495
4949
3902
5706
6233
5152
9854
1661
4386
8750
3425
8653
6529
6838
7218
8014
8276
1449
4414
1120
2981
2786
7271
4602
5005
3305
8329
167
6489
7100
1246
9446
5248
8436
9560
8623
785
2539
5238
4379
9827
9948
9597
7381
9039
1879
4802
7781
8345
6645
4244
7642
6924
2884
6557
4930
1905
9847
9031
2748
1851
4264
3153
9410
5092
4092
7387
8127
2890
5426
1750
7354
3761
8637
4124
4125
1810
1532
6900
8232
613
6444
1133
6271
7585
3254
1070
6866
8809
32
1240
7407
1997
5699
8196
6698
4540
1633
3909
123
5284
2119
8965
7647
5002
1754
9917
1930
6513
5442
2415
307
5384
8064
2022
6695
9539
1500
9679
8471
1534
8349
8564
1247
6113
6940
4894
7541
9761
2239
3147
6270
9826
3248
118
6892
5250
1783
7720
9106
8424
7370
626
2257
7372
1394
1415
9790
4937
4956
7025
4198
8459
7973
7753
5133
5235
7646
8553
6646
8507
4463
3292
7137
7978
511
2548
4309
6113
2636
206
7091
5638
4106
7178
6956
8328
9967
3223
6739
6906
127
7460
5226
3370
3589
9521
6166
7060
3496
2458
3523
2150
142
1932
6213
5070
2842
5444
4785
3990
8081
2110
2445
5146
9116
4597
5550
3724
5878
3894
8977
5739
9508
5671
7755
5171
3379
5473
9834
3141
6576
6026
5626
4858
422
308
224
6096
5033
2628
6377
2059
5181
9128
3905
1895
4436
4321
757
7450
1731
3814
6125
1919
754
6622
4102
7674
8875
8448
1911
8610
6323
6479
7935
3800
1957
2151
2195
1542
5101
3523
5392
9425
724
2900
1901
2167
1284
8405
8318
4270
9744
7965
5135
4559
8990
9039
2254
5532
6324
6457
4120
6014
7625
3308
4348
8095
3511
3696
6531
3548
3619
2819
9776
2179
3756
4742
9986
579
2540
2243
3747
4870
1563
2279
9450
4583
1295
6762
7728
1526
2521
1564
6540
637
6957
1957
6333
863
7538
8169
4576
3989
6583
496
5229
2076
2497
4256
837
4613
5031
5633
8399
7729
8449
1962
3277
8494
8248
4810
909
9887
3893
5732
8477
6145
3386
624
408
7869
5608
5455
5685
9895
6942
1140
4180
5914
6714
1393
7717
6711
9652
7214
2527
4508
2600
8941
116
9120
2359
838
9285
3532
7794
5368
8864
4628
9910
7503
6517
9896
9524
5676
8456
3701
2074
2680
3154
7830
5446
8481
8691
5818
2332
394
2479
76
3617
9933
1988
7550
5206
6781
4276
1583
4615
7847
9386
8767
8686
8123
5744
7867
5383
361
316
3613
7715
2306
3906
8059
3291
8072
7361
3400
2798
3686
2147
826
230
5906
6603
8339
5139
6348
657
2468
6906
3386
333
6522
3471
1746
2751
9253
9777
1612
9978
7276
5667
7222
2218
3083
3218
3279
3945
8346
6127
9786
5923
7772
2046
5576
3668
5627
9008
7892
8917
9830
8774
7333
1943
4946
4969
8558
9833
284
8609
9692
1067
4129
7651
9332
586
6201
4534
7027
5637
6569
2999
7672
1726
5213
6445
4742
3076
9007
4045
4852
8717
8011
6224
4639
664
758
1403
6477
3731
4462
2557
657
1148
5179
9399
1643
1880
231
9367
610
4529
8104
1469
7596
8617
1044
9235
2257
5307
7031
2971
1650
2797
7001
2078
3129
510
9844
9255
519
9946
7521
8245
5719
5853
971
6323
8933
8160
3552
4669
3591
6231
9819
9096
8707
2734
5897
8410
4414
7480
6809
6142
5078
4474
9398
7130
5236
6016
3264
2994
7561
6151
290
2107
6511
6795
2816
1573
8279
3121
6232
3071
2525
7039
3348
665
8031
4012
7936
9814
8603
6132
5529
5076
8611
1932
8998
2142
9732
6888
6637
3103
5265
9389
2475
8625
6340
7594
9462
8354
2691
9634
1417
6551
1420
2045
4355
5473
7452
1480
6359
9090
7252
3103
3860
1814
2881
3512
2726
5259
5075
903
6530
2471
6154
3716
6982
1635
6799
7801
3987
2815
7371
9745
85
9144
5538
1577
2419
8254
4212
19
5881
5391
8458
1873
3128
2036
3185
6918
4409
5816
9623
8506
3225
350
661
7075
3074
7782
8251
2653
6512
9331
8918
908
6179
6065
1566
5624
5634
1282
7722
4223
3262
1593
3483
8309
1689
8387
1922
4815
6079
2833
3594
1632
7415
6936
7379
2009
5763
9524
6210
126
4278
5995
683
3828
7637
1302
9941
3364
3994
5142
7746
2232
1999
4140
1071
350
3171
2765
8994
519
4293
2879
6576
8328
3641
80
1709
9521
5583
9848
9827
4160
720
1973
7940
1868
3411
4960
7702
5419
1510
9657
9513
6960
4521
159
874
7580
7398
831
4559
7104
3691
7853
4765
7779
1842
2920
156
965
9516
6155
4068
6027
7651
1015
5534
5567
4824
294
5706
5517
141
6326
1081
5338
3827
4838
8154
3701
4910
2067
1131
1170
1518
1989
1339
3631
9182
6285
4500
7198
7667
6118
1157
1420
7248
9829
1125
9746
9359
2926
5589
380
2146
4898
4932
8103
9225
2732
3738
6903
8590
2587
8080
4540
6192
6518
4661
1680
6177
3766
8809
5969
9154
2452
9092
4495
8835
6266
712
8485
1463
6560
2908
3315
6777
5523
3899
9071
1643
1693
9779
5402
4157
5510
3223
741
3518
9013
771
7130
8667
5811
1216
4034
4751
3620
6149
7203
6229
3793
9693
7116
9892
3430
8882
8912
9684
812
1980
8023
9693
8095
2119
7667
2088
4371
7000
4672
7174
4011
2459
5743
2685
1253
5042
2836
111
820
3727
8671
2439
5280
2237
9007
5261
7555
8827
172
256
1131
7557
8283
3314
8100
2510
2730
1778
3888
3125
4735
5319
9241
6890
2511
7998
4085
3594
8969
1207
793
5932
7524
7879
2308
7280
8037
4538
5422
2529
3926
8379
7597
7182
3600
2673
8731
992
629
4223
7361
254
9735
5113
1851
54
7633
5213
3108
703
9223
3232
1584
5809
552
189
3141
4356
2805
1811
7978
3780
1112
5788
2717
5614
3441
916
914
7836
827
302
7854
8796
7897
1373
5430
3892
6080
8514
2835
8829
1307
676
3037
8549
8949
5484
2336
1219
5700
327
1802
4330
7018
5474
4429
560
8317
1966
2752
49
9769
2097
2390
3048
4336
9388
7250
8141
3130
3660
6651
4359
7690
1998
4240
6971
7059
9370
7380
3559
5093
4011
1978
9039
9659
7736
2223
6476
3068
5378
8657
6574
4525
5743
1751
8269
707
3920
688
9401
1082
4084
1736
6055
480
642
377
2079
8379
9269
9868
2475
4776
1813
5424
9398
9560
845
7577
2315
5586
4828
7674
7795
3896
9294
9675
6983
6552
445
308
2870
2466
548
439
1919
4186
2739
3295
1451
6581
3936
1383
2766
5302
2906
4415
8095
8143
361
971
8733
7163
6931
176
1411
9378
4639
2184
7821
7302
6977
3424
4162
4111
4587
2950
3430
5309
7359
8185
8819
6047
7467
6420
9196
999
7061
8518
3273
8392
3125
2171
6243
394
6134
3616
7689
9825
6043
4703
8402
7687
9315
2245
9461
1742
292
2790
1553
8208
7216
8149
9829
2614
5475
2947
5563
588
3109
5235
3897
4840
1461
8235
2155
543
766
5648
3698
5609
1632
7666
569
6793
8502
7974
8618
5741
1653
6788
7304
2357
690
496
3243
5445
9319
7088
8052
9071
4989
1572
2098
3579
8811
9213
7120
3147
833
5041
7244
9707
3709
9480
7394
1926
5441
1062
5530
1466
7781
6679
5348
106
3168
2033
4872
2177
5392
1655
8132
4559
3695
9670
1725
3546
1218
4609
1634
8913
6384
2461
9016
7134
8478
1402
1207
9632
122
9270
1689
8901
4151
1491
901
343
237
9431
6932
7865
2675
694
2892
7262
2282
3239
9705
8342
1835
8597
8931
7307
8767
1382
8481
5583
2666
3589
1483
9557
3527
2756
7078
8554
5487
4884
6259
6852
1049
7127
6319
9075
7289
3561
4640
5084
5216
5083
8146
6003
573
1232
8141
6060
4232
2663
5287
3584
6928
3915
4139
7424
4367
6557
9829
5686
8052
7477
2349
4902
2605
128
139
6843
7671
2753
8053
3106
4631
4309
5431
1544
4345
816
7363
4417
2246
8527
8452
9430
4556
26
5351
7093
5581
7976
5392
3682
7964
1767
2822
3320
8689
7353
5111
6229
310
1407
4450
1078
351
5468
3756
8440
5818
4509
64
6951
2552
8019
7835
4246
850
3157
5664
6200
7111
4598
6653
2045
7344
1930
8195
1393
6568
6079
7211
5041
7126
1966
3511
8191
1908
2321
3435
8072
7859
6554
9975
6729
9378
2663
1321
8464
6111
6422
5437
1583
2633
448
3373
2845
2401
1647
8856
8061
3496
2600
4394
4157
9181
3720
3127
4274
9233
4323
2862
166
1890
8697
9235
1150
6966
3655
2841
838
3183
8256
3074
7986
9942
8994
5972
3937
258
3755
9432
8805
6954
8470
2306
1981
5165
3364
5164
4956
7194
7619
7390
6725
6228
3809
6028
3606
4306
1620
9363
2174
2690
4780
9180
5316
3964
7480
887
7146
7808
3502
603
7624
1764
4373
7192
7021
9974
9449
1469
2670
6981
9299
9902
9752
5270
6425
9206
2044
3749
6927
8327
4690
8900
2209
2308
3103
7936
6920
3275
1882
6230
5557
954
7064
4308
3013
2396
9859
3039
7376
2759
5905
7795
866
7580
8675
4692
5853
353
5431
2679
450
2166
665
8988
7726
6842
2282
700
6565
8111
9420
4505
140
3150
5850
8069
438
8297
8732
2716
4502
5953
5743
8669
6009
4248
9110
8051
9555
5747
5670
225
8105
8784
2376
2060
3775
74
6927
577
2333
3490
5412
9684
6168
1818
6441
7042
301
6880
4607
8520
7749
6113
3755
1301
8782
2313
5177
7743
5759
9235
1754
9841
3977
2147
7898
4853
2178
1947
8222
5996
3037
7275
1628
1903
128
8320
4701
404
6188
6169
9031
3374
3904
1804
5306
8855
725
9427
8881
9046
5838
3060
8402
8671
1391
843
7461
7813
2210
6861
9549
1869
8109
5547
6562
369
3840
377
1900
8133
8634
4290
6127
5875
4069
1332
8383
8066
2
5796
6579
7107
6003
2374
1666
2962
8747
9726
6256
3458
6355
7709
24
2056
1259
7835
5670
2910
7852
3545
1600
1985
4049
3743
6753
4476
8480
3253
2271
3041
93
3815
4202
2472
3449
1219
3202
5758
5185
4999
1315
1978
6924
1913
4819
7207
7731
425
9723
8898
6665
9042
6520
5877
5183
3198
8048
2468
9400
1323
4401
8481
2683
3813
6896
3006
625
5439
6851
2281
1076
5882
9526
9873
2292
8211
2606
6124
3533
8040
5179
748
1811
8666
895
7414
325
5784
1606
8241
6294
9182
7406
976
6011
9331
180
7143
3916
1506
2819
6316
2626
7941
1342
4925
8840
3331
8404
224
4744
7087
5494
8182
7356
5037
2915
6119
532
7894
8948
437
6981
471
7287
8468
5074
5741
6349
925
3113
6819
5450
7752
9641
8343
1731
5289
5168
1703
1905
4939
9784
7200
8380
5562
7749
1562
2842
626
9680
8964
2175
6903
7688
452
3003
1960
8905
3672
4733
1225
3292
1316
6078
3083
1444
5405
6208
5977
9578
8729
9241
8808
4843
8419
5072
8054
4499
6572
7727
2135
3161
9641
9189
5994
1766
9847
9357
2385
3362
4850
2323
3178
2004
3680
9607
5807
8158
3494
5304
3207
9104
9312
3406
314
5039
6837
8920
1746
4835
1965
598
1401
8387
1878
734
9884
2466
4395
7484
3227
2362
9000
6078
2625
5927
3020
4906
9622
6552
6736
5335
764
4934
2699
8396
9702
136
4558
6105
2409
5905
515
803
9350
1620
9917
5816
752
7501
3962
7081
2999
4701
4014
2021
1416
2274
3772
691
8187
2880
9192
1347
221
3214
593
4512
3365
7049
7956
9176
8220
7203
6966
288
1578
6153
857
2649
6099
9597
3019
2887
6403
9871
2320
8029
973
5497
1760
1637
3138
5836
2746
803
7250
6043
6552
6940
5893
812
315
8762
9055
2496
6987
5985
3323
3109
3185
6399
2294
45
417
5621
1415
8721
114
2854
8519
5998
3235
9131
328
8328
7722
9892
5463
2037
2534
2240
7387
5068
4901
965
430
2643
6500
3132
6752
9176
7600
4516
1294
1459
9743
6725
4360
4419
4210
7083
3796
4301
9369
7159
8534
2738
4974
2909
4774
3195
6731
9243
6985
7084
8091
2029
3210
1
1869
4076
4863
9637
1854
3867
7734
9990
2
1442
5505
3022
7741
6024
5408
7252
9946
209
347
1899
4486
4314
9191
2114
6037
6539
3207
3955
5404
5205
4576
7089
7334
5686
7063
27
8280
8666
8973
7205
801
4441
8466
3090
8269
2982
8411
6235
409
4361
1510
5556
1361
589
4489
7065
1176
684
3055
4882
4310
9961
4438
662
4539
5960
9116
2358
5105
9287
4876
6962
6023
3877
9155
2937
5074
3198
3098
821
9150
4578
9180
4878
4918
4062
7128
1994
5815
2293
4021
8777
69
6375
4219
8907
3504
6208
979
705
7783
6009
414
7236
8211
7334
6476
6434
3212
1638
1168
8262
7221
1701
5243
20
8020
884
6703
7844
3203
1083
1901
762
9024
1310
6478
8451
7110
5451
834
3869
5210
2972
6125
1140
4263
4693
2442
9869
20
9437
3500
7867
9759
2485
318
5282
4195
7343
7551
4398
1090
7512
915
7089
5244
183
4922
7982
2485
6657
627
988
9598
6171
7458
8351
3438
9910
966
9367
5262
9924
3193
4333
264
4828
4920
9957
9357
7505
2821
1416
4390
1958
3943
9701
6087
9115
8052
7182
8259
1094
7962
7871
8748
4798
6165
9840
1337
8591
3127
8471
5588
2261
6081
9956
4999
2641
987
8217
162
1641
1117
5075
6625
5281
5195
7504
2473
2321
7215
7434
7062
3270
5185
3285
7878
4969
3614
1734
6179
5022
126
6848
5390
5324
55
8466
2967
5964
7916
9074
4391
4609
2770
6849
2930
9043
8706
7570
8982
3518
6951
1668
9284
8928
6811
6520
2449
1427
2741
7612
1570
3438
4044
6396
5222
7121
1750
8117
261
5082
5408
3307
6246
3936
4302
5884
826
7049
1289
240
7387
5389
5869
121
1986
5984
1678
4805
4029
1891
5140
2357
9316
3671
3778
8094
5891
4585
7354
2005
6758
7851
3467
9966
686
9453
8271
6788
7626
966
2287
7338
8593
7550
2378
4809
9091
7826
1567
3643
6179
344
9953
7919
4889
2851
9653
8629
5088
4703
1508
5715
6375
5450
5256
8765
1075
5210
7657
480
6581
205
8800
7947
3701
7813
5175
2531
2779
3015
1168
4004
4908
8375
8625
4885
2974
4599
6162
8897
5439
1071
8448
3641
3176
2566
6043
1541
7399
2895
5327
384
4980
620
4101
3854
7080
4024
1178
1291
2525
6295
2425
6005
5461
9155
9813
7196
8186
4684
8801
586
3585
9727
6435
7011
7597
4621
3614
4466
8301
7825
7556
3702
9686
499
2706
3602
8262
6665
2798
6517
8446
3630
9593
2697
4098
3968
8269
2471
6601
1791
8334
5703
3304
8740
3265
121
2675
451
8257
8672
5150
9404
7236
4675
8647
1479
3501
4707
2213
4337
9375
3343
7153
7744
9076
3834
8179
3456
957
5346
7575
7469
7998
2423
8318
3786
5891
6674
598
7476
5363
4777
3430
7049
4989
4811
189
7778
6660
1762
7306
9032
651
9055
8876
4628
8704
9023
5172
1386
6282
3899
9969
3900
4585
9784
2910
930
9278
9473
2522
8897
5184
9242
2264
1267
6034
4749
3240
5846
8356
6912
6148
1605
9726
7622
3933
1775
5868
424
1878
8488
2747
9275
9031
8925
7534
4937
7256
7
1622
8156
8797
4444
9034
1873
9427
3165
4301
2485
4799
2932
1019
5506
1847
6525
5396
8245
475
6362
8383
8453
4122
2159
8920
9419
698
9347
770
3495
8613
8031
3380
8134
1825
8056
3946
4850
1101
431
4526
3680
503
9673
9017
8348
8599
4132
1701
7976
8016
5425
5904
7143
6747
8238
6703
4253
8734
8282
5973
1485
9185
4652
557
4730
6230
4885
2369
4987
7434
3371
2973
8791
388
9042
1684
6895
4607
7200
7022
4199
8046
5887
8630
3864
8147
4757
1250
9149
822
9275
35
3720
1307
2363
8303
5650
4823
8341
5564
9786
5271
2828
9744
4998
7738
3851
2972
805
9491
2620
2978
3405
6937
531
6621
4548
7234
3633
9216
8170
7075
502
9829
2950
4291
767
5692
2037
7905
9596
9111
2474
8705
4009
4172
903
8611
8734
3412
349
5102
8755
3672
6970
2923
3056
3541
1254
2680
7633
3788
4225
8413
542
9272
7137
7438
1545
4426
2845
4434
7226
8902
9809
7262
8347
4722
7684
7543
4530
9953
652
6361
5378
1491
180
5627
6648
2384
7882
7852
2778
7993
1839
3630
2536
7543
4418
5181
9746
5690
5795
1007
7118
6305
44
3909
1637
8613
3927
4755
5975
2424
6809
8286
6083
3392
9156
6537
713
274
7278
3580
5527
2265
9481
6466
1984
9220
7606
5120
7572
7285
3385
9311
9047
343
1024
9144
765
3217
6328
2887
9905
9057
9567
4208
1433
799
821
1642
4083
1238
5437
8820
7681
6885
2228
6356
6523
7779
7000
9258
3315
4742
7229
809
6951
4194
2127
6353
4943
9255
4186
5413
6785
4230
1320
3866
6279
3731
4320
1653
7595
5863
2664
9011
6476
2979
8652
110
7772
5145
2676
1507
9773
5527
4503
6533
3030
1200
7380
2104
1131
5611
9820
2879
2291
3997
6399
1189
3182
1569
215
302
4831
1040
724
1658
9324
4240
5405
4057
3281
5878
5112
2475
2730
3116
6126
9818
7096
8979
248
312
6890
8369
4382
4584
4433
735
7451
148
3195
1667
8786
1466
3404
3684
2876
660
9676
5995
237
6370
6960
1417
4121
1811
7428
8774
6886
4096
866
2523
5770
8889
3896
1509
2329
6758
6895
3434
7284
5687
1884
6681
1719
9909
6955
3735
5489
7503
1754
1455
2094
6418
3033
9649
5018
6820
9635
284
6180
7976
9011
5206
4439
878
7020
3913
949
5163
7976
9883
6620
5841
2815
7438
676
128
9633
4912
5095
7711
6479
7661
9828
8407
1434
459
9667
9167
4469
6302
4699
8424
8573
580
3315
7314
8902
1539
9476
3308
9788
5868
3810
7545
5629
5602
3955
935
4726
7096
5896
7371
5732
7979
12
9009
7358
3853
9580
7139
3956
3035
3784
516
4548
6755
3176
9358
9713
732
2424
1162
246
883
2382
1747
9430
3318
8747
1452
3726
8771
6935
8697
4697
8707
7620
8665
9266
6005
2179
9832
7595
8410
8858
3432
9938
1976
267
7530
6279
985
350
9887
9019
6883
661
5052
1579
1710
4741
6301
8104
4926
8488
8295
6626
1153
7901
9363
2870
7085
2918
95
774
5445
6963
1547
5788
7524
1791
8370
4552
3071
2529
8071
1023
7543
2787
7697
1897
7959
2758
2776
8715
5762
5126
2159
3580
6314
3917
2042
8041
3200
5982
5749
6062
2395
7336
9585
7465
6044
4309
5452
1004
4953
2890
859
2668
30
936
8252
804
7660
115
6671
356
6205
2308
7429
6926
7338
6348
25
1586
1987
5925
7087
4461
3764
9453
9405
3435
613
1344
135
5761
2101
3271
3589
1679
4205
4407
937
4128
6183
6259
8407
5692
2850
1157
9500
7572
9540
6491
8903
628
4697
9670
5388
7922
2555
7139
1635
3780
489
6511
1132
9212
2608
6864
2384
5947
3623
3654
5730
88
4348
4158
6639
6972
3827
9533
9298
1853
4190
4776
2142
3587
7562
564
5129
5353
8732
2409
2219
4793
398
1594
8037
2887
9818
6412
4181
6982
2577
7626
6324
1512
6304
9306
6792
4362
1737
4442
9821
4883
8363
4362
6779
4222
5696
9139
7597
4613
6158
3276
5682
6585
4616
1584
7774
4080
1010
9264
7835
1019
1737
7416
5883
5952
8605
6454
6697
5089
893
2817
5993
8833
9501
8926
7836
3366
3299
8605
5950
8120
672
7667
9310
4414
656
9519
8861
6003
2906
6646
2634
540
5401
9999
6653
8291
7922
7866
1489
736
3664
6924
5549
5211
7715
5021
3101
5121
7717
6203
3843
7256
7853
103
2503
8164
6973
7152
3440
308
8267
8162
7786
4141
6345
6108
6479
4644
6970
3246
6003
2927
6961
6280
8124
4360
7170
8910
8742
3297
381
6260
965
7351
9121
46
9930
8270
9512
8138
1569
1812
2911
2202
9512
721
9045
6560
8708
5528
125
8058
968
8168
6074
3945
9580
7347
8338
8207
7389
7622
8528
7852
191
5025
1630
4863
4675
9550
950
8245
7735
3537
3651
8907
6940
7759
5694
4014
9283
5119
5694
9103
6099
2331
7037
8239
2375
5436
8941
2375
9962
1743
1810
1526
9738
1463
7543
2477
7791
9924
5531
4806
4533
1566
5156
7629
3642
1403
6874
4667
6723
9123
2026
3376
4882
7153
7592
3943
6144
9380
135
387
1887
8204
3123
4432
8980
493
1007
7764
5116
306
9861
6287
4755
8945
7710
4812
607
4301
8096
7154
7292
9912
6227
7498
416
8893
8290
2151
1214
3955
420
8045
1594
1300
4860
3504
9695
6254
2206
6767
9898
2874
7783
736
9577
4003
2775
1759
3435
264
8593
4011
3463
7918
8773
3598
8371
1948
7417
2110
1712
6267
6348
2025
157
4463
7382
2523
4519
2258
6768
6649
7698
2107
6075
9267
9404
3598
342
5507
9765
8226
9155
7019
5492
954
3529
9299
3719
6036
1523
1901
2867
8631
906
1748
4982
6715
6029
2947
9240
2628
3055
9459
602
8211
1934
624
2077
8713
2386
9946
7974
7107
8519
8842
6186
975
2785
47
4857
5984
1167
2847
9970
4391
9464
2076
1232
8810
6870
7654
5381
5763
529
8779
4000
2881
1782
2348
9145
6963
3118
9232
7471
5296
6222
8053
2100
4610
2018
8045
28
713
4595
7700
6606
4850
6404
1512
8530
8657
9396
5248
6810
9738
9624
7070
1982
7547
5065
137
79
8549
7549
1292
164
2983
6024
5888
1512
4021
5243
8673
8200
5558
2917
34
8129
4746
1710
9061
4829
1025
7209
2942
6685
6947
1922
1849
5058
8094
5371
8369
9135
8929
2277
1983
9458
8181
5648
3918
5627
690
7418
7852
9809
3263
5496
5538
4315
8064
486
7810
3798
9
2788
9836
1918
6632
6769
8170
186
7231
9506
3426
5583
8970
3021
580
5989
7180
1465
7388
1004
1086
6796
3385
5387
3243
4360
9526
1054
1472
2658
3608
7639
5432
1872
3687
982
5824
846
4172
8588
1202
9657
1529
4829
5560
7931
158
6828
3894
9057
738
1489
7832
4034
7248
4879
3377
625
4613
3682
9249
9679
6161
5849
141
1253
3842
1126
5177
7955
9760
2112
3793
4321
3438
5545
1502
9198
7210
9886
6532
8339
4631
1099
7522
531
3419
6037
6507
1209
4244
822
639
6110
5688
8488
2169
1243
7933
3606
3481
7374
4142
8878
7960
4200
4363
5209
5283
8358
2941
6711
5131
6212
3576
6284
2598
8729
1697
6428
4057
2950
554
9487
8578
6011
88
6306
4639
2296
5938
3617
181
7473
4310
8901
3214
9410
8662
4250
9999
8017
9445
9978
6028
4660
2193
982
2427
7540
8132
1333
4281
509
7374
9934
9901
7376
4218
9263
7963
3548
5951
1837
2302
2058
1402
5123
6011
1826
6401
246
1597
7361
3543
8697
5768
6781
8886
6857
1273
5246
1409
6142
670
4489
1633
1159
8867
5910
1115
8870
8625
3733
3725
2176
5030
2173
62
1404
5552
2485
130
6954
2989
10000
6576
117
9119
8343
6150
4505
1042
355
2026
3729
4295
9737
2801
8951
8415
7834
6828
5217
8306
8657
8744
4059
279
14
3720
8889
4957
6587
4946
5100
7209
5456
4984
8657
6122
6778
5708
7144
7047
2191
3783
9778
3380
4688
6872
3429
4891
1512
5159
7988
2654
8217
5676
8792
5893
1041
7859
8463
3403
371
4690
9271
2314
4652
7972
3285
6381
5132
4095
8628
8461
7892
9909
3990
6289
6659
4762
1151
6146
5675
9861
5541
146
1905
3844
8212
7064
4835
2879
571
7535
781
1116
8227
7046
6077
6547
5992
1183
3138
8790
6980
8665
1557
354
738
2518
8659
6098
4914
9516
5102
6672
8402
5696
7378
7725
7894
3987
8072
4767
7579
8911
7161
4459
692
8248
3451
8856
2370
8887
1413
7387
3629
8144
5110
9491
9950
1066
6926
7682
9090
3139
1362
6027
8548
3674
3631
4487
2463
867
9530
2145
4688
7702
7363
5522
3908
7972
3495
7416
2669
9108
149
4491
7062
3564
9692
8300
1171
2078
9937
5615
6957
3238
9826
4188
2321
4455
3746
6561
5525
1731
627
1556
6860
4480
3958
8710
8716
6930
8069
2690
9229
7155
8080
6355
9553
6675
5966
7764
9949
208
8029
543
1111
7497
482
609
4807
1522
663
3905
1003
140
1876
3570
9078
6374
7698
6245
1053
8178
9135
6258
5000
3177
3271
6675
98
4322
4499
5002
6316
9958
8243
4378
8378
9927
405
2829
5997
9303
417
2348
8897
9611
135
5835
3302
6249
8437
2102
8615
5683
6300
6157
2421
4136
3996
7693
7330
862
7561
8806
7929
6822
2197
742
512
5031
8955
6902
2051
395
4071
7099
8067
7749
3353
3493
8659
3266
24
6270
5130
6424
299
2083
1955
3427
9378
239
6560
5525
3181
6866
9546
8391
9502
102
2336
8050
8391
5713
9633
3108
3206
2914
8933
5397
1873
7408
355
8167
430
8211
7852
7215
5466
3340
8564
1517
6004
2202
2397
8157
8988
2978
830
1961
7450
5046
5420
6075
2670
8669
8956
1165
8471
9459
2940
5208
5234
9819
8901
1744
8416
6926
7092
5596
2040
5566
1422
9944
3692
1633
9006
4091
1317
7653
1
3480
7745
7028
2731
3353
9123
5195
7209
9555
3714
5096
1025
9715
5704
9331
1070
2492
7000
3967
7932
3305
3863
1834
9585
3782
6260
7221
3815
1994
4335
348
5699
1894
4822
1101
4443
700
3746
9104
7358
9100
9544
5297
3567
1873
4929
1200
9428
227
275
2509
8976
7683
8313
4179
2944
530
4337
3747
5147
9328
4390
3964
6899
3239
5220
5333
7886
4158
5015
9733
1289
6458
1546
6236
3859
7429
9156
3799
9768
9234
5036
2132
4423
7956
7220
3221
1620
1660
3028
89
8823
9372
7660
7713
6360
2585
2592
8585
6327
8348
7848
2503
2519
5201
1177
5386
8627
5340
628
8766
410
3698
3527
3373
2369
88
4511
7086
8248
941
2380
2984
7095
1737
4951
3724
9710
262
726
7743
3277
5822
3770
4497
5490
910
900
2439
388
4556
7662
9749
4847
5970
5807
886
9007
1143
5780
4337
6637
1931
6466
6315
2060
6653
5020
7509
3487
851
4401
4430
6551
3868
5780
6930
7453
2813
6418
8406
1529
9581
407
6689
7487
4052
8653
195
6844
1395
2604
1796
7625
2959
983
9037
3082
3198
8708
2878
6297
8676
124
627
6453
5576
6341
4980
4471
8551
1403
5162
3359
8720
3495
7888
9922
4411
2863
215
3892
4452
1876
8102
6052
8280
69
3239
3877
1562
8001
5525
1401
2030
4179
5123
3043
9663
3802
542
9295
8450
5170
717
7293
2393
5953
1535
2094
5771
232
9724
6634
5568
1870
1251
1517
5118
7378
6376
591
6680
4438
5036
1980
9541
3265
9209
346
7600
6790
4540
9992
8110
7324
3344
9929
2531
2462
2258
7736
1717
2063
6954
9253
6257
5483
1420
2757
7281
996
5516
2713
7542
3643
8775
695
2071
2102
5048
9922
10
1850
55
2304
3985
3422
5342
2276
9411
2440
5939
70
9719
2840
9874
4549
5684
8545
4143
4031
9120
3083
3363
1186
8029
4773
1004
3625
3266
228
7522
5169
7560
7452
3589
9903
2427
3853
4969
9324
801
1622
3
7049
6231
313
8198
5309
2764
5368
8032
5860
5688
9921
9657
2072
9063
2497
8716
2082
3081
9475
2732
7221
8960
7501
8402
3129
7347
4839
9083
8644
7252
9423
3577
5521
9267
6582
6434
6734
1292
4383
1691
5929
7164
1194
8167
9730
2925
9695
3128
4058
7212
8740
1774
4791
9311
1227
9003
6920
5628
3831
9579
1924
80
7363
1031
3731
2781
1538
8478
3703
6099
4239
7106
231
978
9433
3678
5876
6911
3452
8915
7527
1098
6003
3002
5709
2560
4389
7147
2751
6314
6537
4778
3596
1946
8533
9485
6099
1994
3683
1442
9327
7360
7852
61
3158
9897
7159
3546
3501
6991
7034
3752
5695
498
9691
3250
4856
8004
8586
7290
6793
4921
2381
419
6568
3580
3578
1003
6738
2725
4739
7231
139
4672
3404
9365
4429
8358
3348
5598
970
4627
5663
8386
9933
6515
3829
2291
4432
8605
8904
8878
3003
4587
7195
3820
149
1906
3787
3950
7575
2677
4853
1780
5780
1256
5245
2172
7251
2862
5920
9699
6235
6277
4790
5076
9611
6300
9276
4967
3048
5864
2224
2148
7783
3018
3501
629
7359
2340
4145
2995
9506
2518
870
4317
3527
2122
3637
4757
308
2917
9923
4941
7127
7444
921
9874
6228
2305
9168
9635
66
422
8808
9725
1662
9904
8935
506
4005
9686
4404
4876
7593
2067
2063
4898
945
5396
5480
8897
9915
1337
7724
2635
2677
1152
6013
4508
1554
1938
2371
4005
9214
2741
8280
6902
4938
3534
9189
7868
9024
7563
4245
8411
7365
6895
9853
3475
8845
1809
2363
616
5337
3818
7259
2194
9072
4562
6484
6527
3764
641
9891
213
3372
2598
5503
4863
4098
2414
1465
3589
9025
6308
3040
7494
3613
2024
8031
8115
7738
2013
1017
1856
645
3304
7487
4167
3452
9617
8660
9945
2709
342
8124
4445
5323
1977
510
7079
4943
6844
6717
7809
7962
2027
9051
5143
9547
353
5471
4219
3100
8742
9823
7821
900
4681
8848
7498
5198
7659
6041
8839
8808
7248
2215
2255
7496
7938
6900
4613
8383
7761
5686
3321
2287
4737
3438
7727
1754
1582
4168
1626
4566
3556
8376
5588
9095
5141
8330
4393
3627
4570
7224
162
6918
8227
2754
6657
7933
888
6690
4065
9119
8020
6642
2454
6358
1277
4159
4870
2399
1405
1739
1384
9069
8307
3110
9671
4532
7898
8109
6754
5504
9456
2516
2653
6972
1688
4409
126
8000
4498
3426
1987
255
4449
5186
2894
727
3044
5305
101
6244
1244
4149
5606
6865
3524
989
6048
2509
4667
5957
7380
1748
3608
8
6266
5181
2091
7519
4502
7479
3515
5916
187
6901
4683
7817
6359
2733
8930
4190
4664
1319
2005
4938
8061
6373
7450
5262
4162
6566
7754
8867
9947
905
7808
9127
6603
440
9624
6299
2671
3869
7784
8244
9468
5533
9169
2098
9441
3531
6677
5996
1690
8446
4800
7479
797
8032
9938
8204
1753
8633
7773
2965
3343
8921
4898
7590
2994
1091
3345
6345
4989
179
4981
8954
6300
388
7501
340
9328
3177
7107
4591
1162
7257
3156
5589
2039
6523
3413
7832
5919
4502
3722
155
7130
107
7011
1349
5687
7663
2689
7248
3280
1085
2252
7759
1340
3110
5687
7264
2760
558
9116
2618
5210
6037
8419
1086
9913
4367
2601
9255
9790
9398
6101
5298
9085
2507
5479
3643
5946
2431
5111
8233
5937
949
1166
190
2806
5118
7548
4115
6641
2437
9053
3058
5925
3776
9398
2637
2266
9274
8931
159
5942
4993
1557
987
2772
3711
5132
9176
5664
2116
5319
8190
6254
5520
7186
5259
5983
4006
7340
841
8563
7227
7570
4144
6931
9254
1519
7051
9682
2696
2517
5901
7195
8940
8195
5485
7716
2224
4700
2124
6845
1048
979
8082
3953
3455
4226
4003
7196
931
2203
740
3171
2207
6614
8099
9342
9262
9043
5042
7159
6357
8732
4912
1728
8553
8961
5360
710
3784
4439
1689
439
6941
6239
6714
6827
4286
9485
8013
7550
9069
1520
1045
6841
8668
5587
7478
7450
6429
9726
9231
7696
8267
6177
4686
3776
7459
9255
8633
68
3110
5337
3518
8650
6366
1749
2153
5831
5721
1867
4878
4633
9035
9682
5052
8889
6438
5953
2234
9593
4440
8432
231
4133
6913
3845
9022
2527
3130
9384
2852
7948
2730
3072
4432
5878
2996
712
8421
2191
5092
5576
7162
3300
8985
1734
8222
3499
8414
877
7646
587
8843
2745
7801
6454
3836
4853
9942
6959
2026
23
401
5954
6534
6058
3450
3138
1512
3712
6819
6499
8582
4264
5677
1333
8133
2514
6109
7818
7950
5581
5540
4802
1308
5067
8574
429
5680
7636
8191
82
5055
1547
1000
5377
6553
3712
432
6007
1080
5660
1893
3746
8452
6486
4622
6182
5445
8312
5604
4526
6327
3626
7691
733
4536
175
158
1328
7088
9902
6063
5532
1723
2732
295
3861
6201
8325
1460
4254
4844
7348
287
4759
5722
6127
3730
6477
5184
8713
7363
9534
2771
7157
7721
9272
6825
2813
9406
6753
3504
259
2638
3998
254
8613
5080
4628
191
1123
7600
2125
8475
5532
8679
3012
6010
7778
7545
8356
1367
2260
2168
5575
1278
2725
9993
8005
9958
2835
433
5674
768
7210
4934
3876
2690
11
6957
4495
388
189
9966
936
8476
4043
6273
2610
1509
8881
4238
5350
8172
7346
6216
4630
3090
6624
7526
62
2400
4232
994
6304
8586
6534
3765
5918
3277
5285
5778
2781
5704
8538
1840
3808
679
8967
6796
9512
5350
6851
3150
6965
7287
8218
9385
613
6105
5808
6871
3738
8219
6561
667
2109
6139
7923
318
1066
8121
3644
2163
4070
609
5292
7141
2124
4262
6522
1122
7520
4488
1464
7645
6078
8743
8512
5972
9975
5885
5077
9048
8689
7260
3745
4117
8438
8694
344
1901
4422
5442
2731
7941
57
9669
4742
509
8020
8869
959
1230
5990
6894
1833
463
4286
6436
7247
7808
2984
17
7577
3617
2225
7123
1143
1049
8810
8484
5764
3579
3994
6665
4693
8840
6547
6266
6028
9814
8493
1454
1661
6899
6937
8730
4464
7057
383
2393
3786
2678
3373
9583
8462
6186
9258
2937
8877
4982
8764
3081
4890
6765
963
274
4230
8008
5628
9543
4316
4174
9045
6789
8774
2104
7876
5734
6044
6346
3931
4609
5501
1078
267
5322
2785
7138
8519
3562
4732
673
2447
7279
9034
7757
3649
9891
2705
6441
1512
718
4886
3286
824
8324
1336
193
4462
3161
9411
5401
2694
7109
4746
9695
648
4447
2333
9074
9189
7586
8216
357
24
2779
7809
2245
1479
9628
6486
7849
1529
6986
7507
8100
4722
167
9473
5246
4060
364
7803
2577
9816
1681
3936
7031
6201
7824
8745
5219
346
353
953
8022
6963
6154
1279
9406
7621
6911
6603
7817
8219
6819
9483
4529
8547
9968
9406
3783
8933
5686
606
3700
4413
1779
7914
5188
6300
966
4561
810
9989
3378
868
1299
3127
4511
5724
1413
349
3109
4989
359
423
1397
8631
5440
7383
5081
5847
4999
1938
5587
8102
1583
4096
6247
3737
8890
9886
1742
3260
4210
4177
4109
9356
8422
4667
2920
7166
1782
6516
9713
2300
9639
9012
7086
837
2811
7921
3410
9262
6028
7360
683
8098
1066
5784
8787
4293
7103
9025
306
1319
5435
299
1673
5164
4878
9757
129
8011
3852
225
4199
497
964
5782
7107
4219
3432
4098
9120
5557
4026
6236
4693
215
5269
704
6376
7381
8567
1798
1216
1742
6482
1579
7787
4326
6504
3609
2251
8953
8722
6905
2919
9402
8571
324
8140
3507
2059
723
429
2509
9867
9409
7646
6642
3919
8911
7805
7118
7690
9421
6791
6131
8975
1968
3073
2091
6393
128
7055
3311
5080
416
2575
68
4410
556
7792
3341
9852
2592
2448
9895
2080
4688
3630
5100
475
3656
7922
5390
8223
5641
8321
6093
9716
5604
2411
2584
8442
6559
899
1976
5442
6200
9365
3502
6051
5168
9636
963
6516
2866
7459
9856
4532
2826
1906
7195
6156
7516
758
6939
8405
8304
5854
4107
4218
7871
7546
5069
9997
3471
5316
7465
3608
8551
6587
5687
5066
822
8940
1277
7048
9139
3068
7843
2864
7915
4453
1353
6364
2574
687
2658
4265
1466
6362
5610
7408
9642
1203
6512
3892
365
984
4396
4972
295
7144
7761
737
3616
932
7471
3406
3503
6386
5907
6345
3594
3594
757
485
2629
5164
6451
6241
6728
841
9572
7674
7463
9448
9846
5901
427
3093
862
4256
693
2499
3830
144
9382
8204
4762
8204
9419
6548
77
6464
5873
2992
5645
6872
1949
5793
5686
6714
9488
6186
2557
2917
5960
1076
777
3303
8861
5777
4126
3491
2047
121
5520
4803
3625
4293
4624
1474
8244
611
8128
9800
4853
3014
3474
1169
6378
4336
8975
117
2336
5458
8505
4370
9681
4125
2330
7958
5732
3109
6550
1485
6976
7022
754
3329
306
8642
9119
8196
3158
5377
6707
2470
1338
569
4908
7159
873
2527
4299
4909
4993
7416
1924
1127
5314
5989
6653
4587
789
5169
5265
1722
9791
1331
5286
3416
730
6732
9114
3369
5116
939
9618
5348
2179
7306
6833
2352
6434
2778
1771
5953
2382
2569
9440
626
4962
5606
3046
9126
7601
2364
6407
565
6540
7796
6823
5853
2370
3374
6179
7752
266
7402
8979
8014
6542
412
5555
44
1032
1027
9054
9486
7973
7098
599
4437
9844
1106
1785
1058
220
2010
4355
3053
664
8438
6854
7248
3640
424
571
7486
8523
5789
1844
4251
1422
8003
5579
3112
7076
1876
69
1414
2464
4534
7294
5753
3193
4434
4
8042
1250
3734
8132
4612
198
9068
9933
3158
4137
7962
5759
1382
9855
6147
2363
6039
6149
8773
6041
174
8106
8887
3741
9194
2668
1065
2252
7779
7626
263
4186
1779
4117
6344
3804
8007
103
6492
8169
9524
754
7831
6233
6194
8694
3002
2405
8066
8322
8526
946
3768
3850
3354
6948
4236
7322
7357
7091
6878
5866
4859
9780
1568
1969
7746
9660
5857
1913
5190
4448
8125
9299
7169
2290
5488
9591
4889
6064
6326
4857
5688
6959
1194
3965
7112
9579
8208
711
5189
1725
4261
5095
2497
4796
5261
8344
9326
9216
4254
1465
9020
3592
1907
7935
5577
8244
6332
2840
2597
7756
2248
7803
8424
5189
9021
5269
3095
1362
8060
1573
1797
1325
3979
1838
6112
4637
2444
9130
9757
1675
4370
434
7099
8434
8716
6678
2553
3294
9993
1241
3414
8624
4668
5894
2320
8270
9041
1828
9738
4282
2731
1709
5229
5082
2767
1004
8718
8929
5915
3278
5633
567
4721
7062
1586
671
1005
4495
4834
6462
5975
2976
7107
1626
2774
511
7823
7367
2304
7818
6125
4629
5420
7142
3544
6529
8902
9675
2504
4889
8017
6414
5268
7174
1530
8326
8704
8871
7952
7764
3225
1251
3795
5951
3314
8881
5262
3732
2457
6185
5320
4857
4699
6821
2490
5792
6814
7953
7356
836
2432
40
1749
8928
3244
472
3964
1933
173
6307
4774
6021
2870
2780
3180
6225
5345
5530
3929
6769
6006
2942
7512
4485
9824
2936
4788
7127
8435
8321
3800
6810
5919
8340
4384
9349
8150
7014
4717
487
9623
3104
6848
9560
275
4506
2362
6931
3169
2930
8914
9489
8169
2156
4830
5954
3748
5418
5719
26
2679
5795
7572
2570
9849
9019
2197
3693
5352
3041
9862
5256
1298
123
2396
494
2157
3057
8288
4783
8579
5798
5731
9055
1997
5889
5415
4103
7019
4574
9060
758
600
4157
8052
8597
1410
8710
2251
2070
3557
1382
5713
8174
7146
1334
6975
8798
7314
260
9476
3921
7641
1339
333
2354
3094
6977
3370
2917
385
1087
9449
3744
4279
4635
8882
7782
8078
335
8437
1004
8041
314
3527
2402
3105
1358
1184
1617
9215
1012
6959
3394
4731
115
1175
2481
5407
5429
4373
8683
4859
9983
6328
2041
4427
8811
1596
5518
8903
6627
3234
2506
8265
4516
8720
6374
5087
9644
2709
8459
9172
5101
770
1643
352
9186
2068
4092
8943
3568
8439
7219
4544
9893
3118
1999
7259
6081
7687
8853
3528
3974
4399
2279
6550
7059
6924
8505
9325
9947
8099
2512
5160
1242
7013
4809
6397
660
3638
7356
6981
8486
6339
718
6072
9128
4556
6935
4533
7890
8645
3583
8069
4077
3106
9545
274
6284
9608
4879
8790
8680
8329
3441
1017
9430
5003
4941
7535
5251
233
3437
6246
1174
2264
278
313
4369
2625
7044
8294
1643
2492
3279
2423
7730
8797
1394
8306
8876
7643
6034
4576
5864
4784
6999
4278
1005
9025
8615
8006
9763
942
9233
7820
9686
2902
7747
1096
5526
5524
5337
9164
1639
9466
8174
6289
1486
3913
7739
1776
8658
1680
8579
8323
1600
5267
535
4811
5562
9401
8036
6826
2063
8261
2518
4688
2781
4034
4982
1668
4994
9754
479
9658
6132
2947
7468
900
9684
2062
9265
1264
3514
6701
2839
983
2555
7095
4500
5759
7521
3790
7103
6723
7905
9327
9694
2430
4349
6477
1042
1574
3801
1013
2834
2152
8745
5522
8870
6256
4967
7771
7008
5166
7951
3826
7420
9760
7547
6468
2652
2027
2253
4896
1774
4443
2050
5919
7024
8989
8098
9355
905
3624
3309
5430
2675
7659
8305
7550
904
5511
6234
4753
2455
8311
9840
4302
6919
3508
2761
1042
16
6290
1061
119
8451
5141
3056
485
827
5755
5746
6207
7279
9854
7596
6060
9489
7931
9336
4937
5068
9205
5546
9770
9419
4091
1775
7561
8147
3868
7781
9718
1036
1855
7510
7011
6944
5415
7229
6719
5021
1775
9342
684
1746
6135
7601
7437
6783
9814
150
2108
6022
9691
4581
1575
2490
7569
3877
5956
2467
5849
703
3555
710
9120
9217
7512
4770
6761
7425
492
6631
9620
4998
5470
7420
1444
1759
3715
7013
5285
6339
6677
9342
3102
7476
2904
139
3295
9692
9462
2967
6609
5021
4156
9910
7369
1589
9796
8070
9917
6169
8458
1325
7425
5630
1856
7551
2481
4345
9598
5378
165
8673
3818
3805
2656
553
6024
3456
6271
8653
680
3019
5230
9019
4614
4437
2780
2587
5187
9919
2004
1438
245
144
4973
4971
5299
6475
4265
5611
4869
3038
2227
4378
9705
7504
8728
3182
3249
2464
8335
9637
3874
2974
897
4892
8612
9217
3423
4064
6233
2706
5982
9715
7592
7731
2835
5281
8856
3824
2923
2575
7731
9431
1151
8965
8873
6397
4466
5386
4377
6201
304
3751
8090
5417
3508
1872
6648
1326
5369
7783
6857
5847
346
4237
7201
7597
726
6503
9244
1384
7621
2084
8139
3408
35
2869
5735
9491
7548
5160
5879
7713
4527
6125
4677
543
2278
1793
2297
2913
5394
6843
8406
7874
2728
2053
126
6729
8781
2586
8559
974
1830
7987
3205
7165
1578
9585
9468
884
5187
1083
9869
6066
4937
7823
3733
2004
8731
4010
5563
4430
356
3401
6881
2579
4583
7552
6581
6334
5782
7324
9795
2032
8324
4417
1768
7621
5923
5882
5554
4389
3261
8451
5778
6032
9435
5971
8264
2772
1411
471
5366
5871
5159
592
4584
6608
5476
2525
5893
3543
2233
7246
6159
3143
6631
7912
7222
816
6248
7897
6187
4731
3481
4100
8543
4861
8028
752
4264
1427
3635
1362
2551
96
7889
6176
7814
4095
1336
1754
8206
98
7806
76
7110
9131
5672
4613
3922
1722
8394
5368
6257
568
479
8160
4351
722
6828
1975
4494
1125
2592
1743
9465
9917
259
3325
3587
823
2650
3942
2948
2033
4081
9220
2074
3526
8464
2630
59
8796
1055
3394
9355
363
9920
519
8731
4521
6674
5930
1777
1101
1208
8396
7362
2651
4368
9557
5281
905
9222
8973
8527
8017
140
6836
4307
2038
667
6708
8857
2530
2870
6799
8172
6032
8840
9766
2861
4723
7580
2323
7052
1706
5859
6857
6675
8081
3117
2581
5767
9278
257
9511
1776
718
2247
4196
9103
3863
8526
9702
7717
6781
8982
5800
3725
411
5203
7193
3750
3134
3306
5466
1026
6749
5336
1782
6471
7542
7348
5837
1201
3239
3874
7245
6277
3630
8190
1202
5886
9987
9283
2548
1963
1290
3363
503
630
2678
9691
716
5434
7449
59
2201
8985
7053
3524
2290
2096
5143
4871
7495
1452
9080
535
4646
8503
2895
3761
1673
4511
8630
9253
3572
929
1940
7943
827
2389
5443
7887
8102
9833
8686
496
6467
472
691
720
9680
9971
3069
3444
6466
5335
3250
4987
2144
4255
8743
4633
5787
8584
434
872
8770
6005
1776
8931
8818
4764
8218
8234
547
7691
9217
7020
2241
2066
6711
14
2704
6297
1073
3452
4942
331
73
691
9479
4161
1249
165
80
4529
7198
2170
4962
3091
9205
8549
1886
9793
207
4562
2426
7390
7249
1073
3703
7187
1143
3719
5945
7468
2390
2469
9371
7312
1456
1924
652
8626
1715
5306
8023
6346
4884
3628
1475
4337
8171
8986
165
5343
3126
4644
8572
5319
6235
4637
7743
3469
2507
7125
2629
7074
6292
8274
267
8514
6052
3356
4199
581
2935
5385
9710
6693
7144
4279
3528
6149
8354
4053
115
3936
1852
300
6282
1743
7388
7665
4884
4167
2065
3316
1336
6945
7366
5745
7873
6336
8255
604
2086
9519
8775
1435
5268
6553
9083
1138
9535
1687
8514
2849
6890
4750
6879
2508
4410
5418
2903
9198
2409
8763
1179
6536
9363
5207
5173
8106
1821
8960
4122
4929
7264
298
5991
6860
3389
7138
4260
1615
842
7148
8196
4209
7770
1072
144
2654
