1931
7152
4946
3127
8775
7584
9408
6577
991
9172
4818
9526
7484
7293
3768
5687
2316
7536
3560
2851
1699
3421
1581
332
7048
3189
7122
7879
8766
4168
7170
8664
5912
6877
1664
1116
929
7850
1165
6709
9248
9438
1017
8607
7280
4321
4622
6250
6241
5530
7747
3771
8369
7472
1517
1152
6474
8373
4978
2105
1175
5981
9683
3823
6963
521
5054
2291
6543
9394
1174
7376
5896
2770
3979
4026
5446
4179
1431
3777
2309
951
75
9997
34
6511
63
5585
1092
9362
6197
3901
8564
5608
3562
7072
6462
9427
8800
8266
7790
4383
1312
6844
9331
575
6058
3501
7525
68
71
1200
1627
4595
9594
8921
4603
1303
6939
3642
3609
6837
3487
2825
9637
7695
7370
3487
8930
6582
4380
2643
7827
4789
1742
3186
1913
820
3820
7737
850
3685
1255
6038
1741
1541
3403
2807
3651
8283
659
1735
7598
568
8804
2112
8989
6120
3365
3088
7653
1679
7426
6606
8786
5623
1983
9033
4341
9059
438
7671
756
8750
2701
8637
7538
7608
6120
9147
6937
5666
8505
5736
5195
3991
9409
8999
1743
5080
9092
6098
8342
9372
1010
1905
3282
6839
8424
1211
6867
7585
71
8652
4758
1881
6419
2377
3280
2197
1726
2686
4997
5863
8285
1238
2925
4977
1978
3348
1519
264
8595
2655
3762
9125
2230
4605
3149
4927
846
1914
6302
7157
4923
5448
5696
292
4265
3309
3205
2766
6030
9514
5975
901
7924
2686
274
6314
1556
8989
8911
8043
362
2264
7262
555
3781
2641
4755
9374
8388
2201
7911
9209
8986
3391
5940
7783
5718
8898
8905
842
92
8525
7399
5301
6318
8962
8386
8604
4533
1101
3829
8813
3738
8273
7769
523
6649
6773
3026
824
9139
4025
6555
3675
1210
7127
1513
2452
1841
2398
1823
6727
6037
1925
4692
9193
2404
1999
8691
5108
4727
4751
4683
2522
7886
2999
4755
8247
2893
471
7134
6682
509
1499
5443
5564
8723
4964
8116
6940
4595
6590
318
5329
4591
7470
7792
7200
3012
8019
6215
9432
8194
1109
1956
3187
423
4788
9738
169
7609
7163
535
3945
9269
6923
3067
4258
8922
5495
6339
2127
235
4281
928
5220
8216
6598
3454
936
4750
7442
928
6835
5811
200
6937
9880
1409
8076
1239
3517
9044
624
9794
1340
7324
1190
4342
42
6364
7699
2642
7543
1103
318
8836
9409
6879
8614
4857
9226
9882
2357
7391
8328
6234
1420
5870
944
9998
6804
1470
5663
2214
9126
5692
1160
2875
3258
8281
7291
9755
9791
1107
2722
6958
1240
1431
2140
808
346
7290
7559
1566
9491
9919
4734
491
7820
3064
5439
9681
9195
9693
2646
2936
2479
5623
3882
1287
2154
5001
7214
9282
8288
9732
5235
2736
9165
3902
66
565
8664
8704
8558
3627
838
3660
5607
4359
6731
6360
3259
6039
4190
3657
1602
5840
994
3553
6712
1998
988
5587
5249
3331
284
3101
2112
2035
9792
4915
6139
9759
1269
7031
7326
1617
1769
7674
2207
5088
6452
2830
4036
4155
8994
6448
2245
8945
4954
8696
3188
2621
5979
6957
4942
768
7634
9255
3670
578
4930
8828
6901
1320
8032
7171
7996
2127
3500
9595
1216
278
9816
6089
7770
7135
1364
5863
6638
3061
5341
8978
9145
9239
676
7108
6957
5966
4618
8286
3717
4833
2922
5308
3969
267
5578
8083
626
4204
865
3649
3322
3471
4057
6703
3292
1289
5170
3370
2681
7972
6914
1912
2693
4833
6180
4866
9235
9083
405
2534
7248
2703
756
2499
322
6831
8593
4563
4419
1415
1761
6018
1128
7782
5805
9077
2942
5320
3222
294
467
880
7318
6863
1481
6029
1670
3444
1716
3834
4095
4802
2565
8623
1023
8386
6576
8044
9700
532
9879
8148
9239
6526
8936
1109
1705
1059
5026
8022
3783
9583
3478
4841
4613
2812
3307
3683
7868
2190
6814
7529
2640
7983
101
7431
543
2920
6300
7324
5217
96
6799
7978
8226
1157
8462
7055
3278
2983
2144
6820
9080
7697
9852
9692
6292
8727
8768
7589
3552
1460
1830
1958
879
7054
2765
9352
6362
3302
9329
8140
205
2785
9881
9092
7800
9793
3798
4267
2879
5563
2505
1168
4925
967
6389
5219
7608
1597
2746
6446
3399
830
2634
1715
1903
4095
8757
7915
4893
9312
3565
5698
58
5267
8383
4668
4267
7033
4330
1275
6896
4377
1279
2586
7026
6600
1389
257
2329
4937
4634
6601
5047
2849
6858
1016
1132
5510
521
6209
1612
4733
5822
5212
5541
2195
6957
2988
9684
1833
2458
9945
4752
4996
8626
5653
3644
3924
1170
4734
9228
4134
5054
6960
8133
2310
778
3103
2787
1698
3167
7237
2398
7100
5798
4527
792
6758
4039
7870
9690
6617
920
6350
2626
6850
7065
6212
702
1877
9980
472
7272
7337
3524
4214
2254
2747
3365
2947
5427
4531
2483
4315
1087
1902
8252
4566
1612
9572
585
828
4670
46
8630
5399
6803
9497
2891
9692
3062
4984
3143
4144
5838
7753
7255
7049
1459
9390
641
4913
4092
2644
7050
35
2463
6352
775
465
6341
9379
7284
4334
5683
3637
7396
2658
5844
9814
5290
800
549
8997
9994
5739
9719
6627
5927
9492
124
1806
4107
5066
9792
5178
758
7495
7819
1404
2524
7062
1831
5693
2712
3366
6057
3450
6806
6522
9763
7553
8630
5990
5873
2183
4572
2716
5228
2537
8791
9802
8432
474
3739
2699
7528
8492
9119
9247
225
2356
8919
3390
2149
4087
9477
8065
1434
4025
3515
8453
5412
1973
6487
2231
7129
3416
6325
8680
3652
2825
9960
9907
3929
6573
2803
2217
9550
9080
3813
4448
9561
3283
321
4223
4831
2055
4106
7427
6506
6070
5114
1130
4716
934
3748
4117
7988
9459
7618
3959
5926
4845
7491
6121
3653
9763
2954
4601
6004
6937
5420
2332
1040
1165
2428
7982
5467
30
4039
5515
8440
250
2710
5568
1287
9471
1528
3241
940
3203
6837
1694
7803
4711
4615
2790
7426
5224
5553
2110
786
7363
3782
8010
9790
5826
1078
8489
5013
5241
1777
5285
1000
7290
9023
1519
9441
5004
676
7717
4303
7815
8149
965
4791
3071
1795
3764
4638
2215
1205
5070
1242
9984
1543
5932
498
3904
6091
8066
6067
1112
4567
6904
4945
5487
5123
4388
1289
7334
9675
3260
474
9472
3386
6602
7443
3847
9858
3610
7655
5591
5789
4016
1056
7787
3910
1931
5361
9029
2466
3674
3363
9695
2155
4121
3364
5700
2785
1582
6075
6698
2650
6527
3293
1376
8038
9833
9383
5155
3190
7011
8079
9564
4760
2822
2297
7988
9848
4888
3502
9383
880
1655
2982
3568
9040
2251
1692
8259
6205
755
6917
1821
2447
3028
9800
8382
2559
545
1323
3067
9807
5841
4972
524
9466
7558
4457
9885
817
4059
7124
6034
7342
5321
9818
8868
2633
9035
2719
1182
9392
6432
6108
1345
9995
1854
8852
5047
2827
9472
3856
6564
9585
6932
5130
8138
5678
6949
4968
387
9441
3303
3574
2705
3579
8135
6871
5189
5486
9165
6136
7729
412
1145
414
5030
9734
8668
6029
2661
5103
8580
7673
6278
1121
8516
8230
5843
264
1542
70
2006
157
9729
796
7986
4881
2706
4301
8967
2764
4641
783
345
9033
7937
4145
6171
180
3583
9399
1270
2638
5654
2239
9165
5893
9671
4750
5032
1456
9013
5931
2952
9871
3925
5274
7281
5984
8159
6567
2208
8540
4184
8473
7394
3560
5635
4314
5818
5044
9903
3865
9015
6246
8412
1073
4390
7098
796
3117
4277
4961
1855
9124
5394
1145
4402
6307
7040
8688
4738
2907
8202
7411
2694
8903
4971
5851
4233
6199
525
9652
8346
8338
1376
3731
8894
466
5029
9352
6851
5552
1969
6302
2344
7385
2110
3035
9096
1475
9999
4551
5312
6787
7893
3324
4365
8335
4494
7034
9122
8107
258
337
7824
9414
7471
5470
1574
9601
6860
201
2772
5496
7564
1376
283
7810
4054
8696
6461
7802
9331
8245
897
9053
9565
7368
9862
1931
3042
1561
8789
8623
456
900
5856
7979
5704
2392
9220
655
4656
1997
4039
4449
4293
7716
8339
1823
595
2393
5343
8614
7883
4247
7281
6567
7934
8855
2911
4088
9745
8350
1078
7665
2927
5194
6785
713
4189
2862
1181
2084
9042
9136
3284
5577
7849
5857
4360
9005
171
5183
9489
8548
8440
7947
2520
3761
9527
5901
2179
4051
994
776
4709
123
1307
1660
2164
4908
570
9997
5205
5859
6026
3261
7908
9467
571
6223
3013
9817
1119
8061
541
4090
3966
6243
6979
9263
6040
7638
6904
6702
5498
2130
6123
4819
871
7172
2684
5807
1143
868
2438
2145
6062
6499
4024
9456
17
2149
7626
9182
2743
6523
2364
4386
8658
5384
6863
4937
3479
7254
333
651
4502
8827
5532
7854
4252
9030
9122
7586
5656
9538
7331
5074
4763
5943
7231
5470
8560
1226
6024
6377
1836
2149
3218
2022
6699
2862
8347
5424
3440
9412
1867
2463
5932
1622
1764
1423
2023
4242
5427
8131
5831
8713
9183
5190
1624
6899
5384
3932
8814
8143
36
3017
7468
7664
7248
9333
585
7725
2988
4632
7877
3448
9881
983
8182
6291
8017
1263
3310
4486
2573
9027
7835
8059
6344
3139
4701
7593
5182
8853
8016
6928
1426
7202
82
4279
5327
8095
6492
7070
9024
7632
9936
9274
6324
9760
1178
7612
5749
7290
8433
673
2346
6321
8989
4208
5653
8521
8615
9986
5236
6550
9738
4254
6986
5372
3418
6188
3421
9134
6888
826
7356
7077
5511
1909
4629
916
1632
2390
3287
5518
2837
8345
500
1045
9378
8511
9279
7153
6899
5833
5774
8275
2107
2945
8619
420
9086
3646
699
997
9116
1728
494
947
4259
8298
5694
2514
6719
4657
7564
7873
2069
7598
6969
9482
3214
9046
8322
7595
9584
3432
9608
718
6137
4001
3783
9332
7469
1365
7029
7610
3039
5066
6254
5222
5789
1963
1270
5164
307
2862
73
6288
3847
6293
8353
4834
5863
4408
4295
8427
2991
7660
2764
4989
7601
6507
7425
1185
943
8104
3461
2385
13
1668
1684
8039
5765
7864
2373
3296
4558
1589
9962
2681
1311
9921
9805
2424
9970
995
2336
6274
3212
4881
6466
3682
5951
9353
7797
6659
1031
206
3597
9397
6741
4181
5872
3623
8193
6583
1228
6169
9106
2384
5446
317
8486
8104
4497
1796
9589
8
5874
3772
7476
6424
8578
8384
7186
2392
7606
490
3542
5482
258
3817
6221
4788
8766
3576
5559
3915
2245
3618
7797
9852
1792
2240
8498
6926
7341
4349
5957
4370
7538
9494
9467
6120
5710
9222
9742
4803
1211
4359
5747
2378
477
7556
6055
420
1788
7360
2807
1470
22
4310
1687
457
9013
298
1321
356
5316
2877
3793
9647
429
2183
9341
9565
7651
3269
8178
4710
4280
1401
7328
6230
2768
7216
7318
8671
9701
717
5810
176
5940
2658
1396
7686
6899
918
4231
4909
3106
2233
1983
8532
163
3928
6122
1670
7932
7242
9420
6439
3789
501
4346
462
2892
7412
6837
8127
7937
1213
1926
9398
7977
4495
9621
7933
5349
8626
3332
4100
1631
4002
1155
4803
4413
4754
9205
9578
8170
5324
4603
1433
6164
957
7
1287
2958
5377
5411
2493
242
3016
7305
7499
654
4911
4197
7366
8131
7048
4273
9146
669
3159
4229
2524
6781
2025
3574
4269
6027
9091
2184
6285
7391
6611
225
2556
8642
7214
506
1836
6165
4589
2837
4887
3416
6490
3513
7947
4327
2459
4982
3411
839
578
6949
7080
1289
1385
6691
1414
5143
5271
8184
5306
8937
6172
1938
629
3536
853
2150
5104
3840
3737
6004
7244
2475
9055
9709
7516
7602
2813
2929
2822
7772
6830
7496
6794
808
8035
591
123
2477
773
2542
8923
3527
634
8069
8923
3226
571
3455
9711
6573
3422
275
9165
513
6434
7067
8706
8632
3263
7360
3064
8258
1662
6609
4159
9357
6185
3192
5257
2347
16
7518
8854
4056
8809
3751
94
6584
692
7127
3425
8941
7300
3714
9691
6193
679
858
7054
4066
9605
613
6200
8780
8803
3358
3194
4032
3455
5408
5464
1156
5073
7523
9845
340
4541
3628
4859
4470
3180
8059
2894
6355
8514
7078
3011
9867
6834
4781
8971
5187
8155
9808
8155
8499
6928
2670
6234
6128
5750
604
1637
2554
3078
2369
9811
5200
5607
6938
1351
2674
1805
3113
8603
4465
4123
7686
5555
7713
8312
2761
1541
7754
1075
4075
8205
6770
7737
9005
6551
8860
7350
5167
1302
232
2944
1536
830
5792
5921
1481
6544
2009
5760
5149
584
6047
5907
7834
495
2440
4521
6509
4246
7826
3301
87
7511
1852
8973
6179
5450
2021
3552
2658
4522
6772
7037
6765
5861
6170
980
2750
3280
2806
5995
8603
1103
6654
2253
3723
5429
1780
6676
1826
558
7454
1305
1938
3818
5790
120
2523
5282
3747
7932
225
3054
2894
5305
8378
9332
6083
2878
1961
4656
9745
6277
3129
6715
6963
4443
4041
9985
533
5727
447
3687
8660
8811
4929
4441
924
5834
1689
5489
7759
1775
6567
8029
9075
2075
2489
4910
7329
6485
6875
3597
4231
8665
7069
5702
2446
7587
4236
6267
6434
4499
5039
8457
7153
3475
8859
7035
8259
9388
2486
3183
5661
2857
2239
3247
4585
1388
4100
2757
4912
6301
6427
9744
8416
1913
6143
9827
6019
1
217
1991
2799
2009
743
7716
9609
1154
3090
2365
9552
6130
7406
8433
1490
5804
9427
2593
4220
4921
3985
2830
8620
8963
375
1830
9326
182
3527
5378
7286
8452
821
9684
4234
9816
2936
2002
4873
760
7157
579
2310
4892
7312
103
8329
9339
7742
6729
4918
1237
7151
4403
7104
5434
4561
5029
6342
5485
136
8240
7481
5951
2992
4621
645
3562
7882
8006
4745
8081
6941
3519
6140
2458
1301
7720
9072
95
1225
2279
2747
1070
6082
9802
9937
5025
4405
62
1080
2278
60
7444
5309
2404
2300
9722
5868
9025
2878
9176
9720
4609
54
242
7158
7696
9941
8673
2388
4858
4784
407
8163
2976
1876
97
9916
8656
6637
4193
7704
9088
4525
2903
4904
3269
8760
9845
724
980
2362
7792
9491
1100
7253
2736
2171
2043
8693
1758
6172
3619
7143
9934
3520
9302
1853
300
5072
4710
4023
3583
4995
6648
9384
4696
8869
9592
2247
600
2052
6781
3528
4054
5091
5239
6944
2288
1945
7640
2565
2297
9947
2799
9497
7888
6586
970
7598
8099
2867
8652
3669
5719
3476
8536
7120
9102
8296
5568
2264
6165
8965
1718
9578
7361
57
3698
6610
813
3790
7216
3445
1312
678
7789
615
5307
7452
226
9352
8883
4341
9358
4131
4502
1115
4574
6907
7956
3225
7657
1751
3554
4947
1552
197
9413
3727
8184
3421
6323
2590
7855
8902
9956
3396
5533
1282
1652
2197
4060
1835
4629
3338
9838
5446
9447
3636
9005
9803
6367
4852
3211
4376
5649
5751
6340
7645
6673
4665
9800
4691
9034
4132
7767
5215
1924
8274
8510
831
3925
6453
4748
4555
6160
8638
6536
1406
2125
4092
7429
1591
9800
8671
6418
2020
6638
9418
3559
8322
1205
568
3588
3305
7752
4026
1500
3592
3027
6867
1905
8837
2817
3040
1494
441
1814
1653
6006
8074
9008
2048
6288
1577
5737
4686
9248
2572
1185
8113
7667
2318
4900
7632
7383
3895
5583
1897
5880
366
2674
1680
3086
3945
7491
1049
9839
5417
6581
9741
1639
9231
7581
3584
8281
6759
8886
2997
2723
8215
1303
8434
108
8764
5068
1989
9938
8212
6090
7851
7281
6846
4920
2318
1152
820
4525
4336
7027
2352
1724
6254
5970
9587
7949
7743
9357
6376
6334
4967
6573
856
7438
555
3397
6526
9170
7415
179
8301
749
6335
4294
9569
236
9156
2171
1181
6874
250
1479
5706
7511
985
5703
22
2213
8483
8924
750
1334
9178
6319
2019
3276
8902
8486
9179
3564
16
2498
226
8775
5661
3586
467
7851
7038
2200
6981
6962
673
2650
6199
4180
4011
5067
5779
524
4850
7065
5639
1287
4908
1733
4522
5046
1567
2292
4433
233
7097
4173
2370
9910
8790
9865
8385
3404
1971
935
9691
1071
221
7577
1301
9292
7200
1955
488
4668
4961
455
9203
8380
2723
1355
4564
809
7638
8785
9752
6429
6684
9472
1894
6782
6655
9132
8441
1896
1546
7186
2481
876
7765
4999
4143
9437
8312
4995
7645
330
9746
6849
6359
4675
5050
203
2320
5666
8063
673
3879
9775
4550
7918
7637
3745
3426
9725
236
6448
5948
9255
1982
8248
8199
8380
5983
997
6443
7417
5026
9388
6662
9460
7777
7565
4317
1184
8993
1744
9438
898
9297
1355
230
2944
1454
3104
7323
5990
3850
3039
6148
3011
5850
90
1179
6207
9404
368
9685
9536
588
6858
8033
6302
5013
8083
7151
1229
9173
1071
9133
6098
9520
676
4217
3223
6576
5196
9118
4870
6651
9857
4383
2897
6239
5953
7265
9185
8573
4859
9420
6792
5530
4707
6131
2424
750
6465
8859
4579
7051
201
8962
6566
646
4620
5229
2594
1609
4341
7738
5520
3785
1976
4307
2067
4502
4513
664
8938
8735
2617
8616
1922
5258
1656
1453
4889
4655
4213
2135
6136
949
2538
5426
9150
7098
1136
1403
175
5145
9556
8663
1121
9448
6399
8464
7591
9429
9572
1269
8350
4034
1324
7848
4677
4485
2629
6245
7588
6380
3946
8487
1169
630
3933
2289
3113
8056
9534
444
6874
4967
8669
6141
2467
4950
8497
3387
9597
9770
1257
7203
196
8305
5510
2785
4052
2489
1070
4931
5974
9776
5363
2982
3676
1053
9582
5553
4360
908
7559
8347
1261
5578
3799
906
3462
1346
9486
5935
7120
231
6333
7707
3584
2827
5405
9140
6366
6487
6379
7887
6819
9032
7086
1281
9122
5425
9518
7043
9262
294
3743
1478
5950
1492
1789
5560
8272
8650
1608
5151
7417
5808
856
5665
640
9984
2324
2264
7168
6512
7525
6570
1623
5403
2020
38
904
3989
9011
3067
3454
6435
531
9738
6474
5344
4686
3865
8331
9407
724
6579
3636
506
4353
5248
5444
1258
6084
8698
3133
2205
1485
4996
5609
3610
2590
800
6030
5683
6709
3892
5045
1202
3952
8154
5025
2957
2656
720
2772
6504
3635
1278
9562
6971
7505
9440
6617
1806
3183
9964
5330
7071
5992
6405
9195
8157
9968
6848
7937
556
5962
9088
8766
1141
4498
693
6086
93
9684
6548
7225
1901
3110
3199
6628
9832
6971
8140
1175
8246
1473
5572
2563
314
9292
7408
1381
3997
2890
6471
8996
8631
3586
693
3736
4664
506
7901
8581
758
9750
8585
4606
2413
5633
6636
6778
7976
8528
7384
9415
660
8662
4982
5242
8941
9673
8688
4521
5677
2135
500
5735
8695
199
8674
6672
7823
8869
3152
6661
8390
6541
4791
4963
7146
3780
2007
2854
5477
810
1525
7740
385
530
2710
7382
6947
7124
9327
5731
3565
9553
6781
9617
6495
9681
1841
2866
472
406
3644
5221
7103
8939
9485
1216
6223
4223
9725
2807
5235
8948
2416
4218
6713
3007
3411
127
2448
5372
638
8386
5288
2203
5850
192
9633
2691
598
9289
1565
4255
5162
6775
6581
3297
1874
7931
8294
3123
7897
6901
1547
1674
6034
2060
2475
2030
3037
7730
3347
996
6616
9121
9870
3019
934
7007
4651
4905
6126
8946
9582
4160
7898
871
5102
7596
1889
2885
6763
1047
6188
7928
5750
2876
2862
6891
1834
4443
1155
6690
6399
5886
2001
1681
2051
9864
1363
9679
4068
7439
8731
717
8342
2727
7329
6761
5663
8083
2363
6033
2886
3943
9674
8708
4079
94
4886
7703
7788
8062
8010
8256
6989
9212
1792
7054
2079
7412
6446
2392
8686
4703
7261
1901
7067
7653
925
707
8375
5409
9288
3262
3233
2680
691
9176
754
4329
4074
9156
4921
9435
9541
6516
9480
982
1937
5354
7058
2468
8816
6402
8617
193
6117
3869
5644
7410
413
4307
8844
7077
6946
3052
9763
1522
7734
9267
9009
3370
4070
8896
609
6109
6180
7410
5533
5050
3020
3759
6459
2290
6776
8738
1692
7130
4401
6491
3605
8270
9606
4747
2335
9167
2345
525
7120
5895
5245
1945
5358
8332
3138
8904
2122
5907
9877
6684
3791
6048
7620
9399
3854
7460
779
4017
4191
2699
568
6669
3504
5341
9441
4086
6099
9524
2986
3929
7490
7034
85
4736
4599
9673
2697
1865
1963
737
4248
4130
8379
5511
4802
3254
104
8193
3383
750
8028
5570
2810
2811
7655
7543
306
6612
6819
4985
7823
5120
8536
4535
2300
8908
8793
5658
487
1548
4501
2386
6862
9399
3847
8390
2430
1363
943
6330
7471
6889
9858
9872
3581
5999
4485
3997
825
8420
8429
8228
858
3170
6910
9046
9433
7834
3209
8598
1119
1923
1382
6831
495
3295
5054
3205
7064
4089
2943
1738
1229
7320
3072
5517
5911
1848
1444
3614
5543
5269
1823
8126
8336
599
3893
6302
1912
708
301
8022
2678
8912
1007
2159
8078
7852
6263
2602
869
4978
725
3990
6446
6548
4954
2468
1860
262
4983
3942
3393
77
9760
5046
3616
1988
6165
4077
3246
9335
9023
2970
8053
9596
2342
8420
6151
2225
69
5358
741
6844
9856
7251
4972
1400
4348
4750
7193
7029
7460
9848
8986
3750
2515
5357
5628
1620
3616
9055
6472
1176
2761
5960
8641
3510
2207
2157
1492
8239
7825
8958
1993
2411
2099
6258
6661
8828
2275
1749
3209
246
9383
173
4323
3140
6756
9576
1631
1120
3013
8903
1665
1302
7147
7979
5682
7873
1388
1583
4369
1616
727
1211
5588
4780
6523
1788
3162
6524
8538
7017
3606
9846
6930
573
915
8781
2984
2134
4163
5298
6253
4193
85
6081
2933
8364
2143
981
190
5194
1007
7032
2022
3661
4570
9990
1687
5850
9094
4741
6530
3129
2509
3773
5427
5704
3650
3065
7019
3927
2589
7703
343
3151
2375
8435
7599
6762
3419
8291
7628
9999
4283
2211
5819
3345
6647
6988
4410
5660
2475
5105
8339
6331
4500
2502
3607
501
4104
1344
779
9463
4937
6428
3249
5431
5245
195
7201
6234
191
9287
1854
4671
5100
3292
6862
963
2000
5457
6279
7320
5423
3886
5774
9023
7139
9539
2548
5284
4679
7191
6116
4420
1410
7726
6514
948
9589
9187
1351
6162
8913
7736
6238
9251
1421
7361
5475
5490
1396
6909
106
5257
5404
2875
5237
6965
6562
1781
386
3365
3791
8799
5829
4658
50
3183
6248
2259
9790
198
3860
4661
9342
9004
2684
8019
5519
5233
5788
4368
2542
5861
482
8966
8350
2757
5121
455
2627
500
9879
8083
3069
8596
2399
1498
6223
9827
3000
6764
5845
4065
3220
7673
9751
2076
8903
6828
264
9867
2655
7742
7633
2716
6181
7157
7181
7754
2069
8049
725
6991
892
5894
5259
5353
5807
142
6592
2502
2006
3892
9966
6366
1948
287
3779
1597
1249
6308
6335
6531
8232
7983
2332
2583
962
3730
2800
9626
8576
3729
5609
7569
9036
9065
243
671
1653
5366
8923
7726
7604
1603
5807
673
761
178
8464
2979
7232
1623
186
5491
6574
1650
6300
8625
6529
5421
799
9880
2588
1681
3810
2791
9101
8622
8412
7513
3246
1116
4164
5239
2889
4742
310
9194
4748
3234
9154
4831
5812
9130
3284
1000
2814
8569
5207
5090
8873
2333
7670
343
6458
5527
3228
8120
5633
4509
1047
9508
1314
6137
5999
1940
882
3877
6696
2019
8149
1333
1724
5194
9232
3031
2839
2337
7739
9875
9246
1439
3120
7750
3720
6544
5127
5073
3068
2162
7239
9386
5976
6323
2870
5292
9612
2196
9924
2224
413
3631
9526
9786
5883
8317
5522
493
3431
1156
1740
858
556
6058
4542
2890
9503
4371
9161
3757
8444
2158
4291
4626
425
8700
5408
7633
3944
8894
6452
5469
9088
4463
5530
6144
8483
4516
3095
5801
5477
3874
6279
2896
1364
3841
411
6786
5138
441
7878
9376
2061
258
7271
1627
1911
500
2982
9724
5174
5160
5632
942
4009
6879
6153
3392
4415
4577
9473
2808
3060
4081
9660
2130
9772
7547
1544
3202
6103
2310
3693
8829
1050
9038
7432
2401
8070
9616
8488
7348
97
6218
9575
2178
8382
6976
8610
2576
8562
2456
4582
4321
4149
4685
688
6896
4000
8932
625
5180
4156
5668
7865
550
5843
7085
5841
9573
8405
5195
6364
3640
7234
4894
9343
5605
1082
5402
477
2895
9783
8738
5248
4682
1320
3192
8707
6652
8066
6962
3401
8110
8023
3271
8522
2719
5963
2984
8764
1284
2999
8246
6776
5001
9527
4136
6774
908
8248
1869
8751
6431
2961
2952
907
3596
9035
7048
2182
1980
2917
9650
5475
4034
6027
6223
7518
3004
3657
7530
2197
6404
7798
2263
7607
7556
8306
6573
1439
1088
7678
4202
5826
8323
5638
3986
1365
1400
8419
9871
8923
303
4053
2945
4845
4261
6317
5870
2789
2738
3325
2201
5068
6370
3809
3180
7418
8770
5505
9513
9760
9698
3045
8893
8416
9960
7293
6511
4758
4611
938
8567
4468
2069
6418
2034
5906
5320
9567
9652
3073
8121
312
4558
3541
7721
9882
5033
4165
1951
618
7586
3963
4877
949
6041
4142
8855
510
6744
6190
8531
9350
3142
886
4279
454
2319
116
8608
2521
2694
9014
8958
6033
3110
9314
2193
9481
8916
3378
6408
7749
3009
5912
8904
7906
9265
8540
3857
8503
9703
2130
2084
9100
8389
950
2365
6369
731
5146
3262
1848
4060
1512
9048
4922
6495
3113
4847
9382
1839
4333
2648
2087
8149
6436
533
487
7681
9749
2576
2191
5047
189
7679
9202
8218
9168
1529
4369
1981
2873
3432
6711
3096
5711
2031
5761
6086
7242
7103
7687
5039
147
28
8270
8819
2842
7786
3518
325
7654
8189
2785
4428
7915
2154
3790
1346
602
8064
9570
577
3537
79
1341
787
9301
8908
1839
9945
4776
8006
2728
2409
1423
8551
8149
223
1639
9809
9408
8554
3358
679
7189
7484
4047
3715
1879
6281
9865
9444
3530
9796
7386
7528
3960
3480
1993
5103
5969
1820
8276
1774
7455
1188
4900
6997
3800
2178
9832
2721
8570
9007
8265
4720
9180
8116
8369
3848
8395
889
2812
1701
7382
875
9461
6509
298
3740
2383
9161
6503
7920
9917
9383
3348
6050
533
4369
1575
9390
6246
1111
2337
1280
2468
2287
9327
6361
9290
2192
619
7632
3901
6179
4892
2026
7748
1191
2995
8079
6491
399
217
3389
7558
9478
1112
3753
9060
9630
8724
8408
136
8662
8665
4927
6868
7372
2501
4951
3600
7027
9138
5070
3712
3764
2069
2082
7465
124
3431
2878
823
3107
5973
9789
7297
4604
4767
9344
7050
9966
6144
420
7827
3780
7503
206
4637
2624
6284
9669
4150
3788
8902
8378
2767
5943
4695
2332
5859
4613
1630
1707
1721
2013
6283
1426
3710
344
4483
1371
1329
9431
1394
7689
8180
4154
3288
1943
9270
5860
6484
2246
5337
3546
9221
1160
747
5714
9268
2779
165
2691
8022
7882
9875
7373
9629
8103
3050
7051
3970
8818
6040
8220
926
3945
3021
1373
6340
3323
3317
2388
7148
5307
5385
984
837
6394
5848
1272
8466
2918
6933
2180
2500
6510
5266
4714
6918
2620
9494
8729
8797
1105
2023
3241
3348
6357
3248
2058
2798
8877
7535
6765
7749
4504
7109
1888
5866
3234
5091
9294
5145
9153
1935
9028
5606
1479
5029
1929
9137
1953
6191
7186
4877
733
2894
1567
2781
1913
3509
265
6571
8190
4499
8368
9532
8526
1854
590
3025
9629
1804
3273
1475
6672
7379
4143
6216
4281
1930
6033
4125
1013
5751
2141
2084
4008
4018
9249
2371
6551
5421
2224
7976
6267
7229
9201
7903
5764
5974
7032
6610
2969
3675
6290
4133
3785
2958
1039
5608
7074
3828
2152
2209
455
20
444
3802
59
2936
5988
5471
3130
4235
4122
2545
7366
4806
9556
1227
401
564
654
5356
2961
4087
6594
9539
2852
343
2347
3627
6172
8573
6944
9205
7925
7030
1994
6103
8544
8899
6770
6435
2823
5627
3284
5077
3006
1999
5356
1100
4588
6514
6282
2180
1438
5840
845
3279
6395
3053
4569
9627
9475
6664
5077
6330
848
6648
3140
3520
1991
553
2989
5800
1528
9203
4125
4085
138
5698
8036
3754
2622
6488
6517
7387
8116
9333
9435
9115
843
2937
4915
129
92
538
7901
4795
5942
5685
2656
1372
1912
5691
3821
2854
1539
8434
28
1234
4516
771
2342
4645
2265
4656
4403
9679
3029
9996
2411
6910
2319
8437
774
5017
977
9399
503
256
8684
5441
4368
5361
6879
3570
5242
5030
9290
7217
779
4621
9994
2987
7174
7818
104
9248
580
5289
9384
1685
7524
8907
1330
7
875
6948
3942
3259
4193
2547
5648
3417
2814
9101
878
4729
7424
1108
78
4638
671
3381
7084
5244
4927
2849
1780
8833
7638
7024
874
3456
8959
8364
312
3934
2522
1382
3912
4816
1179
177
5695
3030
6193
5591
5367
1690
6417
1909
3266
2847
276
2279
658
8549
6123
7558
3271
9153
3756
7645
253
1608
4892
8298
2706
8649
9584
8742
6266
5707
6806
5516
8231
410
243
7774
9436
3521
1059
9154
5138
4841
4691
6129
8398
3354
9979
3161
3838
7284
3852
3145
5911
8605
4668
4155
4627
7728
6936
3825
9860
706
2652
278
9480
2556
9513
5931
286
585
1332
5747
2167
7912
4519
1522
130
1837
4348
7842
6390
4495
6476
7234
3626
7011
1299
3643
2464
4100
8106
2924
25
6230
1329
5081
3189
2733
519
8890
5532
214
5307
5352
6106
2823
8243
9537
3534
264
4790
6063
8970
8807
1595
7878
2927
6104
5470
2244
877
1531
7978
9841
5790
6651
7097
8797
7511
9118
2843
88
6786
1994
6073
9168
7044
3607
9672
2297
5488
9884
9359
1256
7842
2344
6624
1812
9602
1779
6190
1885
3062
4491
3289
6332
2935
7302
6019
6562
5530
2114
8489
4754
2116
6719
9374
9798
6227
1510
1336
31
8528
4387
6320
4585
8076
8943
4730
1207
4239
9174
7274
6795
9308
8792
2550
7436
9340
6386
2814
31
3629
8027
3672
5893
756
5771
4270
9026
2185
5887
3414
2922
8354
2600
2520
4200
1199
6981
7301
2903
4418
7557
3527
8165
5932
5348
5442
8245
793
4416
2394
2843
492
5119
9046
1484
4264
4325
9109
9227
8597
5067
7137
9518
338
3484
9295
6101
7850
5851
8317
386
8343
7327
8760
528
7036
4460
7085
4396
2646
1415
9109
5712
5399
5936
4897
9132
4100
7498
8728
5286
1303
3684
8026
4355
7011
2509
9300
2960
1586
9408
9316
8134
3734
7957
5467
985
778
7145
5954
1374
1414
4618
1144
7668
5231
9538
6760
4410
3478
5639
4689
9909
536
3881
6930
2886
9347
7294
1969
5514
9745
9680
6239
5135
7292
3137
7848
1086
826
1118
4879
7590
7898
2711
5191
8025
1595
4766
2006
2038
7981
1721
1485
2178
3224
6294
1195
9629
1600
6114
858
938
8362
8972
2624
6562
7050
346
2539
6345
1704
7244
5041
3357
8249
6795
6094
7483
9000
9686
6609
5787
7572
8532
7295
7451
913
799
1517
4517
6577
9885
6234
7262
5156
4971
9835
9452
354
6454
5878
6020
218
2089
3131
6667
7858
4797
4791
9895
7975
5235
2560
1429
1085
7625
7527
678
633
4054
9542
3555
5884
3712
9773
8032
6784
9616
3389
731
4945
798
6609
9397
1682
3790
2158
4243
1770
6539
1913
9958
2643
1106
7657
3847
76
5339
9813
6744
2924
4085
2977
7183
1343
6339
3536
6672
424
5139
5118
3281
4929
831
2005
573
8875
6033
980
9932
8581
5529
7677
2472
3401
1189
2106
4589
8497
249
6378
228
5136
6505
2498
7605
8292
6243
9325
8246
6783
2454
3606
6167
7572
6965
4178
971
7691
2447
7480
6958
6729
7884
6026
5361
8981
5198
8430
3959
1595
2351
3664
3786
926
1936
4677
6493
1338
7948
3995
7921
4109
2944
5152
1423
176
4872
6188
5703
8373
3326
7110
5560
8979
7727
7167
2889
3618
3615
796
6838
8147
2828
1058
6534
5521
4326
7867
449
6320
5397
365
4652
3202
3462
8120
8937
8832
6367
2234
5517
9090
7098
7560
4704
4466
1875
4249
4374
5871
7774
7201
4067
4791
7905
8473
6528
2417
2136
1145
6408
7039
9075
6880
64
7957
8472
1758
6168
4730
5885
835
7822
9471
6193
9254
2663
2768
4607
3754
5010
5714
4066
3680
9444
8818
4729
3728
4271
2934
2219
4453
5893
5041
6192
438
318
2999
4564
1751
8696
2221
1187
1931
9095
8141
1571
9872
8657
2320
8582
4026
8418
8614
3699
2079
161
5794
6526
7756
5874
6174
2119
8772
8993
3029
9687
6377
3547
8186
5305
3308
6649
6425
7431
5377
9769
7619
6391
992
517
4777
2142
180
5821
8244
3657
6232
1812
3057
9854
7151
9165
698
2568
7686
3846
5841
537
393
9340
8970
1021
4538
4543
2949
1988
5244
9632
1165
3506
9816
4349
2763
1282
109
8343
7092
2249
2170
738
1460
4455
5220
2588
6305
8311
4527
18
8627
7772
1200
1647
4547
1113
3832
4888
4074
270
7104
4235
857
1886
6439
2468
3598
1027
4305
1461
6462
503
995
6620
3437
6815
1061
1109
6961
7506
71
6879
6181
7844
6289
4623
4814
6937
8703
9588
831
2873
3219
7155
6881
1372
7073
9999
883
4092
9645
8559
7376
7619
4971
8740
5933
6873
9560
786
468
1987
7449
2832
4623
2335
3906
5548
1585
9544
4723
9622
1137
5995
739
4612
6643
2408
4459
2896
8171
3946
8696
6449
1478
9995
454
7584
74
7171
7482
5666
937
4412
9903
9848
44
7513
2878
4437
4360
9529
4137
4914
9801
7543
9873
9269
4866
75
3678
3958
2031
4092
1907
4073
6669
279
3790
6050
4852
3248
3143
5858
1700
9338
9273
6676
3422
7727
6236
8380
7644
984
511
2136
5411
4562
4514
7651
9566
856
7809
803
9112
5809
4695
3397
6177
2557
5547
3844
3806
7697
6500
9347
7750
4123
3698
870
7693
8484
7006
3423
6979
2279
2215
5540
8718
3997
1690
2625
6669
3522
9983
7283
7717
6556
4498
3956
971
9515
3067
5632
7221
176
2532
9421
1109
2176
4227
7145
3048
6725
8714
7879
3466
2218
9833
2243
6845
4618
78
8481
6586
8050
9022
1019
1021
891
3786
1853
1794
5093
5911
9228
7383
8978
7736
4177
823
1424
1170
8639
3031
1039
4155
8286
4045
5404
551
2907
6817
1859
3445
3184
839
9715
807
2849
1444
2530
6809
4319
359
3334
9298
9905
3374
7647
6444
3416
8438
1856
4760
7897
9
4390
1144
5865
4496
6483
178
5390
6316
1802
8234
2643
4762
332
8300
7103
1295
7819
9826
7031
1908
9907
2653
3490
2452
6500
1463
3037
3522
7055
3124
6019
317
920
7057
91
9125
2362
9993
2798
104
9268
1628
9590
32
5852
9230
5869
9269
5329
9700
6812
6836
2489
1101
8919
2197
7533
8205
5814
4917
4132
3388
1779
1960
4306
4116
5981
4744
3197
2427
832
194
6132
6937
3985
8432
9475
2809
9621
6812
5205
9763
6725
5388
2105
8328
4976
1437
9012
5054
7329
3579
1305
8289
246
7937
5067
7951
9105
2853
3792
9035
8622
7499
2110
7767
2643
7805
1688
2038
8407
3148
272
1758
8642
8184
5696
1327
9737
5649
8349
4002
3461
9760
6536
5897
3780
3
7940
3560
389
6668
1709
9723
1859
6727
4496
4122
5370
8088
3228
3448
3506
3762
2346
6777
8723
7903
5777
5661
6229
5055
2307
2392
7899
5881
5575
3480
6433
2879
1246
3929
5469
6620
6086
4668
6897
9248
6737
2424
277
2207
1750
2557
3321
1245
4918
356
8765
5369
852
7662
5694
5456
5082
9665
9458
4057
6331
5117
1943
2823
8364
1745
9370
6446
1502
7784
125
8905
2694
7342
4368
9130
4090
9042
5513
6055
1394
3614
5176
6834
3481
5497
3744
821
5992
5524
2887
627
7565
5243
710
4329
9183
4755
7810
6
1490
653
7097
843
4318
5450
5395
1033
5304
6254
6463
2660
2092
9862
2726
8861
607
5946
8693
737
9882
9753
6982
7070
2480
1084
4216
6819
1987
6192
3612
4696
1716
7205
1583
2418
3910
2598
7597
2977
4255
4258
482
6116
9473
5697
5043
5757
2299
4399
9242
5000
8954
2672
3893
3597
4956
2171
4132
9277
6004
4672
8241
8574
863
4902
4823
2411
5129
4892
166
2141
9933
5384
6587
5343
2126
8405
7857
3537
4892
462
6526
6034
7396
9393
187
3002
1455
8559
3749
7008
4378
8740
6607
7364
5291
4229
7024
4962
8881
9923
7321
5688
4940
707
4691
9840
4265
1470
6557
9625
9772
3046
727
9576
2877
5314
1622
3696
9307
5551
3031
5229
5916
8879
5279
734
2685
8693
7390
1196
7309
9486
5993
7477
5874
911
3904
4503
7808
7556
9399
9551
8563
6916
5605
6993
5828
2716
2114
4840
9764
3253
5884
956
949
7000
4649
1296
8805
1673
3887
6187
1113
7382
3298
8723
4440
3735
7136
1664
7373
5914
9197
2332
1848
2198
749
9740
3002
7633
8775
2129
2227
8094
6692
3265
4875
7666
4862
7737
8566
2548
4690
3966
5396
6712
4155
733
7371
254
4386
6461
820
4268
4802
1005
8154
8875
447
148
4594
748
5342
8533
6153
8915
756
671
8121
5929
2383
7769
5503
745
3967
9558
1207
1507
7152
2483
4159
1862
1509
4903
4285
4811
517
2965
2543
8742
2723
6773
2859
9622
7721
9272
2316
3596
9078
1939
8439
4070
4888
4897
5212
374
6345
9416
5427
5054
9460
325
74
1184
1019
3466
9690
5494
4239
2180
4989
6841
9743
2304
2351
9780
5539
4834
9988
40
6561
8527
3384
9085
2562
9707
5373
1585
2209
6067
312
4703
483
2329
732
3401
8804
2882
7713
6112
1505
9937
1530
3052
8805
5223
4495
300
5882
6282
8827
2876
1921
8602
3332
9148
211
112
8751
9971
7067
7277
2422
5141
9603
4959
9456
1520
4462
5490
1518
7743
1520
3094
4917
9485
1528
7777
4091
327
481
5041
2688
3035
9556
7471
3361
1285
7791
1345
2979
8590
5048
8466
8086
90
7437
9538
5169
187
4456
7277
9787
2004
176
2120
2606
5598
207
3245
4335
2091
6684
4828
8242
1219
7897
8497
1876
4931
3563
1229
1250
3375
2956
7675
7666
70
4519
1544
1603
5743
9547
717
7043
1831
9065
7954
3837
1365
2480
7700
6146
9140
1051
2615
1328
2340
1653
2634
6299
4470
6319
2840
1188
8871
2057
2506
4718
904
2015
4600
1050
3018
850
6318
7981
5277
8226
8603
9141
1159
9940
1170
6747
4975
3781
1177
105
7166
7144
9683
6826
4829
6095
7694
4734
5296
1029
2351
4416
6607
9517
442
6264
5778
6754
437
1181
5870
840
572
2451
5243
6206
5213
2830
5337
7589
8390
9747
4313
6198
6000
6987
4490
3587
5723
8975
3176
4631
3288
393
5684
6897
4233
9721
175
1715
9333
9609
380
7515
1980
4403
5180
4790
6948
3039
2108
4446
3193
3947
4219
5352
7146
44
2541
5371
2773
9129
2391
9351
6409
5465
898
5435
1413
2408
2506
6972
1719
7836
915
4616
2610
7067
3304
1771
6788
3238
39
2593
5759
9973
5790
3758
9254
516
769
1311
7361
7538
9696
5798
8771
1394
9242
4972
189
2859
3191
8741
311
5460
9038
6172
1867
4950
2714
1836
7894
7348
3728
721
9286
601
5561
1636
894
6207
5381
5815
1099
9205
8404
704
2890
5574
2524
8212
8293
6463
3786
4259
1017
2798
3104
4793
5473
3305
1654
3304
3908
527
9482
1669
7645
8671
2454
5406
9885
7079
9826
7945
4742
403
5132
8566
8131
2559
5140
5087
831
623
7356
8473
3702
1352
3552
7667
4318
1399
860
147
4685
1148
5349
7393
1768
9074
3263
1989
3577
9153
8158
9302
2361
805
5481
4787
4023
8412
5362
4084
5918
7182
3397
5829
9872
9274
914
7967
2183
9126
9240
9650
4383
6929
7769
5376
8992
8939
8086
869
3660
8023
1868
6171
7661
684
126
4779
953
6561
3617
194
649
4232
8372
1134
7808
1047
926
7134
7913
987
3026
6867
8491
8446
7943
321
8508
511
4040
3938
1537
827
2012
7001
5563
7183
6950
4899
2211
6563
6134
6851
3134
4780
7735
4706
6643
2371
5940
7692
5350
2489
452
4627
9875
7509
2825
1953
5487
4868
6165
8204
5352
981
2094
5676
4365
4364
4042
4148
5648
2158
1946
1230
3827
396
3149
6409
1393
655
1555
7832
1468
3270
3963
79
1211
1067
9057
6328
2108
6262
4715
1042
1207
3656
7296
8869
4988
6258
5626
7831
8495
4085
9266
3297
2012
5370
5144
3628
6170
1009
7303
5436
3532
32
9095
2731
9727
1845
7466
4552
2649
7115
2946
4640
7269
6398
214
4942
3973
8331
2618
5975
4437
9821
8126
1930
6702
6550
4175
2746
6411
6003
2623
2648
4623
9464
612
9194
4423
7510
1242
3201
9258
5098
9909
8134
2324
4088
6423
2082
8858
6524
3886
2018
6996
436
8252
9747
4612
172
5550
7298
1844
7610
6707
9838
7557
6401
1284
1794
7721
3011
2726
6000
2704
8630
9856
8256
6875
3083
8726
8496
5293
4548
9836
6253
1916
3505
5469
4235
8500
5396
244
1046
3699
4626
6970
8344
8497
4737
5146
4954
100
7403
8921
4582
9274
2579
9613
1505
5404
5004
4977
4239
6659
4739
4915
1476
1456
6053
8863
5759
5993
9545
6769
5501
3438
1253
2848
8561
5622
3788
479
5166
8471
5020
1908
2863
6007
3176
6197
4971
743
9272
1117
6140
4449
234
1614
7253
127
4815
5040
1071
5950
5136
1098
3890
6640
5550
5791
5775
3135
6240
470
9878
3761
6748
3442
9955
6217
6943
944
6605
7946
2927
7738
597
5058
840
6296
6665
5617
4181
224
1957
768
4958
1707
3267
5172
8762
285
2234
3409
192
1032
2216
6451
7455
5992
6461
9525
1732
4288
2420
3456
7094
4927
9263
4573
3907
9124
6362
9978
2512
2173
8189
9221
6538
8003
6006
8726
8197
8654
9096
9638
5879
3624
7124
3502
7477
2514
6989
2651
3339
432
2238
925
7683
6434
6644
5829
7656
2907
1716
1455
6314
1536
2255
4068
5462
1608
8201
1955
3691
552
3612
4726
3430
712
6270
5
4512
4637
9400
3593
5831
4533
9441
4205
4585
4054
1935
1754
5598
4332
6270
7180
1432
6317
8397
9805
2751
207
9135
4426
9591
2011
6461
2669
9376
3268
2003
3147
5055
6982
2988
4055
4092
5308
8900
8194
796
901
7853
768
8412
8045
9575
2411
6490
692
2207
3700
23
103
9383
7480
9056
4135
3877
6907
3438
4004
7937
6762
2220
9931
1616
5853
8126
7686
5519
4176
6231
1996
9558
2621
5579
7342
1408
5111
7657
5854
6112
7822
2299
3422
4200
835
1572
9176
980
5450
5956
4111
8650
8693
8611
8826
1032
3904
3164
1422
620
4215
7956
3160
1347
8490
2099
6411
6334
7267
7395
7643
7171
2701
8997
9255
7108
3606
8216
8166
5516
4627
1784
4444
445
9795
2340
321
6009
3982
8695
5254
6272
4517
7518
8730
6772
5388
6634
813
1669
8108
2232
3262
639
4866
6586
8135
6177
755
2150
5963
730
560
9813
6870
6514
5220
9194
5680
1338
1433
4633
4701
2951
2842
2908
7093
2939
6173
6760
9254
9168
6201
7329
8494
4302
6598
2574
4592
2192
6964
2404
3200
1887
982
8680
8315
9463
7046
7896
3821
3102
6254
2132
4218
1279
4278
920
9358
4837
6446
1045
7195
9290
4609
4956
5785
5333
8140
395
2770
3652
2759
3916
3170
6805
5637
5527
5402
5247
5235
1705
3982
4640
5927
9372
8292
8304
7930
391
245
9936
162
929
1280
7791
6379
1717
7877
441
4973
298
236
3131
7980
4283
7918
1516
9132
6197
914
304
6396
8612
7536
8456
5095
8748
8719
7803
3794
3430
7066
8757
3837
4434
3762
9742
7093
5077
3977
4448
3098
6741
8442
7033
4940
744
3776
176
3369
8576
3875
5130
5693
382
5925
1466
6239
6205
9034
6679
5973
178
4795
3193
5238
8194
5384
8659
1769
9183
1400
9678
9529
8857
2269
2984
2020
497
7252
905
6273
5722
7518
9334
1895
1753
8422
3674
479
7762
5673
5080
4552
3084
6338
5206
6687
8277
2596
9521
1420
59
1685
1443
9202
8611
9904
4866
3647
3947
4880
1812
1157
5026
2817
8676
3857
9655
6657
3603
6213
9906
970
2636
212
1187
9946
4706
8268
6044
301
1385
2089
7002
3655
4896
9473
222
9789
7736
2341
7230
2641
7026
8309
316
6173
6962
3633
2858
3990
8348
3091
8761
1690
1465
8554
3421
963
6023
8017
824
3723
3537
9065
3642
2193
7421
9660
534
9023
5794
6172
1330
7778
8147
7125
1401
7886
2802
3709
8873
5566
6285
4986
3992
3430
6124
5422
9239
9700
8346
1835
6144
9521
9536
5838
1066
7659
2305
1631
5
4619
7136
625
3863
4839
7471
1788
6285
6287
5788
913
7684
8928
1734
4538
4826
3872
2856
267
6046
8141
831
4953
4138
9624
4368
8797
2253
8740
5810
1132
4732
3682
3064
7959
2858
9271
1081
3637
53
1860
9691
5176
8573
8844
4337
3244
1610
6110
7968
670
4617
8487
7624
8303
2605
2047
5952
8302
3925
3426
4226
3710
2453
7134
6783
5523
2390
1876
1133
3440
1417
8109
4750
2085
9874
8620
472
3776
916
4628
5531
3924
4523
8594
5704
5338
1321
8530
4525
3222
1403
2304
8104
5392
8384
3216
6013
8106
5087
6107
7632
3392
9341
2369
5497
394
8981
7376
3404
6590
4503
7128
5860
9392
3446
2565
7746
7428
7292
5570
8858
4678
1547
7404
535
689
355
1388
9124
2571
8475
9370
4875
4558
1100
8239
1659
9917
6245
4125
556
4873
4928
5762
4590
8449
7272
2345
3224
678
6908
4255
3440
7603
3803
8082
4305
9291
5904
5796
9927
6841
9613
8873
5722
5773
3929
8725
4374
2324
3416
9789
7869
4106
6696
6772
9806
8558
7480
7880
1460
9062
368
3201
1823
4038
6855
856
3569
6703
826
4755
5041
6467
1300
3000
1233
5571
3908
6934
5465
4893
1909
6755
8196
7050
9389
7949
344
7562
6822
5324
7798
1483
6005
742
1736
1280
9743
1909
8205
5997
9172
6930
1666
6789
8625
6586
2668
3295
7805
4705
5325
2530
8774
5259
6843
3712
2469
7974
6535
2314
6031
2784
6116
2907
5864
7835
9376
1216
1151
788
3831
5297
2512
2192
5642
7733
3767
1229
7498
2271
3353
1511
4820
5595
8549
3892
1497
2889
7132
5226
1658
7523
1958
9383
8130
7671
1424
8929
2971
3427
3884
9444
2895
9445
3667
1912
8330
5079
2773
7219
5983
4124
6200
4930
3351
5181
1282
3355
7966
8496
6976
9814
1223
5054
9381
4279
4583
8240
697
2347
7152
7829
5518
9499
6585
4822
9833
5698
8544
463
3402
3777
5358
4866
3798
4569
9102
8099
5111
3501
7674
9885
7687
252
17
4312
3572
1440
500
4185
7556
9787
937
4795
3020
1125
1679
785
1124
9509
7406
8183
1980
5897
8471
7700
9796
9615
5097
2626
1138
3514
4984
7788
9380
926
3434
2423
9394
6440
9829
3237
6825
1840
8277
586
1849
8971
1935
8748
8702
4655
2195
3941
2951
3606
1084
1998
947
447
7047
3357
5802
3759
274
4031
3349
8473
5899
3880
7779
3115
2306
3141
345
9148
1280
7414
461
2547
6506
8083
7146
9701
3575
3082
7601
9137
6897
1251
9797
9742
3170
6442
1581
1654
284
5034
8140
5957
5129
3063
1700
5753
6525
6877
2596
1379
297
5623
4812
4112
9397
2332
6881
9294
9049
7907
9503
4938
7629
4913
6029
9950
7139
8009
3037
5486
2144
7401
5070
8539
6332
9600
2949
5544
1234
1801
1009
5127
9141
9583
7147
8918
7655
3325
9107
3610
8633
3654
2747
9939
539
3734
9952
359
6499
4629
4443
4186
7681
6044
4583
6388
5430
190
4812
2337
9563
8835
3095
5822
5866
6987
2470
2576
6646
1748
9165
3871
8199
9800
3816
4716
18
5542
1609
8615
4733
4521
774
7064
2380
819
7757
4991
2541
752
3961
8732
3678
276
399
4449
4349
613
3796
6364
9537
7795
715
6237
4348
377
7522
2380
6438
9962
1672
7802
3673
9227
8423
4272
4108
3854
9835
6217
2625
5046
7235
304
8087
7517
7668
1495
5878
5844
5494
9565
4379
5789
1669
5222
7496
8098
6262
3621
4975
3124
9734
114
2118
3192
9214
3551
1961
5318
4533
3908
5395
2242
4925
2161
2542
1884
1137
5511
7098
5640
4530
8122
8159
3470
7602
165
4222
3637
8313
8718
8429
4357
4226
3714
6286
899
1854
652
4351
3159
7497
3112
830
5253
7811
8318
6928
248
7500
2276
4739
2181
9891
3036
1332
3655
761
2451
2421
2734
8883
881
4226
9798
9932
7193
6335
6119
9197
1930
2011
9292
4293
6687
7944
578
8865
2713
9757
6993
1046
2174
2361
3518
8957
1172
5652
6503
5718
843
9748
616
4626
2681
1639
8665
5859
2661
358
4202
722
2656
9624
2291
9280
972
5534
4314
8644
8131
4027
3281
1722
8679
1158
7149
8807
6141
8078
1287
3961
1358
332
1352
1720
7719
610
6566
7645
3209
7616
9850
4841
4931
721
2621
3835
4815
6231
7413
3333
8001
80
9346
1160
7710
5205
1900
6858
3576
5072
9440
6194
4638
9535
5763
3145
4678
3854
3084
4841
9452
51
2871
8162
8555
7059
4642
7334
6192
3959
4164
6268
206
6969
7715
7068
9356
1164
5166
5545
7340
3714
1910
1798
2505
5729
8864
3660
5493
2681
8387
54
2476
1227
1045
5454
8111
9802
1459
4890
238
5071
5330
3946
6851
3063
8433
2835
5804
6634
6050
9880
6731
7184
4246
9960
5752
268
3390
357
5191
2275
8697
1525
9337
4967
5634
2035
3105
665
8567
6676
1989
2327
5467
5167
7790
5252
4651
1493
2124
2229
6811
6233
8607
1442
2841
6989
5752
8454
4453
9247
482
4231
1335
702
7104
2212
8021
8113
3447
9897
6815
5468
887
4744
423
461
153
968
6308
3326
8222
3237
41
3643
8490
7156
1423
7379
880
8280
8930
6922
844
2973
7277
7770
658
4831
3298
2606
7487
9900
7229
31
9875
8080
5432
5864
9844
7342
5752
2750
8741
2043
1192
4157
874
8179
3243
6441
498
3797
6712
4199
6876
340
9193
4482
9001
1670
3795
9524
5918
7265
9842
4613
1130
7085
9112
5147
4462
4096
6900
5478
2293
3986
4536
679
5833
1937
3360
7593
3937
3409
8393
8394
4153
3218
8056
3757
6581
2228
3288
9959
3341
8614
723
3440
4032
1636
9414
293
7083
8670
4803
6013
2055
2975
9
8044
3951
6373
9873
2831
9915
2322
3504
1957
6358
1953
9363
7084
4120
6495
6209
8962
6870
7517
6778
4064
8593
3944
1868
2223
8098
3199
643
9177
654
1821
9876
8807
8217
2505
4107
1650
8889
3408
6242
4337
6371
6972
266
324
3800
627
7996
6038
5032
8770
3369
9631
2989
7281
3667
8914
7840
2951
1118
2513
8027
1939
7101
5541
5644
9170
1305
6544
6645
5714
2575
596
845
6418
6444
4250
1482
9675
2448
1434
4883
297
8859
4856
4238
2426
5186
6104
6
2458
2108
505
1330
1359
4642
9024
9994
5873
4372
1645
2377
8773
4716
1198
8172
6265
749
1834
3378
6748
600
6846
2680
8117
3395
7043
9115
5790
5067
2062
5347
18
863
2299
9198
4658
6568
2628
4492
2255
2060
4641
8544
6259
7878
2937
8455
8819
7992
2680
4428
9712
75
5830
7767
78
9619
539
6623
3961
4618
7646
7604
8301
4338
379
1308
1808
9179
2547
7393
9020
1383
9323
6467
1528
6285
5319
8932
6972
2299
7066
7867
4522
3427
3493
8893
1305
7009
2136
8741
8035
8101
9249
1215
4098
933
2384
2063
2091
5462
9453
8256
5343
3830
4404
3840
8513
5390
8265
3508
1783
8890
5680
9763
9078
1405
954
4163
9641
1294
2422
9881
487
6763
5594
2138
8421
9291
8204
2768
3196
9996
5719
7432
3840
9410
299
1766
9715
8888
7209
3082
8643
7654
4144
8470
6101
1824
8550
5411
8163
4328
340
4793
3198
6304
1107
6047
5137
351
5849
2780
1084
9921
8529
3968
5531
7278
6927
4797
1407
6987
5865
6581
3906
3469
2812
3305
6285
8791
2270
4986
7940
5787
8763
3189
8207
6472
6834
9536
7761
7068
3676
5542
7577
1221
1825
9281
7784
5659
6105
778
1989
2845
1550
6502
4127
1843
2931
7614
9389
7135
638
7933
4220
4541
361
7133
4034
2719
4351
7898
9542
6296
6189
963
2491
9709
4425
1167
1192
8646
8362
1404
2563
6328
6948
5824
962
1715
3669
2185
2980
125
4058
486
3531
5531
47
4512
725
4693
9979
5565
7215
5331
352
7386
7388
5741
7789
9899
8215
8536
3761
150
7537
6923
6907
1220
8365
8232
1231
1481
7357
4957
9851
399
5899
5272
1453
1509
8920
5841
6557
3275
9402
8865
9596
2058
9968
4884
1553
9201
249
1896
4066
6798
9629
9103
3847
4475
2366
1958
2740
6142
8116
7300
1024
7212
9796
4152
2015
3487
9855
8610
3657
8849
4491
3015
1795
9901
4039
9885
339
6793
5627
954
7960
6983
6946
6917
4451
7439
8704
7777
6732
9891
9704
6288
4016
4016
9480
178
2765
1979
9496
5789
556
6071
631
2601
5782
4830
4036
1253
463
2691
9764
948
8416
5517
6142
3825
8493
4398
8944
7536
5964
526
7455
7489
4641
6023
2537
9441
6759
2103
7052
4510
4234
3659
7017
5803
9819
3549
2109
1039
105
1790
1193
7071
2386
7780
5442
6516
6321
4810
6224
5458
3222
6343
2619
9030
2275
9066
7338
2325
2130
4212
1833
964
945
1136
7056
1547
5875
2995
7151
2989
9925
9698
9960
6279
7233
9273
8125
5147
1868
1102
3217
2708
9202
3434
3646
4964
5469
8636
148
8810
2184
5210
5631
832
6570
8105
8668
2760
6838
5494
5395
5806
8737
8978
1326
4781
4830
966
7881
8883
7266
2471
5749
4018
6048
8281
7637
307
5974
9743
3130
1014
9284
5128
6983
9926
6461
2886
662
5645
8945
2385
1726
5450
6628
6317
9297
8449
9389
3327
2609
490
683
7129
2641
9329
7503
2380
5083
6378
4190
712
3911
6821
7106
7459
4602
6770
7732
8133
8537
7095
8838
1182
5941
8493
8794
9744
5961
8473
948
7728
3693
6487
4205
1854
6039
3126
7638
2489
7950
8569
589
7159
5274
6839
2173
7042
2333
8201
4213
6350
2350
1589
2410
8744
6777
6237
1211
741
2494
9816
6620
6921
8953
5869
2120
2395
8551
2318
611
7110
8547
1971
4852
9870
9688
3284
5699
214
7397
7278
8575
4560
1035
2169
9402
9366
6744
4292
2854
4120
238
5503
7278
1312
4083
4472
7779
8012
6942
6908
544
3613
3274
3681
2173
8201
2467
8068
4276
6010
9482
9383
2023
787
5311
9013
1237
3784
8607
7173
6690
8905
4519
1153
6881
399
5442
7275
6023
4827
2450
5264
6503
8513
6099
9964
4607
7533
9091
4096
6370
6320
7745
2521
9321
5384
6819
7142
2615
4544
257
1296
8237
8972
9651
4452
8029
1359
7820
2054
702
5472
7263
9117
5497
7343
9574
4118
7435
7828
6256
3997
2352
8647
114
9859
1355
3329
1942
4073
764
1062
3998
8683
9705
7510
1630
2125
3183
8728
2015
8309
1278
8225
4597
9230
8803
464
6534
4467
1699
5244
9809
535
27
7016
5941
7839
9972
9482
2389
5285
6612
5855
8214
8303
330
5651
3750
406
1460
4630
4217
922
22
4209
5640
3850
585
1502
1591
7509
7232
1379
9135
1802
5349
750
7907
3208
8929
3797
531
2963
278
734
4611
5652
7499
9933
6204
8659
8557
3327
6796
1851
520
7513
6293
3461
9412
648
566
1424
432
8455
2824
280
8248
4590
765
4747
2522
9529
7566
4370
6966
4123
2612
5626
7445
5530
4107
9689
38
2759
838
5811
6252
3599
8637
4754
7015
4202
5559
2078
8412
1596
7678
2321
3079
1919
9588
3910
5584
502
6657
6219
9949
1140
8409
8589
4914
7603
9187
9979
3169
8550
6150
1159
9845
2813
5004
2792
6923
9509
4793
234
579
5268
6660
2252
1796
106
874
1317
2060
5353
5595
7634
6618
5218
9859
4591
8532
2900
2980
9512
7669
1066
1348
1227
9719
5456
1555
7631
9950
6936
544
6147
1169
9580
3282
4953
8380
6157
6733
263
4646
8263
7449
1216
9176
2459
9489
2163
8662
5619
7803
8744
3186
2081
902
2687
8671
8751
8846
6202
1074
3161
7005
4387
1331
1978
7210
157
541
9947
7909
6505
6207
6645
8453
5649
4278
7198
9174
1305
1906
3259
3787
3869
7803
627
1670
4087
7732
9108
421
1847
4604
330
4541
43
8016
5890
9104
5331
2970
7414
657
1915
1083
7165
6368
6807
7141
3824
2363
8609
811
8093
8624
9611
2030
4490
9926
8455
310
5952
9015
5828
6879
7853
7824
1098
8303
2038
1841
8229
9283
3508
6363
937
5869
9378
1193
2146
4263
9427
214
5687
6032
2162
2424
2271
1688
9628
4709
2589
5265
2227
6225
8412
6838
4076
2652
8897
9123
7637
6084
1167
3336
1253
7459
8767
594
578
7886
2101
8486
8536
5513
8109
2893
5098
1776
699
3246
7238
257
1746
3560
3921
8218
846
241
8214
419
5732
7666
4886
6016
9731
2546
118
6534
5109
6308
1952
5572
388
6738
977
5996
4528
587
3589
89
4602
4316
2358
7480
8669
1188
2659
6599
2520
5127
2370
6426
3013
2898
5401
7316
6352
5832
4458
7342
4071
5700
1966
1207
6719
1231
9714
7881
9677
1456
2958
5855
8022
3530
2907
3308
2519
1643
2606
3407
8280
8543
9639
176
2065
4904
7256
9700
3173
3102
9660
7071
5223
6128
5259
9408
1492
8071
8334
9128
4197
9665
4148
4029
2299
1849
4369
60
3286
9593
1425
7474
9593
8461
4782
7555
1351
228
8072
9475
3360
116
9877
1649
1205
9734
4806
5368
2219
3343
4481
1884
1308
1138
3500
9270
5898
9383
3450
2587
5870
2582
7149
7241
6657
5402
2390
3275
8911
480
5401
2678
2910
6281
2219
4649
2989
7242
7692
145
8980
468
5654
1539
4129
2942
3121
9913
7832
5545
925
9693
5833
6677
1595
598
8029
713
3575
5404
2173
4548
470
255
9481
1131
4748
2536
3488
3680
7168
5729
6011
9863
5461
279
904
1535
1197
3954
5481
5596
3218
8450
577
2826
5261
7039
5919
3074
4007
6296
2137
3951
3523
8120
3741
1448
8705
3297
4196
1435
3229
3622
7365
3215
6944
293
704
9655
6370
4357
132
5591
2127
4229
8278
6063
4133
1393
92
351
5096
1897
5354
2259
808
2389
9791
1774
1479
599
584
6264
737
1875
6823
135
5940
1478
9378
5476
5486
8985
287
6336
7121
1828
978
5868
7450
7796
8396
2426
1804
3862
6957
8133
5168
8977
1638
9372
9712
6556
8134
9699
8687
6795
6077
7834
3709
1018
7731
4925
6861
555
4370
2598
1411
8712
2577
9249
3992
3587
2447
7450
969
9293
8232
1579
8588
3820
825
9513
8142
4881
2759
2418
4257
1477
4712
8073
9863
5612
8319
1066
8906
3092
9043
3416
272
3392
8233
9402
8496
485
6462
9519
4666
6264
4022
4198
3461
5964
8258
1448
9199
4548
4723
2442
8925
1909
4744
2843
7717
5942
6846
3972
1715
9706
6040
5439
9596
2981
6979
3467
4945
8241
7479
9731
9524
4846
6968
9907
3869
5156
8002
4140
2209
756
3316
1110
439
5733
4623
2428
4957
3165
2536
3569
5299
4032
4047
3548
2801
2087
4813
4780
6470
4797
9982
2224
7622
9024
1238
5361
8682
4993
4649
4731
6998
5218
4850
4598
1370
6932
1329
3268
3501
1215
5251
2682
1316
3860
4950
8198
4926
7523
9960
6757
6160
9885
8930
3228
9780
6577
2584
8026
1194
1951
1941
1105
5674
5324
3103
5221
8507
2149
9519
6534
9145
352
5895
8575
2335
7734
7184
387
2662
3244
8624
5862
9112
6738
8182
3685
8727
4146
4920
4568
3143
2616
3766
3179
6016
7423
2655
620
3229
5961
7429
9747
519
7389
7738
1116
6068
5152
1458
