2179
6726
1627
4552
458
3000
9426
1817
4956
8208
3772
9618
9468
1880
3771
5888
5976
2482
351
3069
1576
7787
4073
9627
6778
2337
4422
7158
4018
8682
869
7152
7823
6667
7472
9772
7696
9913
5902
6798
5964
8767
1969
4440
4687
445
2597
2056
856
3670
9182
8775
8790
6379
9408
6578
1100
1232
8726
5549
2211
5598
1174
9832
1200
9390
746
843
6057
6091
2385
8789
4465
9732
2166
5322
7705
438
359
3865
2462
6665
8707
3882
8860
9443
7731
6514
30
9590
3115
1607
7832
9630
3846
4224
7315
2317
6145
419
3025
4303
5958
6750
5012
8900
2275
3542
1232
9760
8224
9397
7186
2158
5892
7140
7245
5040
6607
6940
3490
2832
2349
3975
9576
5498
7490
1407
2418
7406
9804
1637
6306
1773
8918
6400
6576
1883
6899
2451
9215
742
5425
2487
4239
3988
8320
6269
2157
5639
9426
7389
943
703
380
9262
3456
7362
6259
2651
1733
5001
1111
8759
53
5168
8950
7785
1311
5616
8958
2123
4252
4277
887
7175
3896
193
7977
9918
8788
8923
4925
4843
638
4769
2255
9009
6940
607
4069
1007
8256
3247
246
5962
6272
287
8492
4701
8681
990
8602
7651
7002
2
5402
3868
7772
7783
4758
6813
3572
7417
5089
3242
9791
6696
4619
1938
9142
9759
3431
9032
8476
815
7574
3219
3454
3001
1492
7712
6016
2573
5987
5506
9574
4832
8202
4694
213
6955
6033
9198
1695
586
7749
9591
9785
4715
5799
4132
8235
2140
6144
8188
5942
4249
9236
5976
516
3604
7878
2000
9786
2916
6091
6226
8781
8439
5984
4462
8628
7996
9081
6904
3932
6388
4971
239
2345
6632
7688
7166
3768
6861
7994
2894
6875
475
8628
9487
3955
268
9761
9127
6863
4966
7701
1677
2404
1824
454
2080
8987
6621
7150
5214
4317
2224
8463
5819
9793
3318
301
6358
8560
8724
3214
6908
4381
2206
8720
2095
1327
684
9208
8183
957
7321
7887
5171
6493
3893
7819
3675
8253
8764
1948
3658
2138
8112
9744
5335
7429
2761
6658
5017
4929
4242
3481
1578
2039
2277
7552
6107
99
700
569
6519
7381
4785
2769
4684
6906
1081
5946
7333
265
829
9619
6387
4598
544
8027
5649
1578
4467
6191
1035
5759
2701
6626
6212
25
6150
9588
2378
3361
777
2673
9807
5207
3755
5100
6718
4972
1987
8573
1026
8294
3698
1385
4231
5203
6075
7417
2825
1721
4066
4522
9925
491
9576
8291
205
6319
8182
9491
5701
9186
890
7967
3858
4632
269
9798
3348
9472
8524
9448
8316
914
5449
6187
1006
6117
8811
4072
6517
8815
3673
7159
9315
3699
1062
4074
8392
5700
9235
2525
3600
854
8004
9321
6493
5548
7759
972
4242
2832
7619
1352
3281
9203
6831
9950
7057
8355
935
7484
9424
423
1561
946
8424
8527
4207
3783
9848
5677
9132
7403
5364
3443
657
9596
7564
4350
4026
3226
708
5112
4764
6938
9534
3373
5812
2825
7799
1258
1536
2439
227
9841
2095
4160
8372
5012
7425
5933
8098
6914
18
4599
5972
8819
4830
1973
1732
5673
6989
353
5531
4830
4816
7598
8255
495
1189
6533
5779
8603
1553
1775
479
6673
1356
433
1540
7185
3752
8975
3501
9673
1397
6364
4261
237
8566
4603
326
280
5104
8157
1723
6708
5696
8856
714
2340
5230
3275
2754
1309
2723
4255
476
8805
5988
2593
8268
2088
2061
7346
1701
1502
8937
3397
3961
9467
516
7625
9966
5360
4821
8920
967
9198
473
4077
8007
4402
3243
1233
7265
6173
8246
2497
9347
673
2047
6032
8830
5968
3939
6474
4771
1797
7835
596
1854
8117
173
9661
5037
1458
9384
8195
7282
8708
1643
956
9001
724
4005
4060
3722
9898
9055
641
2894
1503
5037
1512
3895
5912
6465
3581
5635
637
2845
8311
6901
4660
3554
8836
6602
3705
9732
6477
9411
383
3841
4196
7104
10000
9129
8897
8105
8019
4624
1622
7116
7277
9856
2643
2269
9426
1684
7813
990
9455
3244
6514
3135
1077
3129
8022
2069
964
8828
4114
86
9560
1010
7127
1450
4863
532
4537
9211
3497
5435
3353
2077
6685
6265
9811
9690
6941
9052
9305
6065
9641
8528
3055
3632
1043
271
6585
8226
5193
8248
321
9974
3961
7179
8968
7285
8241
2733
8797
767
1849
875
8820
6706
9007
4426
6367
9968
365
4598
9411
1768
2351
2101
8715
3793
1021
7499
6200
800
8998
1346
7839
2004
5346
8727
8620
7260
4357
8610
8889
6793
8869
9416
839
562
1383
3606
938
1194
6654
1582
7940
2315
1837
6647
2448
5767
7064
1779
1584
658
2823
9333
2927
504
5096
68
9748
102
4168
5080
8009
6932
8302
7832
1381
4225
487
6089
4587
3169
2902
3129
193
1125
7379
3285
9018
6020
5623
7208
3876
7368
2760
2177
4785
8126
7587
4774
319
8090
7261
8179
280
6599
54
7081
6168
9582
4486
9159
9234
8868
7202
2279
5753
3950
5299
1869
7616
881
2967
86
1970
5673
4442
3959
1345
8486
9570
1677
1325
6475
1360
3423
3140
715
938
287
4725
1792
4143
7
3933
6522
9380
6298
7821
5755
932
3796
6794
5201
1880
942
4141
4558
1128
1105
2881
4170
5391
8834
8109
6904
7154
8615
5829
6376
994
207
1075
7059
8258
7453
2796
8234
3687
8578
3861
7049
6098
4837
3847
6262
5291
4767
3221
3880
4113
4826
7833
4693
985
8573
1638
3308
8349
253
8213
9287
308
2800
599
5337
4716
6102
1913
7948
6902
5633
8854
5695
2300
9124
6924
1588
1837
7632
13
5418
8558
3696
3386
1976
666
8946
3967
7445
6509
6812
2117
3000
6338
3818
434
2164
1525
2612
7914
2342
6274
6656
4101
5155
2476
7598
8397
6360
6183
6427
4201
2048
49
6244
7215
2297
7510
1910
7086
7493
5800
2181
7475
6248
7016
9078
9628
1334
5581
674
1422
2313
1180
9110
7192
7834
6803
9144
3413
9113
2551
3204
7777
4709
4688
6102
9103
1138
9203
5822
3361
2567
8567
5245
337
4741
1096
9461
3457
8747
4915
9703
8739
9741
6985
2999
2990
2301
4970
3059
9269
5824
5688
4745
7640
1667
1995
9748
9678
3412
4950
2529
8624
2238
7366
1067
6275
212
2741
8012
8403
4096
2280
8752
2296
4067
7564
7164
5029
6712
2983
9620
4630
5286
1999
443
2475
2754
389
7230
9045
1748
382
7257
7510
7870
1653
9146
5449
6404
526
1966
8916
3285
7458
7882
5538
5499
103
4980
5129
773
1929
8448
5847
9721
5835
9244
6124
2619
1114
6095
143
6553
3280
3058
5487
9476
6296
2985
5802
547
190
371
1879
7729
8757
330
2688
1755
1051
3723
6690
1218
4610
1006
9380
3288
3956
208
4548
8677
3171
4271
9966
399
1661
4084
1777
5580
7998
8883
6428
4954
2219
1148
5627
3862
8986
9327
6331
1623
3091
5399
9656
141
7965
6709
9977
3370
3615
7662
530
1911
9376
8593
2940
7134
458
2897
5768
2082
5102
3030
5185
7984
3510
3929
3096
3415
421
4551
5857
2235
1539
3167
9404
7842
4357
371
4948
1829
5637
6602
5862
7814
164
7835
1134
3549
9915
4326
3252
913
4859
7827
1822
9958
9805
1143
4691
9578
5389
2965
3331
455
7611
9017
5521
1685
6766
8743
6943
1351
8047
852
6352
908
7008
5662
3867
696
8841
7754
1200
7614
7166
1319
2849
8871
1813
3914
7688
5393
716
5668
8850
4446
5918
5246
5130
6242
9578
4420
7085
923
4746
8725
6355
6449
8472
1818
1998
3546
6058
317
4651
3822
158
4499
7351
5645
4138
5329
5121
3586
1932
6431
1841
6996
8825
2149
5077
4016
1689
2421
8566
8397
6345
1731
8527
7047
6865
5228
6635
8740
4044
3216
6239
1333
4313
3746
6180
1273
153
8664
190
4605
2927
8464
3644
2580
9752
8449
2102
3581
9926
6127
4053
6729
6117
671
2831
4872
3419
2538
6447
5241
6992
2282
5721
9328
4848
260
651
8640
1628
5591
160
2600
5414
785
7107
1760
3426
6963
168
7788
9118
3932
428
7246
8296
1812
6681
1719
4985
7750
5294
3220
8847
9661
9740
2989
792
9515
9506
9662
5054
6262
8982
322
9850
3944
4985
3104
6037
4114
6714
1467
3448
6356
7412
1041
8082
1616
4530
6526
1059
6475
7807
278
1511
2887
3611
9819
85
954
6054
7219
8846
8433
5218
5618
6708
2990
4354
3205
6560
9922
2170
6235
1207
2329
2976
2446
3235
1692
6574
6215
256
3117
1731
5938
3442
1582
3142
1186
1348
338
3402
8567
9000
3222
8036
7137
9898
4167
7698
4264
3819
111
3436
5103
5440
6667
4486
4083
2631
2727
1470
5469
8574
122
4689
3832
5300
7870
3231
3890
7107
339
8797
7887
8514
2094
2617
2273
81
5228
4961
9075
9119
9671
8924
9456
1832
3204
7394
6290
8515
8316
6008
6969
7874
3963
5223
190
508
7958
5364
94
3373
9782
2211
624
8146
8774
6690
1885
8303
3824
6346
9533
1350
5054
8186
5066
2631
4788
3226
5110
3524
7679
5460
6543
2227
7987
5736
8327
2458
7713
4622
2869
705
4595
1052
3515
9688
3601
850
5291
1417
9364
4558
6627
8997
3238
8809
3968
83
5758
9013
9369
7493
4960
9161
9442
212
42
9468
7015
4138
1160
1082
9063
1898
9155
3229
5728
6617
4703
9202
3023
3279
8075
6549
553
9276
1765
2743
1442
2688
2622
5310
280
1791
6359
7398
5580
1241
950
3740
2583
7948
3782
4984
9886
9980
7626
1948
8587
350
4198
1400
860
3210
6318
9398
3863
2567
7872
4580
8058
6642
9068
3367
2448
6885
4637
7032
8182
2724
8840
2348
5141
7605
5354
8717
9655
6947
9548
4098
8022
1479
8492
537
3430
4791
9446
4801
687
4299
2931
6177
9159
5723
2306
7940
1759
9246
4379
3356
794
6141
2098
4221
7558
7608
7861
1030
8667
8512
3290
9850
4374
8116
8076
1427
101
6014
5316
3099
7761
5053
9093
7287
4794
5792
8105
660
1244
2145
8009
185
3659
6850
4675
9221
8298
2493
1220
7122
6128
5501
8358
5510
4213
1195
8695
5781
1499
5333
9167
8070
9753
772
3988
4737
1868
4654
1280
237
2854
2511
3760
6907
9340
8731
9096
6057
7994
6450
6599
7699
5641
3310
2712
3960
2594
7596
7825
6046
2286
2784
4827
8349
456
1615
2860
8420
1028
8424
1834
3365
2222
4751
2278
5545
5123
646
2422
6671
2489
4371
6462
5768
699
405
1849
8756
5845
9373
6163
7777
4457
9569
953
4659
9065
3943
159
1163
1855
5932
1811
7676
2965
2912
1702
7573
9810
8735
4583
5011
8987
8769
4009
2095
5849
4836
2457
2276
6961
6759
7514
1737
7503
6004
2564
6550
856
2198
5318
5412
5450
9275
5637
7081
4176
1819
1694
8206
6333
6793
9080
4151
2256
2865
7471
5621
1929
9544
3701
6781
9506
6983
1226
9394
7990
8966
7531
2005
2026
3879
2979
8914
9601
398
8225
2027
8084
4987
8435
9626
1232
191
5725
584
1465
2393
3137
4416
6879
4165
5086
961
8661
306
5111
9689
423
7262
8165
1079
8557
805
7496
9053
6338
4925
181
612
7854
2054
7437
3097
2638
1582
158
9008
2103
3829
5310
8715
4094
7194
97
4826
6895
5128
5877
2518
4957
1082
6427
1296
1769
230
1002
4496
3190
9486
815
6919
6567
4164
8999
2009
6282
6042
9374
7986
1572
6138
1035
2603
9017
6165
5537
1271
5943
6510
7708
7378
8524
3125
3666
132
5151
3490
7687
6290
3684
5243
7345
2103
2998
8149
4940
7258
5003
3063
1169
7032
2771
7090
5700
5007
4872
4480
9313
8949
114
1492
2734
9140
6708
3728
7975
4830
6087
2111
9358
3292
4753
4290
6393
2956
220
7578
5148
6554
1065
3020
6189
6506
7344
206
6495
9986
9732
4464
2411
7520
4340
4752
9830
2422
6136
6144
7176
8887
8781
3399
6401
4090
1989
3434
4293
7116
7178
185
7186
4137
6251
2638
1209
5995
6845
9544
2009
1412
7827
5095
8703
3648
6446
185
4802
2471
8810
9854
8401
530
9002
4583
2948
9437
2746
7428
7942
257
5584
8908
2323
3660
5371
2454
7376
6304
3674
7330
9972
5672
1262
567
539
5599
694
6529
4850
6888
8840
8010
5510
4598
6583
7658
1998
2346
754
8532
4975
8901
7343
2830
1829
7660
8326
9343
2655
5936
2937
2503
2323
3031
3341
5557
6199
5404
7304
3994
5921
2942
7305
8148
8480
5775
6653
4555
4746
264
8625
2568
4762
1964
7721
223
3697
2951
7917
4943
5668
2338
8167
2226
1709
2498
5347
6221
3540
7712
2977
3720
3358
294
1942
241
6844
9453
6619
6402
2824
2691
6566
7085
1549
9174
494
155
4004
3918
7740
313
6155
1941
6134
906
6741
6347
3298
3707
328
1966
3723
699
108
8331
4365
8904
6804
6321
3149
1687
621
3562
1642
426
2282
4358
6465
2856
7956
505
5303
7790
2543
156
3742
1375
4937
4575
712
2199
6064
513
2559
2070
4364
8671
9843
7694
7735
9416
1906
664
4048
4444
7593
4967
8151
4135
5171
1175
3483
4726
6576
4719
3248
9535
8461
8537
4300
3585
764
350
4628
2175
9165
3393
3544
8206
1673
7283
8053
5214
8953
3366
2457
1025
5688
2923
9002
7236
9848
7551
8069
9347
146
2089
979
7263
8259
4833
3631
2741
8712
2197
7631
6848
1281
8073
4786
5427
8642
2306
3197
1895
8597
8443
6015
157
2031
2392
3748
2046
8899
9371
471
5300
6120
3912
4655
4478
9880
99
8812
4502
4877
1993
303
6615
3515
1389
1196
4259
8189
5269
7395
3984
9744
8799
7621
4116
1689
204
3354
3767
4710
1546
7998
3082
1138
5285
8813
3188
7894
6578
4135
1683
3153
6233
6145
7900
2689
9116
247
5612
5938
4983
5168
2133
1764
4407
1074
8383
5819
2616
9096
4329
5788
555
4866
6871
2825
929
8005
1581
9782
434
9373
6746
8870
8948
5119
8874
7705
8017
9655
2353
7268
3770
4341
1927
6815
5778
8046
2587
434
4429
1003
7033
2148
4284
7669
8581
319
7437
6524
123
8120
3594
5911
7624
2634
3349
6288
9731
7815
5238
9870
1119
2620
2644
2543
9917
7156
5865
2325
1529
2709
7921
8969
1538
9715
7923
5296
8626
479
1904
3960
815
7127
3524
1419
9543
8825
8673
1596
8377
8885
5499
4304
3205
958
205
8587
8310
4409
5691
2155
2794
5338
9940
5152
8841
3787
6831
5826
8095
8167
2928
3027
9826
9379
6393
8679
6622
6696
3097
7668
20
1930
1054
5328
4894
9467
8946
3507
2385
4991
2891
1163
2256
3515
2941
310
1784
9138
3702
4029
3081
4015
5371
5470
4411
5110
4317
5167
9952
8438
7430
2324
7394
2392
5550
3103
8370
802
7035
7770
7978
4929
8474
4459
4744
139
7792
5531
8725
149
9894
5973
5335
6044
4535
852
746
6231
5843
6682
9631
9766
6798
3204
7654
8155
130
4167
9369
2907
9835
4199
5207
7327
4859
3408
7462
476
4925
4500
5663
229
1609
5113
9385
2072
6608
6766
5602
6722
4015
980
2375
1228
4771
9570
5349
4358
1657
1650
8433
9046
5711
8885
2897
6877
6182
2680
278
5580
5865
9445
6145
6426
468
8763
9499
4286
3128
7850
6428
3617
8115
8506
5016
4361
52
598
4429
1809
4850
5555
8928
7679
7964
4942
5237
1509
5734
6999
6358
8209
3149
7965
5243
9670
147
2156
1518
8047
7130
2794
843
1894
5285
6015
2254
4010
9722
1577
8265
3047
3897
3250
9015
890
9409
9893
9463
2937
2866
2202
6024
153
3047
4478
7010
6568
4873
8472
3301
7475
6063
2593
1002
6326
7966
7174
4312
6957
6035
6424
7895
6713
1700
2597
4265
19
531
3461
5069
8833
8045
2512
3320
6268
6304
1421
3494
8533
6742
2198
5812
973
4228
4799
4819
3824
1851
9561
7691
6452
5717
135
8563
8183
9756
6358
3654
4237
8759
3293
2702
4970
4145
3107
992
1779
8732
8665
1007
339
6142
550
7162
7715
6225
724
2568
1324
6175
8044
155
5144
5291
5407
3304
4302
5815
8466
2796
9871
3849
3346
2260
7989
5787
7237
5653
8885
3380
807
7929
2526
3198
9731
1485
2316
7756
4175
8562
8562
6964
4919
6876
8328
6138
7517
9570
8796
3193
1124
6463
3735
3868
9179
1469
6371
8349
3730
5601
87
2125
6730
1791
1371
8945
1020
2604
4192
3388
5861
218
4528
6839
8410
9539
734
3928
5824
651
5760
2557
3310
6300
7560
8203
6377
8763
4201
6892
3139
2100
7002
313
4805
4926
3291
2372
7002
7761
6641
7543
9993
749
2088
4871
2953
950
3800
8144
83
6664
9677
4066
4287
1869
5487
5640
3823
6977
7040
6202
669
4769
7670
3436
2309
7797
2860
7230
3659
6650
45
8547
907
1653
7656
5558
2366
2199
283
2327
976
3254
9633
1040
545
6182
9183
7181
6426
744
1963
8948
198
9008
888
2918
6556
8627
5294
7459
7679
5550
9434
2903
7354
145
6817
7497
8676
753
6359
2077
2862
810
7686
4387
8991
317
1817
9739
6530
7177
2949
3455
5059
6683
9988
4387
8381
2
1266
3460
4208
3135
2316
3894
7717
3077
1897
5004
8780
2500
3286
4754
6868
9539
9483
1149
8208
1407
3014
9225
68
8467
3758
5872
9907
3261
9198
7017
4501
2565
5808
7790
9218
4978
7277
4027
723
1472
5135
7563
3622
6958
4660
9620
7587
2517
1915
2736
3686
5325
7434
7328
1017
8686
6523
4116
1679
5064
2096
7270
7718
278
530
1720
6614
301
1166
459
6368
5688
178
8141
4236
3390
5429
4811
2374
4775
3765
1983
3931
21
4727
847
5489
1548
1414
4623
4792
5312
6947
7551
9269
9274
9217
9525
286
8831
5093
4203
414
8052
1951
8498
850
8086
4615
9081
3180
9429
692
3066
7361
8789
6759
2044
1664
3459
8158
2637
9655
7186
5400
3826
1953
9819
1905
8084
3059
242
8590
1724
5612
6726
7027
4602
2929
4077
2139
5143
7083
97
1985
812
4170
857
1505
2761
6731
983
43
2848
5117
6400
8556
1494
7423
1977
4338
6607
5096
6821
4274
9698
4166
7230
5225
843
9845
506
9202
236
5810
1785
8978
1496
3902
3163
5559
5767
4445
846
8515
4297
3483
2468
6665
3956
1835
8678
5182
8767
2908
5612
9835
4297
7011
2384
8838
6805
9914
9675
1961
6412
7990
1739
5637
8106
5724
9705
5996
8134
1388
6412
1107
9904
1220
343
6890
7965
1478
9355
5506
1063
7352
5694
4898
6344
7738
6918
1212
2448
6730
6227
8234
9487
5954
2964
9607
5968
3954
4317
425
1668
6049
8955
8360
7414
1775
4334
5507
1408
7407
34
4736
5906
6752
4341
3882
2608
993
8086
4624
8517
1484
7693
186
8385
1035
6869
5434
534
325
4387
4640
228
3103
4866
5081
6557
6934
3659
4514
347
7687
370
9336
6086
664
7094
7049
5889
802
1004
2836
19
6154
166
2194
8216
71
6177
7554
8871
9958
9480
841
4612
7281
5812
2410
6382
593
2758
2326
3003
1024
5970
674
9274
9307
3410
1622
8797
5783
2803
7418
5418
5506
3075
7879
315
3616
7250
2510
7936
1972
8636
2445
5937
4982
5063
9824
1758
5062
8162
1371
1946
785
1964
6783
7399
6025
2007
7988
257
4095
3191
7681
3216
5183
3395
784
3445
8424
7686
1336
7973
7958
8813
4116
4240
3162
5561
4779
9367
9260
8087
9059
2082
3995
3025
954
8918
9363
4528
8278
9795
2001
5068
9152
5097
6754
767
3981
2458
5733
1723
1061
6687
2672
8735
9431
5285
91
7183
4957
7466
6895
2280
8798
7837
1213
9490
4515
1215
7316
9883
2741
2730
5247
1109
1259
5763
4291
90
2948
2820
4894
676
3325
5410
520
1000
8356
9108
7191
5499
2813
7900
1189
9786
9108
7369
3163
690
5711
4552
7005
6745
9959
8846
7127
4777
5768
1848
2708
6346
3884
9081
3117
7538
6427
3835
3614
836
5897
9361
8234
2652
5739
3725
927
1115
749
3607
7612
8007
4758
1274
7464
8514
9763
1313
5632
3589
235
8234
8770
3656
6143
8663
3177
7876
4901
3915
8532
3329
4018
9557
4215
2056
1666
9334
5741
6059
7521
288
2078
9578
6807
4812
6381
2023
2444
9615
5215
743
839
9654
9321
773
6945
6980
6278
8709
1498
4323
4660
7666
5191
1677
8836
4762
3737
8093
3287
1403
9344
6078
5021
3408
4230
9799
5044
8170
1276
2812
1857
5428
6624
3868
3877
8810
5978
8595
4837
9856
5177
7301
2350
1182
9898
3456
5832
8088
3166
2327
8947
4777
6048
8397
2146
876
3580
2560
4197
9716
1008
2764
4491
4304
7524
288
4357
8827
6765
6734
3957
7556
2107
3339
1839
4070
2251
7068
2400
5349
6741
4878
378
6039
4011
3594
4196
5283
1455
8541
3685
2316
8116
513
2665
4565
445
7486
8957
2045
523
7696
5818
3412
7383
2515
7530
2308
4957
7390
8341
8562
3100
2631
5052
5161
9182
4276
153
2445
7590
2024
453
7053
8227
9499
7506
2910
648
6042
9425
240
6727
5816
2594
6805
3818
6027
8296
9631
2897
1326
7792
9733
4079
5498
2992
1857
718
4760
4377
8423
3734
7965
6957
2369
7761
682
7328
3312
8032
6543
2821
1423
6765
359
3515
4197
2072
9354
7073
1446
9640
5687
6906
9416
3257
798
5033
8750
9373
1623
8524
7886
2264
6937
2758
5947
5586
7206
8861
6453
9906
4379
4648
9390
6261
9281
3147
4411
5767
8521
8560
1284
2238
3955
1599
625
9082
8945
3801
5669
3251
458
2831
3202
6502
2719
6529
7927
1934
7432
2433
9280
6114
1327
2493
4214
3685
2732
8841
3169
553
1655
1216
9450
1521
8997
6419
179
7381
980
6130
1856
688
2013
2669
9669
492
3052
6585
8247
6483
2662
6640
3530
2036
2669
3584
100
2534
5450
2440
4461
5372
6104
18
7893
334
1916
2083
2432
4465
4276
4306
9842
3293
8983
9663
4206
5507
4660
8458
2490
1589
1438
3512
97
1678
2532
2159
8755
3166
959
2071
2990
7585
5236
4178
9622
7288
899
8422
8835
8138
9025
8993
1016
5771
8185
3122
7311
3741
1818
7392
1680
6971
7545
4096
5949
4642
3022
1399
5687
6405
5634
8530
3207
8109
1523
4596
6746
8194
6816
9824
7848
323
1164
6853
1520
8089
9008
1112
9473
5095
3706
7582
9326
6370
476
8146
5409
7205
3971
5746
1868
564
1053
6105
6744
380
2217
1404
2764
477
4837
8102
5696
362
1796
2891
2490
1606
6860
2281
7524
5676
2375
7172
6028
6294
2424
1822
5818
9916
4852
4722
8114
3980
2095
2045
872
9125
3461
228
100
1385
179
2426
20
515
2673
4316
5819
3307
3146
5242
6376
1382
9569
3616
5803
4374
5158
7520
7702
8445
6540
1597
372
5367
3054
5168
8479
186
5124
5461
4953
7569
1549
3274
7479
1799
4798
6449
8516
2204
7319
9023
7405
7
518
9643
5892
8726
4891
4357
5956
9544
9318
96
3873
1470
5159
8945
3599
7854
2159
3856
2457
4376
5003
5477
5367
894
8501
8923
2847
1361
2807
347
8132
2910
7822
7750
73
3937
8418
6979
4853
5365
605
1192
9004
3078
4226
2723
9372
1428
8634
1402
2525
7697
3190
2406
2394
3929
1485
3041
263
8510
1670
1368
9481
1443
8911
2610
8088
2190
7810
1586
1998
9038
247
772
8587
3278
9622
4571
424
7590
3015
1591
249
3715
4187
2329
7912
1642
3354
1258
7534
9001
8543
1325
2664
2897
2339
520
1286
4517
2490
3492
1236
7732
8439
1429
6320
2611
8664
29
7472
4858
405
5273
7884
5904
1585
415
8730
7581
5012
6929
5361
935
3169
5370
5637
5822
8236
5307
9534
9274
9559
7033
8211
1810
6014
7458
7162
2180
3620
1445
7592
8981
1206
1868
1536
2395
5073
758
9473
226
4561
3096
7710
5904
409
7944
400
5320
2269
7082
3758
6955
5661
9206
4558
7001
6840
7913
6667
1014
6090
4861
3251
3490
1341
1856
3822
7977
372
4154
8032
7601
5857
1890
7200
8337
7722
1750
8552
1164
5137
9808
642
410
4987
8912
8973
259
7226
4906
7420
3770
782
9051
7614
6564
2920
1038
2610
6696
2301
1881
2456
3530
5132
8774
6632
6525
1991
178
6438
9228
827
5981
9058
4610
1295
5378
7565
9342
4318
6676
5020
9865
6446
6460
7854
9323
1968
4428
156
9276
8049
2434
158
5190
9839
4342
4667
3716
4103
6449
6363
2992
1023
9866
3411
1788
5558
2511
1953
704
4962
186
3704
3571
2112
8135
2953
7566
1091
8268
7168
4090
129
8088
2724
5010
6866
1020
5192
7182
1868
2974
4931
4010
8480
8097
9207
2649
5025
6455
4055
5128
7417
2378
2417
4235
3570
1869
4202
3811
283
4179
9721
582
9240
1372
184
184
726
8400
872
7501
5024
4656
7476
3682
5550
8797
7324
8997
486
4103
4655
5220
2084
3232
3861
8841
3517
4828
1695
4870
9051
3165
9402
2287
9485
4356
9301
9104
8198
3837
7293
5793
1804
8865
2389
502
1114
4284
7512
9520
6807
1692
3973
1637
2545
7461
8225
8903
1257
2650
3410
5255
5889
962
1105
4244
2315
9824
474
6876
2014
5707
2051
5696
5357
7408
1049
7289
1455
1625
8858
3976
4097
5665
3062
3567
8745
3623
7646
104
6652
569
742
7040
3818
2480
4526
3525
2308
8160
1779
5712
4336
1871
7941
5208
7718
5378
7583
7014
2223
7183
3100
3165
4420
6497
9101
9182
2190
2475
6737
24
2806
9908
337
9534
148
6373
6984
4885
9226
1975
5301
9530
319
4629
37
9680
3293
6925
8472
1211
2961
4169
5718
1171
9842
4373
696
1757
8975
8638
6856
8770
3757
8767
9991
8099
8223
868
2605
5859
5016
4907
618
9180
1072
6031
2109
5595
2102
7068
4837
1181
5133
5160
6179
2117
7765
9792
5781
9920
1072
3169
8203
125
8195
7325
6483
2732
2875
7324
6680
8168
6320
6483
3340
2005
3277
6845
860
4032
5939
8105
6394
3970
6484
3499
2213
6812
2119
1469
1313
7922
2753
9864
4145
8089
1373
4876
9646
7040
6851
5465
696
1827
9913
1443
3206
2471
5066
5362
2892
7522
7399
4132
2088
5393
6000
2924
8787
2616
1711
8910
1039
4301
2147
2441
5205
1692
664
3254
5612
3384
1895
6345
6031
1374
8226
3330
8526
1279
6890
1133
189
7132
6303
4180
2142
7034
5716
3829
4357
4178
486
3204
3398
5703
9918
2568
4082
7798
4867
4909
2549
9747
167
3430
2275
8580
1722
1041
851
6112
5499
4
7752
7429
1783
1943
900
5356
9602
3231
1442
9707
1771
6544
9378
8667
9179
7371
1435
8447
5918
549
3767
5150
4545
7315
616
6059
2095
2433
9238
4095
9010
3126
3633
2977
3580
6611
3235
7277
1708
8341
7446
6477
8945
4727
7120
5148
7314
5191
9494
4069
9191
8440
7245
4276
1565
1826
924
1501
112
3378
5274
3888
3629
3808
1819
4350
5315
4971
9851
8247
1280
6418
9291
3178
6459
4100
429
9462
9772
774
3994
5762
4915
1348
9460
5383
5739
7405
552
954
9850
6445
7003
258
7161
3091
1582
9347
5276
9037
4444
5078
5540
9252
6819
6386
103
768
2947
2721
1091
9435
7501
8094
5969
7296
4842
949
8484
46
236
7660
22
5581
4997
5783
3043
1745
4388
6946
3216
7731
1063
9378
1773
1395
1727
3309
2841
6874
2843
9762
2909
4747
4293
823
7376
7329
1213
2875
9260
6602
6902
5322
774
6634
7696
3807
3761
180
1705
8680
603
7341
1890
9175
6506
9984
3780
304
7500
6097
1286
4247
4315
2898
5410
9786
9082
1185
7011
7498
6831
9343
5344
5639
3979
6885
4884
6806
2240
6740
2316
3187
4448
274
49
9656
4121
3875
1991
3949
7500
8121
4017
3220
5186
1366
7177
6455
7550
151
8578
9858
7936
9116
5010
5571
3726
3792
1438
540
9302
656
4000
8722
6816
9755
8072
9253
1848
5516
6334
2108
8942
7783
633
56
898
7818
2846
9326
3462
2516
7766
7660
946
4844
2704
6121
2802
5901
6839
1514
9856
3196
3359
1122
6513
959
9764
6500
5045
5980
520
644
4392
4477
6701
6321
5540
3504
5029
1589
4890
8686
1086
3721
4399
5641
5915
2783
869
2394
6817
6064
8315
6963
2507
1590
4814
3292
3331
9258
1123
8026
4987
3437
1966
6745
8937
6222
4663
8308
7231
3179
7221
6027
2200
3331
7078
8405
4399
6217
519
2059
6293
3411
5869
2729
380
5616
7304
1354
2251
4310
8653
3133
3758
9895
911
7042
4869
1334
4930
7067
3306
7644
8972
3725
5039
6437
7720
1145
2244
5830
6952
5629
9045
9929
6338
9335
2204
7020
1688
6192
41
1748
2925
118
8659
9116
512
7949
8290
2390
4407
6467
6564
359
7132
4234
4585
7271
7348
8357
5512
9908
4481
5664
5294
6702
1535
1141
2693
2959
7309
1054
135
9813
5178
6925
3801
892
1815
2468
8516
7336
4902
7276
3085
1128
5244
723
1136
7301
7861
6062
7908
284
673
1014
3402
9630
9369
5208
5105
2909
2273
726
8186
9074
4853
3652
3823
1355
7137
4976
1050
2609
8362
5096
3614
377
663
6957
8349
779
2729
8276
7483
4418
657
6605
7345
9718
1177
845
4374
4188
2560
7449
4422
1234
8832
2976
6590
1656
3422
5879
8819
4047
9742
8002
7338
4885
4144
7514
3436
683
2002
3181
9317
8628
2250
4875
6605
2291
1374
4075
2804
4483
209
7435
6242
5048
7231
3062
3533
4355
5599
5021
6694
5403
4503
1159
1543
10
8801
1659
8779
4168
7914
3350
4780
102
8030
5933
6029
1790
8347
3836
8103
4667
8465
5476
5980
1679
6249
9196
3163
8280
2163
706
9391
2671
8824
6241
3663
7377
5271
3947
2167
8566
4683
8502
8816
2555
1078
2517
9907
5815
3242
234
4073
692
557
556
2350
6016
5066
1922
9533
7388
3280
9839
2834
6432
3852
4120
3656
6612
1338
3574
2550
7503
3889
6082
5372
3102
3454
4177
5135
1226
6741
7544
4651
2691
5793
1520
8341
3126
3179
2646
8824
5581
2942
6284
2360
9690
1279
8684
1363
6616
2403
2852
8621
1911
7831
3003
4351
8706
6115
6899
4994
6357
8328
976
9071
6596
7914
5790
6336
5317
696
3171
5811
5318
2676
9754
5494
1658
6481
5123
162
3521
4291
2575
6804
4889
7610
6771
8607
4353
4203
4668
1773
7075
9694
3732
2882
7206
5773
2598
3968
7544
2974
5505
9782
3561
3877
4861
5203
8803
7249
4529
8619
4757
5519
8851
7441
778
8391
1166
9987
87
5190
4272
9823
1378
3131
6211
9434
6678
9101
8928
6336
9794
42
6022
7856
6640
3950
7531
7877
5804
2292
3352
3955
6145
5789
5821
6479
3167
5172
5856
7668
5312
5085
4361
2326
8849
2406
4195
6705
8747
4743
238
6487
2824
118
2571
3136
8530
6997
2394
2175
6063
1499
8167
4248
5404
5641
2812
202
5711
8686
4576
492
1747
5717
7582
8316
9037
1463
7004
4391
5574
1177
8444
3739
2816
6302
4003
8685
9502
4449
9020
4625
1788
5201
2279
4534
641
2673
2038
5874
199
8270
8246
291
8247
2828
5602
4096
6554
7681
1083
148
2885
2938
694
485
8639
9039
1802
5807
3769
192
4343
3507
1141
7142
2613
6852
5232
4413
9376
2162
9020
746
5176
3985
9639
6427
2824
8528
891
4715
2304
1241
1395
462
3351
7066
1382
3253
5169
739
7938
1090
1199
9739
4919
5238
3590
9707
7198
3228
6193
9257
8061
5920
5062
546
4602
5431
3348
4475
1972
8481
1241
8761
1872
9504
654
6619
9701
105
549
9039
292
6355
1852
3320
2604
5868
812
6657
5801
9552
1663
8430
548
6637
1695
9795
4290
2949
1571
606
3438
3210
6285
9556
2003
9457
9611
1035
8665
2125
9130
186
8691
5345
9111
558
3920
8677
6797
8333
4611
4935
5828
1636
3202
1515
8619
2476
5306
40
8702
5175
5109
3409
9632
8468
6144
6025
1204
5251
2424
6506
6989
5418
1177
2058
8916
1798
4260
693
2470
8556
755
4136
3497
7472
5896
3070
2731
4559
582
2110
2659
1978
8708
4736
3737
1194
9719
5155
9051
8226
9433
5177
9108
3948
9801
4655
5026
6079
1597
3268
7028
3226
175
4937
3439
2074
929
4856
557
6849
7114
8561
6534
8691
6435
870
4536
6428
3561
4818
6509
6082
3155
1910
2154
149
5747
4221
6035
3378
5865
2211
62
9126
2060
6252
6194
8378
4261
8741
3940
3786
5375
5268
6443
7412
5155
3687
2430
8082
5760
2198
2924
6455
9895
9861
6060
9243
7146
4168
3915
1538
738
5962
8609
1786
5225
8507
4335
4857
6293
64
1941
4957
5690
1444
6236
5078
5519
5453
9677
2549
7772
7893
7742
6622
4057
455
7040
7154
7267
7473
5104
3301
5178
1857
8925
9323
8530
4695
142
4678
8806
4568
8495
2833
7177
7165
3689
4786
5298
2448
7694
2593
807
8198
1183
183
7848
8867
8832
4192
8390
7956
7424
2475
7070
2391
4722
2613
7984
7173
7754
5256
4117
9790
9871
5380
9113
3
5439
546
6558
2466
8678
382
6750
5121
5191
9610
4833
8981
9876
963
7794
1502
4311
484
9827
7695
3691
1455
3887
5483
9141
2085
4477
1566
4709
6153
479
9563
6371
7829
2480
2937
1992
7639
9153
8764
1852
1054
9019
8897
2230
2584
8383
2312
7365
9442
6992
9013
6123
4193
8100
2805
7414
9461
3368
4841
1860
2340
6590
7681
5048
3572
5928
4560
2398
4751
7513
8950
22
6719
2560
2849
7037
8990
2251
4593
3750
8491
1065
4189
4223
7574
3896
9070
4547
7427
6705
3161
518
7277
8112
2997
8333
2967
8494
8080
6921
9942
9697
5805
674
1248
7304
1483
87
6312
9232
4477
4644
3694
6854
2911
4474
3513
668
2937
7937
1966
1099
1383
1076
5133
3384
391
1255
8552
4532
2055
1382
5636
2034
2432
6924
6558
280
7664
5785
9408
8956
2622
8712
9848
4429
3840
9877
8147
4134
4593
8172
3816
9595
8423
1899
1927
8078
8419
1694
2324
6845
3599
5536
606
6487
2586
2395
4010
4305
2812
9329
510
6715
9818
1790
5560
9657
6818
8345
9411
1631
8820
585
8757
1071
7059
5327
3600
5279
8844
1401
8719
9516
1652
5175
6012
1708
2968
5557
7649
6457
75
4322
5136
5829
6897
2919
615
7141
613
2286
7459
1023
4610
631
745
915
9374
8494
6909
1532
9172
3918
8119
6929
7601
429
1327
2039
3524
7924
2694
1344
3869
4656
3816
9728
4284
6294
8889
6045
2720
6011
8606
9160
510
2784
6618
2430
3987
8364
7157
8075
3813
2798
3059
3780
4201
6620
5452
5866
8315
9317
2234
6588
8105
7844
9741
3520
8121
4821
612
8078
4745
5570
8971
3970
7940
2380
5730
3812
1216
3386
8511
9929
4890
3078
9777
9151
6678
4807
2798
5432
4205
3171
1853
1766
8733
6799
4523
3903
7030
2995
5374
7343
3432
7388
4150
5383
487
7374
4973
5304
5577
9238
8233
8988
7640
6229
8298
507
769
5080
6396
6831
5581
3405
9250
8525
5023
3579
4743
1881
4802
82
4165
1410
1624
629
3951
1724
3119
1161
7689
1057
4742
7149
6100
7803
7105
2302
1507
4013
8402
7453
3841
1548
3009
3316
1225
8631
1826
3658
2105
403
592
5338
5779
7069
7234
6165
1364
1693
1640
2828
5242
379
9520
9193
4343
6822
8603
3264
8513
3432
5490
1214
4695
4725
9555
2142
1947
3936
9303
5701
6769
9373
358
2712
7408
780
2159
3142
9912
3802
3759
6970
8422
5460
1199
1352
847
9155
690
3448
9852
4391
2557
6147
7653
8383
3289
7522
7276
1687
5820
8826
3789
2300
8506
3323
3009
3732
4440
8110
7550
7446
9137
7300
6196
1538
1618
2524
6628
9081
8841
4219
6320
2850
1079
423
3100
5163
2175
5595
9175
8053
1278
67
8774
2181
4124
7366
9677
6837
491
1991
1321
1792
6582
506
9355
8782
181
7529
2616
4292
3643
1376
5869
852
7210
8789
4561
5160
1238
2159
9383
2542
9220
9779
2980
9329
2779
6821
5385
1644
1069
4939
2528
4872
4323
4100
2497
562
5395
5634
6749
209
8010
2304
1559
7699
4847
3676
1979
957
2546
7236
572
8380
7339
7189
2210
7311
3357
4696
8430
955
3807
831
5437
8704
9025
2815
8933
4434
2925
9968
2988
2450
5799
8893
3027
544
5280
5392
3350
17
3090
6185
2863
6647
2837
1030
1592
3759
2462
3561
7223
71
5812
4839
4424
6282
9278
5776
2112
1962
4350
6228
6162
786
3326
2826
4391
4717
2617
5984
9719
3174
8729
4024
160
3656
9366
7084
7414
1437
5886
4166
617
2605
9372
7139
7975
6146
7624
1467
2519
3601
3482
4252
784
5895
3985
1415
761
2002
729
6048
4906
680
2938
913
1240
2745
7836
433
1848
4135
2106
8194
4149
604
8387
541
4251
2251
3750
1789
9865
8470
9243
290
9876
6904
2800
8753
9059
3883
7389
7687
8022
4613
8934
9524
2
169
2191
7497
6115
3939
3926
4636
605
3715
7287
6328
6331
6587
8024
6343
5830
7448
8091
7826
946
4698
2028
3379
9690
9264
2010
7508
6897
9261
3632
405
2133
3724
7071
5972
6826
1573
7956
6328
1965
8531
2574
7452
2489
2998
9582
9672
1374
8703
4668
4906
5875
7251
5484
9591
9460
3309
2715
4891
2749
5364
7684
5947
2536
8292
2675
348
2731
7953
8545
992
3391
544
3925
3050
6062
6234
2957
1810
2973
7586
5994
3660
3722
3079
4403
8332
8363
9986
9316
808
7280
149
7692
4878
6664
1886
2374
7523
2053
9423
6816
2851
3789
2067
1091
1678
1013
7931
181
950
5382
4563
2029
2347
9279
4648
3249
5206
7697
9212
5616
2470
7544
4684
7357
5465
8512
2850
7445
1203
7063
2028
8962
6333
9204
6244
9002
8174
2452
8450
7151
2846
9564
9054
3110
5451
4513
8401
4298
6260
5200
9577
7778
3477
5512
3928
4171
5215
291
283
9643
3056
475
3240
6582
5059
8843
9052
5248
575
277
4791
2350
9327
703
3736
3046
7991
9018
116
4493
3057
3149
7924
9748
6420
3304
9094
5963
3316
7963
3305
7626
9020
7062
8520
2919
2068
4034
8505
8981
2915
649
8407
9904
1055
7402
4487
8739
4057
4962
985
2559
4623
5065
922
9288
6471
2094
8079
3673
3603
1136
8641
6311
6646
308
5193
6727
783
529
561
8663
9418
7081
1388
2959
1242
2137
7290
4888
7578
2985
2151
5785
3640
8938
9957
1605
8215
133
6057
1880
3721
752
6533
8352
7309
1412
3715
1375
9586
6823
8619
9551
7750
3905
3183
8036
9441
7594
9634
3886
9121
2300
3478
2047
5065
6322
4444
9953
1897
4602
890
9679
3512
5296
8342
9765
1044
6359
9720
1722
5950
815
9764
1835
7091
2543
4164
6618
3873
3759
5407
8570
1536
9023
9941
7075
9990
1888
7561
2287
8350
8016
597
9494
2251
3329
1538
3813
6618
5902
6049
2618
9763
7827
1116
9031
5750
3409
1082
7684
4272
8015
6811
7937
3183
1388
2350
3090
9699
5427
3774
8868
19
6456
9382
2440
9029
4609
6357
1502
3846
1949
217
6898
7749
9851
2243
3849
5934
6221
1776
2489
9652
1680
8329
2883
7320
978
8652
7623
5560
3164
1439
5089
8969
9753
4800
5781
2433
4637
3918
1512
1413
6711
1261
8052
2141
3228
6838
5655
3008
7114
8111
561
7233
6627
8715
9197
7258
27
2464
2428
7585
1880
8525
9750
3470
1232
3716
6531
5430
7922
1170
836
7674
4844
269
5397
2925
7610
8202
739
201
2145
1886
9315
7187
8691
7106
2839
1330
1719
9573
5978
4886
9571
1215
7513
1965
6129
1673
8010
4149
7465
7760
1787
9232
786
6993
1660
7130
1004
8120
2106
1666
170
5496
3757
5438
1910
1584
6532
1950
6047
5476
9283
7174
3800
467
1708
7091
5816
4012
3690
6906
8416
1526
9144
5650
9958
3852
4514
285
8433
9741
2131
3614
6040
5367
6715
7407
3499
7158
8828
7047
7351
500
8325
630
832
6309
4030
460
9056
8474
4369
6332
8518
3073
8553
7630
9032
8535
8811
6810
6054
3133
9366
642
9032
1713
905
7928
5718
7259
5059
7479
3310
5771
3863
7708
4036
4000
9145
8874
7684
7703
5472
3603
6087
2649
8457
8354
1705
9633
9523
8600
3557
5484
4348
1700
9306
6758
563
7678
4184
9130
6008
1525
5502
7879
8935
6531
229
2872
158
788
9236
2479
4849
5836
5638
8313
3006
3478
8590
1122
5102
1660
8980
5151
8548
7714
1846
4096
9581
2672
5407
361
9379
3220
1953
1600
1804
5072
2979
6302
9468
7883
5960
5984
3082
4541
1392
714
9810
3718
9183
5376
9197
4228
4886
7283
9026
4402
9972
8634
1087
7737
7299
878
3862
8319
6717
3537
5348
2865
944
721
8503
4824
921
1051
8416
25
9678
9422
9821
9118
1997
1169
5798
931
7204
8814
2217
3599
7232
3810
9101
203
6335
343
8009
4224
2295
1576
4602
9194
387
5617
1377
3573
5034
4350
198
9674
9268
9462
6497
6716
4334
224
7163
5718
1057
53
4760
6218
8935
1944
931
2892
8311
4076
6444
7714
1915
2448
5272
527
2947
2803
3410
8857
9552
3340
9516
8660
4396
2971
7836
8639
4147
6066
4602
6368
3131
2432
4709
2844
872
7589
2743
6597
1436
4012
3078
8618
9671
6542
4807
8720
2660
5220
4495
836
3943
618
4479
1416
3237
5871
5055
4295
1756
6660
7286
1833
5602
2125
8643
2924
6690
8959
5681
9771
6135
6971
6312
4942
4356
7546
78
4076
8632
3057
6530
3080
9352
3612
1942
7202
1082
6667
1431
5432
5452
7966
6802
8218
3584
1940
5378
2941
2180
2553
461
6617
6373
2132
1085
6756
7601
9304
7467
5811
3927
9917
8292
4249
2340
260
6133
3897
123
5487
7181
9624
5873
1147
4793
7916
439
2904
4590
3921
2066
8941
5412
8674
4722
7797
5455
6572
5783
6693
9331
9833
3314
1217
308
8457
916
2810
7142
9571
8135
7027
3889
4959
5879
5357
3714
5996
5110
4844
7323
8302
3545
9465
6522
5936
6683
2536
4747
7042
6908
4654
7183
3948
2678
78
5165
2688
6366
1705
141
3102
7027
6693
643
6802
8067
1380
4696
854
4785
9660
6240
1250
2066
6439
7631
875
151
5153
3966
6420
2544
3599
8456
6585
4420
2267
3452
5509
2036
3035
2905
3345
5812
1896
4013
5488
1053
9005
2186
8399
7787
66
5433
5198
9201
8202
3817
3112
1293
2023
8236
915
3029
4719
6648
7620
490
4344
8107
1041
2349
6741
1437
6539
2721
6073
3265
6305
740
537
5924
62
9888
4514
5502
7571
661
4115
1957
3924
9630
7047
5874
8682
1846
7682
928
7542
3086
4228
517
6611
4685
1562
8427
1725
1270
2673
8765
6121
7232
3941
5947
798
7808
417
2394
392
4014
5603
5527
4063
7433
1259
4016
9783
5522
9470
8468
4187
8870
8975
4073
7521
9145
5847
8289
3439
4115
4900
6261
9904
5760
8965
5568
4295
6204
5280
8166
1695
4070
360
9526
4284
4686
6153
8513
3434
8596
1757
5242
7820
5621
8730
7657
2606
5785
4700
7530
9322
5662
9418
2062
3010
3273
2899
1338
4611
9726
2571
9402
8599
2693
8971
7715
2246
8906
7103
8756
3080
9976
3687
8070
5709
2155
1706
9005
4969
8213
8174
8895
2896
7287
4225
3302
9346
6342
6818
753
9087
2768
7230
3986
7549
1201
2988
3278
6778
5792
2694
875
3662
1968
7568
1647
8585
4239
9765
1556
653
4657
9689
2955
8375
1066
6189
5280
1427
610
1286
9426
5189
3156
4281
2102
4823
6228
5359
9127
1758
6321
6361
2971
7938
926
9931
3417
1062
8398
2575
4803
3294
3441
3026
8652
4741
9959
3688
5333
495
2810
1451
395
8161
4087
2129
1296
3867
499
6646
413
5396
2855
5838
3113
8057
5348
7975
3898
7909
1582
1496
1213
584
1145
2485
6845
5074
7365
2010
9573
6129
6923
8375
2513
6780
4153
6929
2727
8275
9725
9604
5551
9670
7501
419
2140
4358
1353
9546
3643
6087
2554
1973
5256
9674
8263
2870
1585
3461
5858
7389
196
1423
1892
7011
13
3652
6373
6829
5882
3785
5252
8038
8722
1355
2254
929
507
8662
6799
7418
2735
5771
5512
8523
4055
5819
5698
2175
3378
2917
3983
8445
5885
688
7617
6328
2835
8880
2472
7553
6532
579
7599
1596
6446
3597
2654
2766
8828
3838
192
6529
6739
6029
1828
839
1613
3385
1245
7182
9110
260
7380
5849
5259
5276
4398
9062
5590
1454
7041
6076
1435
1764
3593
451
4421
2779
5587
1231
7692
3780
168
6755
2953
1112
6235
3513
7494
6261
911
8744
6862
2674
4425
4299
9211
1207
9916
6040
2168
1214
2672
8811
2461
6307
6243
2951
5704
2173
9890
9196
3566
3193
1852
2505
6724
1220
7139
4020
7677
3266
7515
9030
539
5716
5476
4494
9572
3050
2295
6138
7369
9415
9855
2892
6893
5152
4420
6945
9248
8785
9986
8372
5432
3224
3804
8576
6817
3628
3367
2941
9679
7781
9085
1912
8985
6246
5114
9891
2267
5915
3591
1834
839
1449
2749
8427
1294
4445
9360
910
631
6021
971
465
6295
9684
147
9266
7995
2940
2135
8549
8966
9534
7581
637
4720
9945
9792
4059
8156
6715
8054
1517
4410
7436
4478
9451
6829
1373
7474
5115
351
7028
1301
5299
1676
2236
5495
4844
1229
375
1938
6931
9249
3316
1914
3759
5158
8254
8636
6373
2603
7127
424
650
1202
5347
5704
5262
5755
966
6766
5592
5203
9875
4595
66
3573
9257
5460
8852
724
3495
435
4327
3714
5053
1751
8145
6254
9104
3487
5668
9521
9475
2271
6204
3789
7542
3730
4680
5187
4849
5146
225
3710
1040
3544
7156
7656
9074
9253
7718
8873
768
3367
5761
3578
8148
6026
8421
141
2131
4704
3006
1550
6979
3502
7999
7305
108
1805
4273
4927
530
8363
9278
5593
1841
4257
6950
228
5976
4001
8726
2576
5427
4193
750
6397
4145
1590
7701
9816
3628
6842
2766
546
1314
150
9902
2717
4946
6879
7973
471
3943
5911
3737
2495
1633
7031
1734
1538
7658
681
375
4843
1917
4714
1740
9296
1420
5683
9984
3900
2246
613
4721
60
5634
2213
2887
5181
7765
3283
6341
499
9926
4336
8618
8495
272
1035
5412
9824
1823
9254
6682
3922
7593
8179
5921
9868
1194
8800
815
1126
3588
9087
9739
1581
8886
8031
8272
3238
8664
7808
5169
4611
4480
2434
8144
5114
3354
3699
2644
4459
2720
3541
3934
1679
901
9519
9146
937
5480
7908
2361
6980
3193
3807
3646
5232
1789
4757
567
8990
5214
4311
434
7399
4645
9451
2711
9181
670
2856
1441
2496
8049
394
4544
8857
392
3425
9069
7577
1542
6911
1689
9848
6805
7480
3131
1743
9103
4006
2523
8392
2132
3961
8303
435
3193
2371
688
6194
6148
5798
91
1059
1704
5292
6858
9538
4119
5102
2399
9085
2474
1270
5140
4065
266
917
4852
312
970
1843
9057
1915
9036
8815
7218
1897
7228
9640
7337
8474
2647
304
3643
3458
5571
3669
9070
3076
9298
5071
7550
5076
2095
1011
3691
1957
766
6380
4066
4810
799
6787
4558
2063
1663
6930
7076
1216
4339
9
3320
7145
6489
5749
8743
8368
7044
5684
9035
6752
1762
3497
566
8414
8605
508
6400
1340
4273
6797
432
9685
8575
5238
8950
4763
182
5964
6113
2912
4533
5309
2137
8070
3205
1714
2620
5848
811
7413
6743
3377
3827
4262
43
4068
606
2490
4522
2327
6493
3372
1552
9308
5647
7793
8203
4866
2602
729
1788
9358
8585
6719
9550
174
1208
1072
8388
3562
8826
5059
566
3551
1149
4679
3786
4199
510
7439
2519
3764
2283
6811
850
7820
6116
5640
6053
9094
1908
8845
3130
698
5724
7645
6644
8780
8103
2657
2317
4255
502
7647
7589
8304
284
7924
1244
6953
9184
1622
7938
5281
3332
433
316
685
1779
6329
9653
4714
6787
7386
6331
9214
4594
5977
3555
9215
6906
6087
9739
5556
6996
3632
9027
6861
8616
3795
6864
7911
1785
3737
3503
5095
777
9995
1177
1334
507
2017
4357
189
3844
7631
1764
4004
2690
5125
1887
4174
1322
8967
624
4846
8417
685
242
2121
4512
7970
707
8199
1652
4351
2165
872
9910
3522
5709
6254
6208
8690
6579
4335
9174
9672
1887
480
2862
5862
5406
1276
940
5064
1155
9900
6577
2469
6477
4692
9149
5378
9276
1432
3316
417
302
9198
1233
8907
9284
4302
9665
3609
3393
3323
6101
8909
1795
1773
8961
4738
2541
5842
7292
7120
744
2779
3318
6678
1089
4110
8632
9264
6504
6682
4716
584
1031
1146
5067
4420
8385
4680
7321
1403
5569
3930
2360
2541
4231
4309
5876
1283
2849
451
4566
5261
9933
5625
1896
3274
9756
4413
696
7741
1360
8309
4377
1358
7994
7325
3470
9349
1488
4049
3114
6337
8789
7636
3185
2782
4206
3245
3348
8867
9713
8710
3247
1971
2332
3948
1428
3892
1949
8664
2558
9537
8209
8744
6669
3092
4705
9324
9722
2224
7950
2439
7
6320
2311
1532
9955
6625
8575
4513
5759
937
3422
3926
2170
5445
6574
9588
8821
7814
5478
6894
1563
4094
3448
6625
6050
5736
4341
9597
1357
1921
3517
1122
7482
1504
572
8459
7690
1590
7492
259
2958
310
3871
8900
4648
3010
9151
1992
1690
2031
8437
5729
4675
4149
9894
6630
378
3417
1907
6431
4660
9823
4224
5479
5667
8327
5650
261
7871
8875
4070
6071
1910
107
7859
492
7186
3270
8749
3814
4827
6560
6142
1669
3150
8563
8751
6336
8590
6646
3369
5615
8074
9747
8526
5787
8240
343
708
3815
2649
2912
6416
4184
5954
678
491
4104
2191
3589
2122
4421
4173
1084
6462
8304
1865
2095
9989
3632
215
2031
3786
905
1589
9596
6739
8970
161
5912
4311
9243
6907
7537
9401
6560
3614
5483
5106
1564
6128
4899
67
1334
6451
701
2442
6412
5121
7436
5385
8137
7502
4029
9886
3786
7042
9542
6004
2876
782
9972
5438
2002
9330
4603
1545
1665
796
8949
1836
5024
3530
5087
334
1708
4364
8283
804
7404
4726
8155
2770
2941
5925
1386
2091
1029
324
3745
4929
7036
6971
9436
3271
3484
3842
6741
71
2971
8693
5082
3721
9477
1112
3175
213
1372
9562
6637
4504
8775
8065
6167
9246
2080
4422
3198
7889
4934
5142
8625
3819
7907
7435
481
550
5697
2607
5470
3132
5363
8051
9173
9332
8427
9150
9049
368
4511
6241
7923
6503
4327
8478
719
8931
6093
6418
6257
107
3881
13
5876
4604
7513
8363
4766
8421
3923
6468
6714
2066
3643
1268
1598
4378
6881
6327
1886
1691
8434
2927
174
509
4807
2135
720
1850
8617
8061
537
2434
2146
3849
2215
8479
4256
6504
979
9870
6303
3006
7781
384
8722
658
3242
8705
5946
7087
6534
7354
1790
7987
5548
6057
7288
7868
7677
2966
985
3503
5708
8142
2784
9751
533
8388
4921
2347
5002
2541
8577
934
210
8399
5285
7913
3725
5387
9520
686
4373
6859
3939
1777
8272
6238
2950
3269
9318
5967
8619
7321
9525
3283
4540
9236
4264
9435
2658
9332
9292
8624
928
6124
2393
7590
4800
4575
9519
9111
9791
9676
7450
4844
3548
754
8660
8765
7984
4769
2589
8061
7509
1228
4148
5707
8724
1216
1861
2459
5241
6964
8424
200
9564
1384
9291
9655
2594
7200
8642
7829
8041
5330
7343
979
341
699
6812
9616
1480
2113
615
7540
6652
1309
6745
7986
5753
5770
3904
8203
3926
229
6504
2631
6715
9454
4284
9096
2802
7238
8256
2143
4434
1835
9635
9772
3136
8772
1894
4887
2445
7402
6664
4024
1181
3358
7609
9571
7670
8693
4258
2890
5674
1089
3792
5629
5155
8257
4809
5462
8338
1031
5182
133
8788
6067
2449
2127
5524
1405
403
4766
6327
2246
9204
7391
2512
2773
6206
559
8455
5935
1422
1783
7733
5114
4303
2700
7759
363
2004
6432
4732
8581
7287
9954
3865
8467
888
4669
2944
7819
1682
561
5159
417
6027
8958
3421
4925
8058
8980
2689
3005
5646
3853
5177
327
8807
3073
6894
3961
2671
1675
1584
5615
4692
9373
3882
7329
8042
5436
4238
4830
5759
2522
6340
7624
3198
1466
1261
4548
7032
5449
1141
8297
556
2848
4528
3705
1264
839
3655
9000
5599
1310
4276
5014
9053
7309
2189
1572
8528
9137
7991
2753
9554
9840
9556
6258
7904
826
7658
4889
1906
8975
5951
1018
4710
2440
1987
129
1380
6254
9508
5147
6010
1030
9511
8869
7540
193
3310
3995
5504
4802
5434
6662
2630
4146
9421
5310
6131
9565
2063
3640
6994
8953
2722
1266
3541
9786
7834
7620
2990
6167
2638
2171
8241
6859
2683
1818
1438
1012
7904
8004
1441
535
7912
7541
460
8941
6634
7577
8154
2184
2716
8143
1198
7852
7512
2036
4831
5766
9445
9569
7789
276
4599
7842
1140
5137
2648
2914
2907
9846
135
4979
7619
4812
3477
6912
4888
6477
3724
1015
7861
9244
8993
8302
8834
9304
2481
9672
3244
4683
5598
262
2775
3740
3495
2920
1585
2167
2863
1147
9901
1158
5717
8571
733
8976
5828
144
4330
5228
1190
6843
6400
6407
6969
7761
3515
4959
3588
515
7954
1931
5662
2381
1848
6077
3543
9424
9967
1059
9
3064
6190
3752
2360
9105
3615
642
5774
1078
8521
8136
2338
9283
1768
8010
4191
7132
5124
112
117
8217
5918
8472
5478
571
3884
6145
639
3229
3526
9226
4204
1253
8325
8404
2728
6551
8421
2504
1077
914
838
7665
2346
9987
7770
1279
1088
6958
7884
4311
9961
7994
41
9719
9251
8086
510
1109
3553
206
6316
1142
3388
1615
9650
3221
4860
6559
4409
3783
1198
9897
1784
8722
2867
2061
3733
3428
7705
7336
7865
7369
3844
790
9340
2291
5911
2850
3411
7751
8714
7333
1195
7961
9593
8458
571
4502
5498
7546
4189
7131
4767
3364
3608
565
2252
9666
6156
1982
7914
1144
2887
8680
4054
5195
5541
1845
4293
8974
9239
1822
2400
7476
4540
8066
1116
6854
1277
7430
8829
7737
3578
341
6352
7206
1371
8801
3969
5400
6664
5728
6775
5355
5210
2701
3313
954
7575
6967
1992
1423
5750
7299
4044
8259
5475
9679
3299
3746
4706
8752
9507
683
6284
9048
9551
4427
5385
6188
410
9484
8794
427
8945
8338
2097
5083
4172
9975
7744
9543
549
4733
3902
4312
3402
9026
6910
6574
9504
435
3763
6276
1980
5447
3151
7757
316
8736
967
4089
7756
4932
4972
8729
9471
3394
3601
5811
7213
397
3569
5246
6268
4796
5522
8303
9150
6030
8929
8163
57
8185
1678
703
3213
9965
625
7491
14
888
7942
741
2044
4512
7716
1496
9251
2246
8932
4199
7511
459
812
6038
3218
6677
323
2658
2065
9435
6233
4094
2794
6867
9872
7962
5782
339
5000
9295
8900
2014
2076
5068
5429
2550
8560
5664
618
3284
200
6397
2192
7162
9117
9608
9338
4215
8608
7988
6230
376
4983
8833
3244
6384
2219
6777
3057
5809
6278
3567
6333
4425
5147
8039
8207
7012
3596
8545
9705
9912
7989
9310
6737
9
1774
9155
2114
6752
1187
6084
8775
2698
9299
5324
3685
4003
8155
6363
5255
955
507
8985
3176
6564
9103
6706
1117
2955
1232
1268
5994
655
4307
8311
8961
8181
1870
5054
690
1529
5561
2720
8524
3946
122
6862
2330
8139
8322
3283
3605
8577
1918
6781
4545
4322
1988
2842
2969
8860
289
9838
4075
6719
7702
2736
5280
2913
3159
1448
7728
6193
1871
4740
163
5421
3750
8028
847
2442
2693
1789
881
1285
1754
3549
683
7542
7966
5259
8462
7604
2376
7982
3709
2302
6923
8178
3813
4810
8735
1749
2226
8224
5795
9954
4086
649
1318
1380
7907
7721
3407
9615
1469
9865
6331
4702
9508
9195
6447
9831
6209
1727
5981
2397
5053
5847
2596
4145
7719
2272
711
2468
2565
4708
1356
5857
7428
8512
4999
4149
2025
6465
2958
5863
9618
4928
6077
6848
6977
4472
6022
3881
7558
2170
8276
6921
4148
7375
5841
8880
6343
6344
8093
8939
5535
2395
7060
6524
731
9349
857
282
1760
6346
8056
2494
1314
8572
1215
1067
5085
3336
3328
1984
1393
49
4222
5047
9865
9449
3709
816
6040
1305
7865
2391
2578
1552
7826
4113
9211
205
5550
2589
5192
9343
4453
2721
6829
4093
1202
5850
5646
3825
3192
1165
2221
2570
3759
2009
8637
7044
5854
3547
9018
2676
6966
9945
7300
4944
1758
5589
4709
788
699
7040
8068
1168
3391
1199
3974
3863
5399
831
121
1166
3249
4195
3557
6400
4681
4803
3922
9044
1754
230
931
1349
1720
2846
2619
959
371
4201
4110
908
3212
416
4458
6021
1424
4332
8991
4105
4320
8582
8916
4832
5435
1515
8602
4644
7394
4038
3684
7109
7185
2724
2463
5656
4245
4711
962
5743
728
2212
4325
7547
802
4446
9317
3292
2961
9140
6976
7539
5930
6645
2269
3465
5453
6074
983
8593
9245
5562
5330
453
5387
6149
5717
7680
2004
6816
5409
7176
1174
930
4026
2980
5982
1897
3069
1796
6187
3744
2069
1842
4367
4516
4778
5069
4623
5190
6729
273
5913
9479
1531
8602
7818
8318
5872
3487
3695
1284
3827
7851
6774
1363
9611
4728
858
4500
634
7298
9530
3644
4159
1320
4560
6477
600
296
1435
5984
5769
4431
8945
4404
6963
5285
679
2299
1301
5751
2856
7436
5000
7934
2534
1806
9741
7281
2944
2410
4215
8474
7720
1945
686
9880
4752
699
96
9826
7435
1598
8010
6796
6550
6386
1440
2377
4680
9677
8100
2715
8557
5330
1407
1526
4861
7370
265
1533
355
5937
8425
228
2357
6793
751
700
8826
40
5996
2969
2410
1459
8868
8454
3177
8427
4803
4242
8606
4925
4255
9453
1621
5198
7179
4898
2227
9639
7747
2683
6583
258
8521
3536
462
5108
2858
2629
4775
4332
1420
8158
8013
7399
6979
4633
3693
9359
4344
3877
8529
1159
617
3848
371
317
2319
8348
2986
550
2399
5420
1650
7169
2662
841
6007
6932
9433
6296
1678
3381
5188
8093
4632
1105
4131
4572
3320
797
2979
8285
824
4030
5591
1041
855
8760
7649
7927
7499
8614
7501
673
2559
2573
4831
1171
4210
6239
7280
8149
9761
7400
7704
4970
2173
4524
2181
7617
4839
6157
2803
4917
5686
7999
3793
4197
8876
2018
5968
3636
9825
5261
9380
5279
2885
5357
4427
511
2117
9875
9628
4352
8464
2023
4411
2027
8133
1477
8197
8388
5161
2151
2362
651
3062
9875
4693
4217
8862
5916
7800
4053
5725
3417
4099
4501
8262
216
6534
8322
678
8466
7810
7526
6666
2103
208
2480
9706
76
903
8842
2431
2044
602
4613
750
3740
2009
6902
3759
5559
199
3114
5929
1347
932
5735
2308
769
8377
392
3385
2291
557
3646
8978
1966
8536
4341
7907
9209
5932
7041
5791
2164
9807
3369
3600
5905
5457
3707
7174
652
789
8733
4644
4920
5417
9042
119
945
5503
3440
2381
1835
539
5713
9739
6864
2357
6603
5018
2165
7987
7460
416
5745
8296
7764
8529
8372
9585
1973
4778
1582
3392
3161
6646
2278
9374
7641
7545
4036
15
8539
7279
1285
4160
2877
2302
3165
159
326
3761
5906
5995
2428
2606
3532
8929
3569
3523
7181
9040
8309
9715
7093
2428
2049
7230
6005
5867
156
7849
4505
961
2419
9009
7105
1978
6540
3875
1718
4298
8751
3908
6872
3779
2972
5550
1676
8429
8099
8759
2608
8515
2937
9147
3796
5853
1461
311
3927
229
9635
9544
6509
9631
5632
2682
5959
3140
4064
1758
8960
6882
9729
9101
3569
6584
7191
3821
6490
1759
6152
1589
258
2857
3440
8860
9344
4858
5365
9786
7162
6185
9016
972
5487
9981
8343
4965
7496
382
304
6408
1732
5330
8886
8438
6794
8419
1369
5579
3865
5115
3837
4038
7001
4529
8769
4794
4237
1736
8120
5520
9585
7819
9691
8599
5648
3812
8590
148
9370
