6681
5825
3218
5175
1859
1511
3050
4515
8251
2059
6874
6517
3991
9278
3129
828
4697
9387
1720
1553
5736
4065
3555
690
5822
7159
631
7622
5365
4356
6282
2627
8621
7496
5280
3700
8322
742
7021
7837
6782
3234
1458
5274
5396
9420
8942
8483
1154
902
4778
6306
3695
5304
9507
2998
933
7818
6026
3641
7471
6157
2048
8934
9240
1697
7068
2176
4004
6042
9614
6696
5078
5008
314
3447
2750
9329
2377
2931
2169
2753
752
2587
1620
2561
5763
3653
5252
1453
3281
3866
3205
5687
414
3137
1244
8361
6674
1669
6474
9716
5222
3848
6219
49
4342
1433
2346
4520
2162
4551
9165
6488
3717
3902
5214
456
6417
3286
6549
1282
5082
3499
8365
8270
415
3397
1637
2546
8129
7281
9
5112
5601
9724
3789
34
2473
7620
3452
2821
8352
4770
2344
5033
6916
3778
8218
1570
2539
3304
4201
3872
4776
2976
3347
4590
6908
8568
1289
5321
912
560
956
6060
4768
5138
6346
9238
2853
8345
9275
2984
8916
9179
6583
1194
6798
5709
1589
2590
5972
4120
9880
4837
652
1925
6685
9589
5727
5115
192
5767
6034
2597
1940
1653
9610
4426
3686
5535
6329
5457
6598
9967
2612
4516
3177
6657
8790
8447
2037
5656
2026
4943
6439
2811
3979
1382
6738
3379
2609
579
872
9878
5077
1567
9095
645
9639
4261
936
677
5150
854
9486
1493
7064
2887
2120
9251
2131
9453
8158
3430
4805
1361
935
3356
2024
2564
452
606
6036
4277
9295
5473
1776
5875
7145
9294
97
6770
4078
9418
5941
6572
7183
9497
3893
9389
2123
7322
8582
7184
1566
7474
6907
1632
9209
3783
8337
7541
495
8873
2906
7726
2017
2501
3543
7547
7744
9462
3396
8080
7946
8820
4625
8125
877
2934
4054
6458
8415
6223
6880
1144
4638
6574
7073
254
8874
6694
8113
5880
2153
3212
1910
895
1041
1562
7128
259
1218
150
7476
1618
5832
1057
9658
2759
3669
3162
5271
4838
5067
1726
2407
7785
7875
3804
370
4441
2189
3381
8055
6533
8641
65
8719
6475
4800
3474
7153
4
171
5074
7393
3024
1838
481
2250
7932
2841
8527
1984
3374
4834
4309
8740
1160
8996
1522
3112
6335
5871
5337
7886
7415
2484
5578
72
9080
2282
3065
1882
5837
289
699
6163
6589
3104
6242
2658
9973
5375
5863
3756
80
3591
7034
3881
3741
2930
4506
4419
5199
5215
4876
1790
6149
2917
1332
616
9288
1352
5577
9032
815
9086
5397
4743
1494
3713
8414
2124
9723
9407
2760
6616
9216
7092
2022
3370
3105
5450
8383
3916
4472
9427
1440
2727
7514
9277
7945
3994
1743
3301
4616
1829
2901
6018
5305
1261
5642
2036
8466
5895
9975
3054
8051
5087
3249
3221
4920
6114
2968
9598
1350
8280
9083
1638
971
3465
2420
6814
5799
8789
5031
9778
9213
2364
8025
722
4958
6178
4022
7907
4429
7432
6972
4485
2765
3813
9932
4550
6556
1441
3196
7297
3812
2397
129
2358
2146
8761
3109
4005
4682
6144
466
7094
8486
3738
2205
8696
2767
5819
5889
5189
6314
3242
3601
9053
5279
9110
5655
9635
878
3009
5545
4019
7755
130
5484
4894
8785
5268
5063
5675
2417
4455
6316
9101
1569
1764
8328
6194
3438
5874
2481
3939
973
3159
8326
4216
2222
1847
7854
8264
177
8538
6382
9342
2575
9273
3575
6494
5997
3364
8815
4970
2379
4733
3551
3393
4780
8162
5691
2363
8154
9311
9566
7090
4849
3539
1745
2886
7715
7982
7651
6654
7765
5403
7491
4188
4954
2769
7736
8022
141
467
2301
4711
1735
5753
4959
3436
7719
2268
6280
8856
6592
238
20
5619
6961
2041
2229
3156
48
4301
7663
3292
178
660
6033
2803
1741
1794
7770
1626
2923
8536
4417
6448
5292
4406
7163
1863
7520
6667
7134
9269
469
5827
4081
4917
9690
8102
9488
9395
7856
4714
5038
2273
9393
2339
7526
2292
749
1424
6477
9206
9945
7436
6083
2764
6243
3528
1615
2831
9835
7006
2570
6169
7969
5350
4205
9952
9473
7870
2716
9191
9974
9735
4165
6343
1781
2106
7534
2723
5165
9770
9999
8073
3260
1268
227
950
5463
2662
9659
9841
2780
9030
9897
2948
9376
4444
5126
9079
7344
8622
5065
624
5802
70
189
1628
8990
1447
2659
2075
286
6389
8938
3167
5146
6655
8472
1417
7967
6068
7694
4658
3166
8553
4197
2427
1003
7140
4647
3763
2509
1336
6742
9734
1969
9229
1026
4571
5651
5903
3455
9766
7926
1408
2809
8935
9426
4578
6426
5581
8409
3446
8160
1030
1574
8982
8899
5246
2883
4648
6699
4553
8977
3408
1347
8355
8796
5670
9370
1774
2914
8547
9637
8230
2387
1630
4762
4496
2504
9015
1186
313
8838
5109
4315
5037
6936
2296
8830
3909
2859
132
2025
3045
6111
2938
5436
2996
3911
9105
1073
7759
5724
6046
2208
8059
7806
2684
3365
9797
2679
1763
3796
7628
1035
4156
673
876
3349
2749
3044
5756
6003
6522
325
4703
2188
9009
6010
4563
9454
3912
2926
621
4355
1292
4815
179
6408
3814
725
5789
7958
9447
1682
8843
8502
7804
7836
3008
157
2361
7033
3843
9267
270
5254
2850
9848
9599
9373
5004
2079
5896
9046
7298
5072
4474
4989
7293
8354
3414
2640
8695
3039
5884
8805
779
5882
2394
9164
3253
4598
744
6954
8036
7131
2626
4256
6123
3399
1645
4036
8333
3898
8177
733
1671
6601
3425
124
4582
4677
9257
7492
6846
5947
4089
8015
5207
602
1442
1633
6884
9192
9799
9817
6901
7059
5929
3073
8452
5024
9429
8638
1866
7260
751
8001
5335
1530
5717
4756
6969
5449
8909
4684
5532
4913
1411
2437
8467
683
7781
444
1237
3937
4596
302
7822
8419
8312
2885
7918
4232
8223
4337
4755
6370
3536
7237
6819
56
4434
7853
5362
1692
5079
1293
8084
8134
9102
1340
7407
5944
680
6708
3549
8808
6810
4307
6872
8918
8427
4448
1947
1010
9933
3338
6866
7254
6973
123
6017
4808
8604
7002
5482
5285
737
364
295
3657
1760
632
7860
7653
1275
5081
1476
6293
5425
9522
6640
4604
6437
9459
6860
5465
4928
3595
7143
1224
1118
55
8976
5312
1104
9047
538
2932
3147
9674
2456
4822
6009
79
2900
2347
1876
9150
2704
3264
2755
5630
4382
3940
9406
2873
9219
6725
437
5100
5156
9293
3750
9183
8173
5239
3034
7179
9041
5202
2487
8213
1128
9016
8978
8157
9225
559
9223
9807
9203
2398
4143
6783
4237
1798
384
5054
5548
5920
221
4809
637
1506
6688
8235
1962
4147
3505
2441
9163
3735
6218
6322
1235
3144
2611
6806
2528
6304
6352
1049
3360
4070
5764
8867
4482
497
1779
6722
6381
5238
1904
5502
3820
7941
6425
9338
4370
7974
4718
288
417
5741
8853
1203
9306
7444
8448
7272
4600
3325
7938
5386
4194
1146
5558
9339
9498
4310
3519
9493
2836
9125
1950
9266
4722
9017
8902
1818
8394
1989
3238
1422
3572
9845
3215
9867
9057
2001
3547
584
9166
9829
4343
6166
1467
5200
6958
8386
4011
3861
160
2104
8152
4192
750
8088
1379
1331
831
6066
4908
4164
5219
15
6438
2336
1604
9759
8508
5381
5372
5864
7235
6652
9648
9335
153
2462
9713
8733
541
6796
6180
8679
7095
6862
3681
6387
5083
7356
2450
1163
9750
1286
2421
3587
239
2892
7859
8219
396
26
9806
4170
6341
9134
7582
6087
5431
298
3051
2058
3087
1142
6153
1169
4401
4034
5020
8339
7698
3784
2485
451
1635
1524
794
4423
9331
6876
5443
7067
6914
4345
3049
9416
5317
4501
1123
7055
5120
9006
8644
7621
3664
2822
1786
9898
1212
7722
2388
4787
1216
3672
999
9936
9755
4152
1988
9455
8033
1954
8081
4323
4814
6988
8417
6089
8849
3178
929
2285
2114
4634
7989
5228
8663
1813
6299
472
7521
5533
7900
4016
9403
9935
7271
2524
106
7775
3516
7217
5637
4862
9943
7369
3514
1114
1330
8454
2766
2889
9308
8287
1747
2053
4708
8726
5809
1556
8851
3696
1770
4681
5084
4992
3565
2973
4233
7204
401
3823
8894
5210
7045
3358
555
604
9348
9891
3275
3613
8908
9792
6761
3492
8210
5367
1291
3800
9733
6651
8498
2087
4446
5830
5534
4395
9695
3322
5528
4964
996
1246
8183
7748
8973
2936
8666
8729
4498
3972
1891
3617
4243
3450
4096
6406
2410
2224
7186
2209
9844
931
86
2194
7499
5901
5358
8010
5587
9366
8714
6754
5957
2220
6285
4974
471
5768
2415
8678
3718
9561
4759
9018
9100
4546
2196
6260
2952
7087
9073
9321
7292
747
2419
1056
4454
5099
5915
5737
2474
1870
3394
6847
8153
6351
2173
1305
8109
1485
2253
3193
3077
6469
1195
2148
46
5255
7258
8054
2498
2630
574
3217
3346
5720
8038
1926
984
8575
7381
6764
355
581
9569
8860
1284
6484
4938
4796
9217
8828
3040
2479
4591
9714
6720
3596
4224
2435
2362
5590
9422
3521
6897
9177
4680
5460
2808
5667
5708
511
1652
8091
3235
5892
7893
2081
6704
4564
2748
7461
2154
2826
8211
1223
5340
43
8330
5616
3201
8883
5137
1602
8616
2667
9304
8244
8112
9774
8200
8401
761
5608
4723
9913
6656
498
1190
9139
488
3280
8560
6388
1125
3103
8884
1031
6258
1303
6537
3173
8531
536
2951
1560
321
9827
841
9444
6127
6532
1129
9467
3831
4433
7385
6759
7667
4466
9694
8674
287
4836
4999
8868
787
530
4857
191
4631
3698
6836
3417
9399
4155
9404
4021
3936
3855
6358
1375
6714
1791
8987
4007
121
6373
3243
9141
1023
3839
7753
5894
1921
8871
754
893
1808
6016
558
6420
9904
8534
3449
1232
4122
1050
8823
2416
8366
7402
139
5217
9751
693
3787
7689
6039
6345
7193
4786
1952
9064
9719
4910
7986
2061
8099
7644
2578
416
3929
2541
6997
903
870
4818
4799
2494
8485
324
4827
2125
2275
2327
5442
3507
6965
8550
6168
3467
9235
7373
9793
8150
6069
901
2262
2696
7342
249
5145
1985
1337
3670
18
167
959
9565
3798
1234
1576
9731
7883
7350
2687
4514
7248
7346
3548
3052
9941
4125
9558
818
997
3770
4304
3928
6274
3619
1843
1486
3445
2303
4388
1951
5380
4052
3807
6401
8031
8623
1833
9866
8724
1132
5646
6284
1024
6898
5862
6561
782
549
6529
4403
2902
3768
7333
9149
6252
5517
9205
9843
568
8703
6052
6925
7683
7957
947
4503
514
7164
5026
7888
8612
8005
3189
7243
103
4843
9704
2618
4109
6900
8460
4966
9324
6802
2665
1683
8058
6717
1873
8168
2516
4493
7130
398
4013
7335
5793
3917
8348
3323
6454
9108
4656
1193
5955
915
4235
1200
7673
9822
5564
3757
6687
7587
551
4240
4068
2299
210
808
5325
517
1339
2214
975
5566
9927
1643
5933
2551
9398
4893
2693
3918
1420
7866
9456
6084
8066
6467
2993
6025
3969
6063
2933
3923
7861
5371
5927
5435
7829
6142
7377
7071
7277
6071
5401
9104
6635
5162
8474
7319
4431
4220
9673
3930
6625
8176
7252
2318
675
5650
7713
2221
8250
7640
7846
6124
426
7124
5704
8664
4706
2536
3995
9533
4066
1053
9175
9989
2304
9633
1839
3297
8945
3980
7349
509
8356
5147
596
6021
5059
486
2641
5857
7099
345
7400
5495
3424
7937
9767
4886
5711
9583
2204
6943
2594
3157
2234
7075
5962
5060
4702
2207
7783
2891
4290
363
365
7425
5127
3143
4121
4978
4227
8021
6584
5377
144
5816
7467
5039
1535
7109
2639
3886
333
4074
3716
6064
5847
5177
1738
1110
5487
1280
7056
1188
6946
278
152
7178
4502
4861
5788
6465
7979
3827
2241
5726
7654
591
5909
1087
9684
2646
9224
8979
2947
8199
6762
7936
3310
1550
2057
7024
7704
5123
6395
1607
8075
9220
3174
3263
2928
9900
368
2312
1446
9038
9379
518
9460
1058
4291
6710
6486
1187
2942
4467
7823
9657
5770
4062
4166
2360
6187
1540
1787
7395
8928
9776
8156
4453
1515
6713
4015
8286
696
9540
6678
7842
9112
7899
69
8759
8743
7710
9466
7473
4093
3206
3329
5792
3195
7575
2276
1627
3377
1851
2005
757
7191
1245
2779
8699
3487
1103
6348
2781
4527
5236
1600
3107
1281
2920
9706
6928
5468
8391
464
2895
2102
6729
874
4025
3416
3736
6193
226
2736
6115
2306
6843
3935
1250
8249
8408
6427
6903
6432
9531
7195
609
5771
585
9218
5527
2199
5180
7201
1164
8659
3213
9152
6106
7701
8017
375
9487
6203
5235
7162
6982
9859
1153
9554
7994
804
1789
3753
3389
5353
3715
5729
9109
7340
4665
6627
3986
6491
3484
6332
2897
6263
6281
9688
6103
3334
1018
4508
1438
1914
9123
5897
1937
4167
5332
3730
2510
87
6767
6775
9098
9582
5664
1264
3042
8712
1269
7682
995
2593
1841
8768
1213
1233
2778
8379
4044
187
4547
6192
1932
5579
7928
3268
2353
1500
1413
2291
4739
7793
2040
9995
9782
2160
9405
3546
4399
4284
9960
792
4617
7764
8731
7953
1532
6262
9985
380
3486
5319
3314
1608
1588
9672
5075
9545
3410
4988
5784
5469
3966
3942
1384
7503
5506
8650
2357
5014
9432
9442
2247
8999
8940
2515
5244
9789
6523
5602
7500
7593
1428
53
4795
756
2757
8727
4377
2447
6367
3250
2103
8668
5251
3527
6724
3760
6374
9743
5858
6998
5530
9010
5149
5612
4585
1229
3573
4774
4322
2159
7884
4282
952
7372
7711
4278
6013
6435
1185
7316
134
3687
1205
7909
6683
1272
341
9513
6113
5677
524
5384
5811
9617
8432
5572
1480
3241
3002
2899
8746
6680
9026
3373
6778
1514
1084
740
8413
6129
9710
5823
2251
5886
1575
3874
7591
553
9222
8380
4148
2636
3246
5066
3152
2628
5447
7437
6567
6726
6676
8645
2581
2475
8581
95
713
6868
2845
6058
7227
5853
213
1824
8566
5151
4760
4704
6698
6930
8528
4430
136
8050
7000
3999
9221
3709
280
9397
4451
340
5168
420
1578
1549
4102
8900
4526
9402
9239
8540
1100
4475
3372
3947
1924
5012
716
6792
9727
1713
2738
5320
4671
4720
3977
9978
6577
6768
5291
9055
5783
7659
5267
3421
634
6885
151
204
1348
7238
993
8411
6492
3084
392
8041
6421
8694
1393
4080
6206
6349
881
303
4274
4088
7960
7404
8922
8817
4744
2072
1094
8126
6090
3749
2077
4228
4644
4952
8060
4236
8292
8445
2583
4792
2610
7630
1294
7695
5456
7741
4259
9586
4602
1323
4688
1946
3404
1425
7761
3025
3294
9465
873
7478
2867
6952
180
4396
880
1857
8458
1226
7845
8677
6300
5993
1211
8459
2505
7669
7419
6641
8165
7619
7798
5439
4719
2109
1889
484
6423
1975
1644
2955
3650
8350
9668
8907
1318
3285
5427
247
1159
4633
6588
8024
1687
7222
8660
1660
5808
185
1906
7129
9471
8625
4456
1106
2729
2074
739
3110
6734
1376
2989
8457
8216
4091
9907
2929
6739
1583
8877
2455
7085
6756
4330
1725
9548
1727
9896
9254
6371
6056
8049
6320
8503
4488
8507
4940
4346
6790
7396
7121
7418
9563
3146
4286
8614
8834
8006
5666
4295
3057
6362
9296
7464
7048
4640
3920
6743
1855
9620
7717
1722
9856
3402
1552
7660
845
7412
2721
1380
2875
1649
5679
2302
5647
2080
688
7890
6051
3278
4865
1363
6292
8358
272
3140
7027
9777
7590
5302
205
9124
4586
4339
2115
4864
6082
6545
3318
7325
54
6156
9539
4753
1161
3448
7939
3479
8993
3731
4253
3118
7609
5991
7702
2604
1534
2705
7917
3502
4404
2167
5301
3532
1475
2211
6463
5411
3327
9685
2960
4518
3190
3439
1881
1088
2002
8702
7167
2202
6970
1014
294
7370
8331
4925
1112
583
5490
6580
9117
5571
421
3203
7452
2954
6917
1371
5247
4202
8180
9652
2670
8600
1659
6845
8164
2722
9857
8955
2088
1364
1865
5626
7430
5757
3387
8599
9838
9506
3854
9760
8855
6214
1537
5883
3956
212
6984
1465
1599
3594
1070
5879
3228
11
4996
5155
9631
2986
2423
112
2819
4207
7940
9926
6099
6906
9319
5363
6273
1240
3061
6693
858
3133
2980
8456
1883
9003
8765
7954
4238
1320
7597
1970
2051
768
1642
785
7275
9863
2562
9925
6479
9252
4951
7827
7150
2791
174
4608
6240
2631
5623
3544
7858
5512
9816
7676
8854
5159
5134
5041
9085
7771
4565
9280
7113
3990
440
3694
9676
1551
8739
7339
6022
6769
4302
9381
8461
367
9621
9107
6666
6097
3273
9075
1641
4884
8042
2400
71
4500
4053
5331
7161
1170
2787
3131
6139
9686
5464
1335
207
2137
5458
474
7665
5854
659
3714
2896
9327
1710
4008
6208
1565
2566
2177
1879
7638
685
4050
402
2418
3037
8593
1505
8618
9282
3889
5257
2254
5676
1448
1488
1581
1721
2033
5615
8122
4112
9882
5625
1667
4552
6196
3003
6257
4798
236
5148
8138
7008
4906
3989
373
533
9137
9072
5752
7127
7268
9832
3283
3219
1880
4010
6777
2119
6929
7821
4387
7063
1503
6501
4825
4950
3910
5772
7361
9839
2152
4654
4898
7901
7213
9425
8848
8046
5209
4558
1933
7539
9318
5098
809
300
9236
6442
926
5094
6786
8193
9646
2261
463
8397
1456
2342
5265
5942
2869
4392
5567
6174
5259
769
8148
7805
2676
33
6222
656
7265
436
1523
4490
8888
9518
5080
9508
3850
9745
9604
8018
3099
2317
9851
2082
4297
3342
279
3958
7097
7061
3667
425
8654
5299
8144
7308
520
9182
7475
9671
3375
4568
2472
3088
7538
6265
6173
1090
4956
9875
2054
793
9741
4336
8151
7801
2084
9707
9883
8513
2374
8233
8563
3825
9065
2308
7703
8542
6637
8771
2692
2170
4583
2944
9481
8378
5633
2732
5939
6221
8607
1815
1445
8958
4627
4468
773
4023
8504
4806
9987
1256
4614
2830
7592
6197
3525
9790
5877
8880
8136
312
8265
1471
3245
7847
319
9247
2733
4769
4428
2111
7470
9195
8424
6431
8840
1388
2525
5193
9584
9805
7215
601
2625
988
6500
8065
3883
3616
7208
7533
5685
7036
8068
2700
3811
404
8545
6378
8756
6628
63
2758
9847
4963
4689
1590
165
2975
9687
4534
1689
7578
2584
698
6054
9048
9289
5224
6942
211
3578
182
9542
8480
8192
3683
1958
9022
801
427
2521
5
7116
7105
8556
9791
746
9142
2187
9993
8735
7250
7586
1944
3585
626
9091
2935
6547
5256
7126
2092
3440
4055
600
6784
4097
9869
9912
2623
9214
547
7136
1066
9756
3635
4464
1241
6002
3649
7218
3491
869
9903
8511
1452
5844
9738
3797
4725
499
9169
6271
1661
14
6391
476
1877
9972
6854
5086
9546
7029
9232
5865
7540
2098
5748
3388
1262
8692
51
813
1306
4570
8338
7637
9502
4497
1206
458
4247
2217
9879
4945
1885
3992
5129
154
4757
2172
799
6004
678
9042
4679
561
5695
6289
2331
4117
6852
8613
1276
2616
2770
1577
4186
3844
2489
8101
8298
7338
4190
7509
4389
5787
2950
3882
8991
827
789
6057
4432
6014
8231
7211
478
6209
6825
657
5294
3181
6043
6689
3043
159
7762
113
5191
5828
7495
981
5554
2309
8321
5702
830
1155
8786
2381
173
403
2697
3968
4104
3945
8103
7451
1078
4957
7196
6691
1675
3978
6357
8691
7576
2406
1533
9007
3655
4489
2395
4085
5370
6573
6795
5596
9011
4701
8845
8517
3858
6246
2893
1860
4217
4385
4729
9207
3500
4398
4784
7780
1398
7922
9303
138
2023
3182
8069
3512
4408
9581
5423
5182
9248
6185
9521
442
8246
4746
3266
6441
7814
7315
7392
8385
4313
8329
8335
6447
9033
4622
3933
9367
3802
1412
5010
4003
6444
6619
1119
1987
2978
9928
2592
9325
4326
137
3924
4221
9415
9414
9768
2715
7975
1900
2367
3529
6217
2190
2021
3151
1329
1130
5841
5269
4885
4811
3838
7919
2922
6902
3967
7671
1582
3877
8685
1370
9365
3752
5979
2540
8567
3332
1603
5617
9113
1394
7171
9258
9245
3751
3971
8443
3312
7324
3047
9396
6080
8061
9322
832
9775
3614
964
9796
7172
9231
2295
7910
8770
1613
1712
4329
4820
1051
149
3067
8301
5968
8624
2724
4142
8655
7267
9656
884
7968
7892
2728
2911
8595
4258
183
3975
7103
1842
9754
5130
6718
4413
4459
4875
917
2147
4845
8478
5935
4619
1397
1912
6962
6296
9377
3610
6869
4287
8932
4802
4676
4880
19
5574
4100
4517
2465
6653
3429
9994
7567
3005
1502
102
5192
4020
5555
3337
6709
5410
2995
7343
8603
2915
5835
429
8619
501
3873
7559
7912
7643
9675
8698
3623
8827
6878
2438
7776
2223
140
9575
1022
3080
1313
8290
8676
957
2958
7317
7563
9298
4748
5971
891
8596
1406
8564
4218
2550
2467
4736
2576
8499
9116
8882
4420
4833
8310
8732
2990
1377
5734
3733
760
3622
1749
3891
5597
3870
588
1122
9243
3021
5248
8986
9122
8222
2681
1688
9924
2468
8172
1594
5701
6728
3603
6596
9980
3808
3816
381
2648
1915
233
5956
7426
612
2538
2351
6225
8957
1894
8372
7080
5575
1639
939
7118
8185
5173
1752
9434
9650
8494
2619
8862
8672
1040
5911
8887
7606
8016
7380
900
1959
5001
6521
9479
6176
4556
7479
6980
4234
8179
8749
974
9115
4533
4975
4919
3522
968
7569
8306
4620
2881
4072
2545
8407
269
1496
8390
7840
7133
7896
835
8083
9276
5327
1767
1076
9780
4529
9171
4788
6268
7511
3786
4683
3531
9369
640
8451
5635
3841
7966
4391
107
2675
7596
7345
422
6540
9737
1327
8693
7914
3066
6001
6182
2963
1520
4219
2703
1916
9140
5421
9505
8505
9781
4415
2252
2699
7313
977
2471
3792
317
1148
9449
6202
649
8964
1470
400
2297
552
7769
8368
2117
3788
8736
7115
5556
2775
3384
7924
2673
2798
1460
4555
4712
4338
4393
3509
8772
4369
706
8114
3062
4783
9689
1455
1089
4994
3302
7173
4458
9603
1840
1867
3145
1736
496
3462
8252
8186
8530
5491
2598
526
331
5018
7438
3330
6660
246
9917
28
6543
7439
8325
8085
5117
8866
937
4368
230
2319
8535
9253
2800
6833
7057
5430
3887
1283
2898
7560
9923
176
8098
7194
3959
320
674
6816
1499
1708
1006
4039
2799
7572
1179
264
8187
3010
3259
9092
4899
5116
9208
5732
3762
2265
6403
6489
5592
5812
3123
3019
5378
5511
7089
2683
6259
9155
7054
3223
7151
9371
8387
6121
8602
91
4873
7044
1579
386
800
494
5166
5652
6137
1974
5610
5069
9350
5627
8514
4669
4846
3072
932
7707
521
330
1109
8774
2181
6711
4593
5223
3076
5654
6538
431
3483
4575
8243
8795
9028
5073
7497
2863
4519
1782
617
248
6232
3231
1508
360
7657
1571
2661
8960
3755
6012
5142
2828
8288
4206
9345
823
6485
6551
2028
7810
4139
3132
1036
3124
4113
9746
2269
2337
2454
3170
7551
2814
32
5730
3537
3114
3030
1945
2266
7613
2085
7898
9441
5243
5689
3876
9106
5543
6394
9628
3897
9605
2638
7629
9045
4651
4829
7481
8277
2200
7423
5016
8146
7209
9697
5172
1948
8937
7779
4105
5919
6690
7680
2617
6856
9963
3046
8642
8687
4169
5795
9627
6255
527
9283
6216
4042
1127
6918
6366
9636
8406
3475
4006
30
4891
4686
4663
8981
3270
3960
9914
2258
951
4212
3225
7607
4440
4649
8578
8969
1694
1139
3723
866
1780
4191
2412
9457
5632
9148
9337
5866
8889
1126
7125
2399
399
5275
1646
2782
2653
6045
268
9087
4904
5523
2606
2343
3568
2620
6496
2600
7009
5605
6235
2332
1173
8911
8715
4199
1775
5336
5284
7224
3155
8501
1827
7908
2257
7022
2530
2461
8543
3422
2391
7552
2371
6794
5163
1739
1454
1617
8658
5474
3675
2761
8997
4353
4785
4246
7101
9640
8093
8565
7221
3496
6305
2311
7114
5524
5043
17
2014
7431
1680
6723
3626
4180
3577
9385
8905
5348
108
1389
4009
9958
2848
8777
9380
2784
4411
6118
6327
6934
9005
8430
6027
8706
9500
6630
3840
5440
8572
7445
954
3198
7035
119
2837
7046
5529
2055
4953
1568
5731
797
2372
7443
1956
2864
2660
6199
8283
8155
5747
4266
1002
5489
5000
2062
4942
8548
7730
5870
9364
2589
9132
1973
2020
3161
2937
503
4691
7320
73
8274
8710
4793
1095
6536
3058
7747
3179
387
6050
4320
3722
1474
2316
1936
271
3904
5359
6820
9496
1093
7100
8787
5776
7465
4379
849
1309
3442
2324
1391
834
9535
1082
5096
9504
4325
7944
7327
4135
9579
7962
6736
523
6629
8950
3371
1372
1198
7060
941
1307
663
231
3331
2113
1766
7879
3082
7228
1887
2909
4087
3666
5364
4664
4874
455
4976
3611
2967
243
408
3793
8897
9378
4594
5174
7850
8198
376
435
7210
1487
3926
109
2401
283
5050
8863
8738
2756
9433
5983
8559
4245
3506
5201
4262
8717
8317
8634
23
1165
847
6177
8722
1890
3271
8967
3582
8094
4187
8762
5744
2908
6105
7611
3000
5071
508
9653
8332
9667
75
4185
7834
8107
6971
9286
318
7016
1555
3822
1978
7542
158
8769
2341
8362
1999
1131
9948
534
9873
4505
9729
1059
5945
9709
6044
6863
6207
5007
8282
6331
2203
2130
3120
9135
8521
94
9647
7334
2688
9541
3013
7078
7457
7065
8092
4934
2090
334
2964
6564
6987
2
3488
8585
5640
6457
7463
8819
9445
5755
2086
9002
3344
780
4037
3564
1547
7083
6468
783
5471
7633
1236
5700
5560
3860
3059
1691
1919
4027
7880
2107
8238
9268
5416
3004
2637
7561
9103
6310
5233
3176
6524
9934
776
5167
2751
1629
7007
6518
412
4542
989
7323
734
4124
9477
3095
1357
7733
9955
2939
1564
1407
2293
9699
9818
2849
9552
2105
4985
4357
9691
4911
7231
9154
8011
5089
7362
2000
8255
310
3857
8304
2133
1858
3552
771
4424
992
3606
7102
5967
5606
8405
4412
9291
3878
510
9388
7935
982
6101
3559
2635
1020
1064
4695
7624
7302
7528
3015
5586
90
9198
2717
9410
2904
7647
4513
8063
62
5598
8627
5356
2171
3418
7447
7678
3779
2527
2459
9576
3064
3602
8334
5034
8799
7585
285
9074
3510
2065
4854
3420
9715
78
5954
9037
7778
6611
4321
3678
554
3721
1419
4903
726
4280
3244
1450
9870
8169
3411
1296
5413
24
6591
1972
4612
4358
267
679
7686
6361
9485
6339
428
215
7401
7523
4495
7072
5913
9184
5035
5765
1151
7812
6797
3615
2783
6963
2310
2940
5926
9450
7288
4394
8351
8221
9090
4283
3734
9130
6430
764
994
6452
2178
3689
2666
220
3863
8594
3324
7379
4767
4650
2264
7942
5761
2674
2523
5593
6147
1917
1799
4892
1903
5342
909
7964
6803
390
4545
7287
9162
2839
6134
9494
5022
9871
9172
9655
7773
9970
1942
8919
1854
2605
4710
4077
6205
9794
1715
1732
8515
546
2496
5801
9711
2151
3164
6910
3489
383
5505
863
3774
8509
6315
9971
3905
2997
44
1478
7570
1896
9801
6400
8549
3697
3464
1897
864
6921
1846
9830
7458
8956
2143
8778
8806
4111
3639
7705
2744
164
8752
2813
9194
7330
8117
8533
6409
9609
5444
2414
8468
8574
8637
6360
6393
2249
9470
5794
8438
5466
8400
4790
4896
7522
6254
4840
9769
5964
5584
8089
7720
4831
6093
2962
9363
5905
6155
7934
3481
460
3652
6191
7721
8131
2121
4141
4244
6576
571
9568
9919
5758
9802
2359
5051
7291
8966
7649
6622
8491
3405
2506
6558
3654
9752
8189
7574
4470
7947
7573
9725
8469
5807
6933
5669
6416
1561
2007
64
700
4512
7787
2078
2201
8748
3471
9804
646
9314
6787
7712
5399
4926
7010
9819
7807
29
1955
635
8097
6976
9855
9472
4860
5706
2903
9448
825
8305
8718
8294
257
6977
2380
5420
7276
3192
5733
3401
7160
1156
7525
5198
1472
3460
9023
8587
361
6839
1342
4709
7641
4730
31
4810
6805
6646
3380
1167
8393
7557
1326
9173
714
7314
6731
3461
2335
8307
9088
5058
9550
4674
2193
1905
9300
4051
5245
8376
266
5754
2094
5344
9567
6297
2972
4215
8188
6701
4361
4098
774
9868
3642
4195
1017
1133
5519
1429
8067
8426
7977
8108
9721
2383
1693
8137
6493
7304
5541
8970
3180
8639
3772
9260
5740
1816
1531
4106
2482
9316
9019
980
3341
9120
5316
7422
4249
6270
5366
4645
2006
343
40
6707
1184
7618
9718
3765
1248
883
5503
9530
3560
2192
4279
3494
181
4666
2011
250
1081
5838
1319
2215
3659
3581
2206
2820
597
9501
7388
3501
2520
639
8713
7608
5288
6148
4494
9553
2586
6751
9174
5934
710
8013
6410
4766
2796
1492
5899
556
3026
7017
1060
418
720
1542
8557
7132
5698
2227
2835
7104
5170
1998
9538
896
7699
2977
8826
9372
2436
5052
9595
162
468
7973
8913
5349
5966
3511
7225
3588
4173
3136
7494
170
9332
3339
9262
9833
7198
515
5549
6905
5376
5918
2554
1668
1793
8541
7808
2235
7403
7005
1960
5798
5249
948
2860
1623
2882
5842
2735
5114
1479
7625
711
6871
3949
3459
8425
4871
7951
1837
5668
1321
441
7053
1102
487
565
7284
1706
8104
9438
448
1230
7212
3708
5272
4418
3117
1927
2695
5867
3168
6450
3433
8142
8347
7502
6077
1878
8949
5936
5693
5459
2393
6911
9118
1157
7615
3921
1704
8682
7743
5329
7107
5684
9949
647
4181
8182
9557
2290
188
6895
8708
5125
7311
3679
8522
6227
4083
328
9050
1584
5965
2774
1703
1971
1457
296
4060
8410
7518
6000
9230
6189
1437
643
4576
225
1038
5212
6855
2089
8890
2918
922
3810
9024
4209
4333
1137
8844
853
8184
1884
5848
9317
3570
1957
889
3907
7768
9820
2549
4344
4511
3498
1015
1821
7236
2045
4208
6913
4687
2691
8544
9570
8209
1274
382
5438
9764
4987
9040
9336
5104
4095
2047
6040
1934
4613
6397
5620
4724
2710
862
2197
2777
784
4726
371
8464
1052
8689
3333
8782
8442
1662
8421
4803
2568
3258
821
8039
3526
2445
7515
2259
2431
6614
3504
5154
8143
4410
7234
4409
4986
2442
3944
52
7247
4308
2810
6557
7738
8896
1845
6886
7506
9910
6347
5742
2833
2232
6758
6981
960
4264
7077
6204
5760
5263
1800
3644
2817
200
8007
4303
8646
852
4312
7646
5260
8110
6290
5186
9394
816
9846
6923
1021
7885
5904
2529
9412
457
8133
5124
1762
6006
8754
6073
8225
3665
7219
3069
8178
9375
4204
4922
8004
2039
336
4239
8745
7950
3361
6384
6424
1572
9430
5749
3128
3604
5657
9489
5446
7927
1527
4694
6986
6065
5821
5021
8260
9340
2957
4064
357
8721
7389
6419
9893
5181
2642
9771
8953
3227
7220
1168
9961
9909
2382
4968
4670
2543
8588
2534
6312
2789
743
8580
8865
1369
358
2763
4589
2267
338
4213
618
2608
9736
3248
100
4373
2558
1484
7831
2434
2711
7138
4362
5705
6780
7995
7359
4293
2168
4927
7435
3720
1723
9815
4569
6737
1464
5561
9572
2289
9233
1498
4076
1785
6531
352
3847
6785
9600
1219
7766
8463
8589
7543
4678
6509
6853
7728
8245
4193
7295
5324
5539
3833
3403
885
6075
3518
6636
5383
3282
9509
6865
3254
7750
4797
3482
7911
5494
2847
6120
3607
4628
5025
603
5713
369
5185
9638
8227
1634
5516
6864
6256
6670
7170
8229
7166
6834
3220
131
7519
4562
9682
4881
2493
6996
2829
665
7588
9722
1874
8259
1358
6326
820
5852
6978
7309
1525
2451
4606
9938
3092
2281
8047
9167
833
6399
7873
2246
7232
89
7357
705
3386
3704
1416
6109
5064
3668
8878
3795
4948
3773
2255
216
8489
3354
8247
928
4328
9942
8314
7531
9354
1977
4969
7820
9587
9665
4536
8751
5682
3350
7119
9836
5820
9645
1258
7157
963
9440
4381
7460
4354
4000
4839
5891
6615
6799
6164
4316
2946
3567
5357
3299
2166
6555
7459
5648
620
146
7047
1430
4635
4779
5103
9146
2657
3628
5139
155
6553
7354
4882
6849
4935
5273
2519
8224
4832
8237
394
1039
2294
8954
6650
2768
9588
1069
2145
306
7062
6800
1365
5409
8324
6706
8832
1828
4941
5831
9977
5424
8584
459
9683
5068
7147
5782
263
1147
1964
9626
2544
3466
6893
5629
2912
6269
6117
133
4110
2788
7999
7863
2422
1338
6383
4222
9136
1521
1482
41
5152
7310
3931
544
7410
9330
1966
3706
6550
7366
5195
9632
5046
6005
2034
7174
6684
6211
3630
2144
1238
175
3257
5636
4821
5290
3859
9082
1054
4763
4288
1529
9681
7329
7965
8629
9601
8473
4463
2129
1750
37
7093
2239
4275
6644
9061
5766
1831
8837
6107
2792
2559
8204
741
662
8364
2650
9643
7306
1310
3240
5987
7386
6647
9982
6508
4830
7299
2982
3871
8605
1961
2633
8208
4380
5544
2987
1400
8014
4001
6519
2314
1298
5715
7472
5237
4214
9874
77
4084
607
1221
3391
3098
7828
7117
9616
2816
4390
5229
2384
8906
7589
6228
329
13
2726
4090
7031
507
4696
5253
7902
9950
1548
9189
6295
4548
7376
3321
4061
5504
563
1373
6763
9014
2607
3884
1769
7023
9281
1546
6829
1737
5988
9785
6162
4692
7205
1544
8701
6368
2832
3200
3160
7981
5872
5540
1734
879
1702
6
5289
9211
6032
4980
8048
9263
5144
1803
2439
3385
1043
6633
9284
8776
839
3398
2961
513
2555
970
7639
4272
8546
525
4847
7013
8864
7729
7790
9401
7763
5169
7913
6983
7082
3101
4657
4126
1656
5518
8266
9591
6832
805
3390
7767
8440
6590
7199
3130
7441
3590
450
2477
8248
4932
3661
2890
6789
6323
4577
9078
5739
8388
1856
837
3598
3554
9020
1993
2198
3006
8552
5028
1930
6195
9297
5258
5780
1929
7566
7202
235
1980
168
543
2458
6132
9899
7374
3236
3033
3896
6497
2804
4544
9170
4348
2656
8479
262
6250
6559
4624
5481
3740
1322
2365
6938
5818
7257
9758
2742
587
8968
8675
6752
9181
758
6470
636
4662
3524
4116
8170
5910
8520
5649
6858
8961
8205
7355
2185
6503
6618
958
3845
1231
4300
4241
3007
8716
2730
8586
3353
6733
4772
2066
1651
6649
2122
729
9641
1621
8375
2228
7548
4365
9946
694
4807
1939
9739
1254
7517
7760
3658
8236
6428
687
7584
9226
9062
5282
8554
3950
6317
127
5143
671
2349
7433
6585
284
7120
5762
6828
6606
4057
7375
7708
3495
4844
1826
7187
3742
9463
1558
1849
6593
2786
4040
9602
3335
3295
829
461
4349
6595
7505
1333
9358
3300
276
2396
8652
6498
4626
5407
3645
3745
186
6504
8923
6172
39
3982
4916
1399
2091
8028
2019
6732
5451
5135
5300
7487
3279
3293
311
4554
8915
5994
6224
8159
5553
8681
67
3592
3457
9986
3951
2429
2283
2334
209
1606
4157
7971
7877
6102
6702
1
6154
9199
3134
1037
4764
3580
2655
4367
6600
6920
7874
8130
315
9578
564
1469
25
9763
5546
7
6648
9881
2321
3427
8833
5501
7025
1893
2624
5928
7906
5278
3864
4967
4750
5326
6662
582
8927
5537
3100
5938
1409
8446
7706
8340
1768
6949
7777
6765
492
2497
6170
6415
6966
595
8784
2063
8881
3125
6298
1654
6167
5599
2602
1346
7792
3036
4705
9265
2502
1175
7848
2862
807
1427
8003
7603
6638
4402
4715
388
7800
4437
4107
6338
4580
184
5710
6112
3139
8750
8070
5622
9662
4435
2495
8057
16
332
745
8760
5946
6023
6364
8449
6434
3038
1898
3597
1545
1410
826
4754
7537
1714
2044
9383
6160
5995
3906
9361
6974
580
967
3063
4131
7882
2320
2245
1243
6990
7042
3818
5805
4902
3974
505
4351
9998
4735
8959
4174
1349
7353
7923
3169
172
9703
5978
5108
4168
1312
930
9249
7273
2680
1990
4816
644
6392
846
4984
7365
354
8944
8822
7891
4749
718
6817
8635
8850
7546
7156
778
8653
2806
7122
8926
2325
5718
7026
7916
5360
5318
3313
1636
3690
5925
4223
4955
1848
5218
2745
244
3533
7872
886
2508
7983
2108
6985
9981
1871
6745
9864
7867
6277
8711
4538
3875
8939
4930
5806
9992
4752
7564
2557
3093
4094
8831
2049
3115
2686
3540
1013
8141
9058
6516
5641
1647
7815
110
6899
6915
8453
4659
5131
1968
7605
731
3086
5343
5977
6462
5868
6344
8697
1699
125
6579
5433
3083
6237
7028
2595
5128
9187
5030
4858
9826
5040
2532
654
6730
9808
8293
6569
234
7871
5817
1381
6632
3919
3290
3074
8428
9905
7440
4118
3732
9537
9000
1911
316
2298
7190
3463
7038
9423
2690
6664
2512
7144
5298
6402
4183
7040
2233
1705
6495
8617
2537
7626
8269
7929
2373
1004
7501
5029
2706
1343
3993
5975
9701
7642
1801
9810
4623
7802
1648
5973
7453
539
6238
1259
1115
8510
3868
6861
4179
838
161
8389
445
2714
2326
986
8704
1315
5576
3634
1353
4560
4826
8891
8728
4592
9351
2694
9693
3674
1016
8315
241
6602
8523
1820
7200
6276
6181
4870
1507
2672
8206
8992
3311
9608
1189
6530
6138
3188
1116
985
765
6560
2244
4479
3470
5712
2112
4734
1611
8276
5205
7985
9915
4360
9580
1909
8744
4819
1875
4132
990
6665
9374
2580
3574
8500
9490
3660
708
5775
8994
3075
2099
8434
4771
3608
9197
7286
7757
8852
1075
9483
3676
8359
1063
1748
7188
6190
4918
4732
8
4642
493
6150
8402
8040
1664
619
1690
9036
4128
5076
7746
3879
2444
4257
7429
1868
2180
2100
9357
2949
6328
7088
7970
9089
1695
2790
8275
9630
5417
117
6094
8242
8020
550
8263
7394
7305
2856
9860
3343
4108
3888
4255
9577
3222
7980
6926
5488
2218
2596
6008
232
5196
707
3306
4900
738
7244
3392
9186
2622
6552
335
5986
4002
3826
5958
1941
2854
6788
1751
7562
6821
3663
6604
6944
1227
5810
1700
2866
689
6757
1595
8813
8730
6948
8962
5415
8374
5479
3589
9044
2507
2514
8139
4775
4823
7623
5609
409
7390
7668
2161
6793
7341
6130
3853
3456
7387
1943
4573
2840
8462
7066
1481
5160
6336
5405
599
1214
8123
1366
4160
7261
7723
5804
5476
8609
308
8095
6455
777
4961
5686
7510
4509
1080
4270
6682
8783
6311
292
4878
7301
405
3070
8363
8167
9931
1806
5023
2440
5525
1260
7685
22
5387
5774
5121
3819
6520
8836
6272
3806
8590
7868
7632
8420
3719
6623
2182
8631
9272
9596
1096
6126
1421
6011
6081
6842
8140
4383
1663
6912
9094
1011
9954
905
4133
4597
9862
2621
4717
1443
8885
840
2443
245
9571
1462
5497
6747
5688
8526
6671
3226
6515
2300
5429
9744
3298
1183
7544
5234
8396
9071
4471
9663
6131
1108
4140
3867
3357
5106
5834
3138
755
8767
8196
593
9559
2483
8281
5634
4371
342
1386
2773
7123
3359
6128
5843
4912
3351
6599
1263
6879
4436
6950
7655
3748
7032
6337
3014
8984
7751
7670
7679
2043
5803
3915
8105
7455
7549
344
1404
2280
8030
9160
4163
1426
4058
6478
4477
4075
7076
92
1202
1901
661
4210
6712
203
1922
8764
9700
7816
5477
8319
910
9384
3317
1491
3677
6967
1387
7278
9979
265
8516
8371
6476
3432
5351
4046
5208
3071
2274
8062
5055
6369
5851
9237
987
3707
1516
1812
6354
9320
9594
9413
9503
4914
5003
5999
7414
4929
9066
8135
3711
2378
9825
4685
976
5921
7920
6110
8773
1538
3852
1145
4359
7516
1301
4024
1204
2126
5746
8781
4842
3600
1208
4866
2183
9360
9957
6848
798
9757
2664
9309
143
1042
7152
83
4535
4610
462
7294
6801
4887
4334
945
6288
8763
9889
8892
7424
8082
3965
3078
1359
9359
5981
911
9787
4532
2038
2752
4478
8779
6440
5352
3423
477
5813
3229
4486
473
2572
6892
8633
9228
5663
3320
1061
8026
1771
7664
1899
5559
7737
4595
2999
5930
7865
1731
998
7185
1796
5227
5270
1439
5750
2731
2709
5070
1192
4909
1981
519
2701
897
3599
7600
1143
817
1597
2613
2046
2141
7270
5017
7508
6086
4341
9918
8983
9997
9349
7998
7282
10000
6301
4937
4056
703
8971
5699
1518
819
5015
5907
5594
7360
4601
8482
6333
3419
7148
5390
3862
7529
8802
8793
2511
6136
5923
4457
7878
5692
1065
1172
6100
1141
4400
8723
8649
8342
7050
7014
4923
6355
190
68
9461
1225
433
1158
7876
3031
5603
7684
7468
5049
1055
1832
196
5583
6165
2601
7972
4543
3336
2389
1778
8267
1071
6198
2457
9850
9034
2740
7532
1755
3725
2158
7795
5814
228
4782
3367
4879
6308
3291
9783
4737
7617
5778
7869
2879
1609
1257
3943
9890
2795
1967
9382
4484
4159
7398
8201
7556
8477
1099
4014
2338
8309
8700
5048
1784
9520
4465
35
3267
142
9902
8895
2643
218
6248
122
2134
148
9451
861
1048
7784
4178
379
3846
219
2762
2842
8741
4747
4151
4146
6407
6095
5226
5323
4018
1822
927
9895
1719
6443
1746
666
5796
240
3288
5475
9872
3835
7952
9431
3693
6122
3952
5900
7348
763
3150
7239
8886
3692
6639
1592
7371
5719
5952
8439
8807
6318
3056
6456
5264
8816
848
4461
3490
3557
5743
2573
7688
5912
6663
434
7599
2095
6020
9271
5203
727
5441
7992
8858
3790
5800
4636
3724
6781
6830
4378
1728
6482
8271
4038
6851
4296
790
653
5140
2392
969
570
6626
4991
9698
5178
9865
4939
2463
4936
7052
3232
3781
3682
4372
3395
2216
4289
1517
1773
8217
914
4574
9315
3316
613
4460
6715
6772
3759
9696
5542
9726
9937
9732
4990
3426
9560
5361
3895
8636
2652
629
7700
1718
5293
6840
4856
9811
7693
5426
9887
290
961
5119
2500
4252
5631
7001
1759
8412
4487
5671
9188
3583
9307
6568
4324
8963
3355
2184
9052
3566
9013
2888
7921
8433
566
6989
7233
9287
8043
5107
362
2093
7241
1573
9968
4476
7690
7413
389
695
6562
7069
4758
8002
8673
5314
3191
9424
4198
8917
9400
299
8175
8518
7106
5515
6152
6812
3011
7480
8118
1432
3927
6449
2552
8253
8119
156
5373
572
802
7791
3894
206
8920
6359
1105
8800
2685
655
8667
5277
3252
1138
2340
1019
3148
2805
9482
557
4630
9305
4115
3764
8116
3632
5389
650
5206
6414
4099
9800
5751
9185
105
7718
7897
3832
924
465
2953
8512
3523
6995
5161
1290
7397
81
5347
1091
2155
8404
2018
8261
3029
9519
4521
6175
3987
4947
753
9573
432
6744
7450
1920
5176
2279
5551
3809
8316
6675
1908
4789
1120
8100
2469
9201
5437
9965
2035
890
4029
6330
7504
6661
1810
3303
7656
3116
2186
6125
281
1367
5565
5738
397
9885
8628
6563
5678
5328
9990
8012
2015
3834
1351
1625
6935
2739
120
1497
4812
1716
6613
4540
5042
3102
4646
5452
1953
3183
1317
9664
2263
2150
4584
6413
6460
3111
2776
6159
1174
8683
6183
274
3503
2734
7137
5908
1181
1072
7149
7203
7580
1273
1067
9176
5184
6700
6353
1729
5861
921
8606
6766
8665
9536
9480
5448
6483
5845
7108
7752
5101
9193
1033
1162
1251
6808
2328
9795
7326
5745
2488
6960
2571
5355
4841
4114
1297
1677
1836
351
7336
590
2376
7264
5985
6179
6597
7894
202
6931
2513
3785
9478
1287
5346
7735
2271
7207
8898
4092
9274
1166
3090
5190
4175
3362
9067
5092
906
2491
1045
8846
489
5311
2260
8132
2858
6412
3032
1477
2354
9352
3824
4366
4045
8045
5611
605
5786
9128
7328
4530
6643
5391
6922
1325
9692
7841
1210
5498
5878
5777
6015
2979
2874
9953
8495
7015
6141
5339
9803
7782
5434
9708
6047
2466
1586
9877
6151
7756
3908
1554
8470
5509
7558
5006
9333
5483
5916
8569
8601
5422
1435
1092
7098
8300
4921
723
7915
8228
3233
3625
8757
6992
3079
7849
506
7843
9436
3685
8090
4123
8496
1792
7091
2852
7674
3022
5588
8256
2894
3953
4611
2844
4443
3646
894
7378
2138
5984
2101
4848
1902
8903
2424
5570
3691
9076
3705
307
2136
5044
3627
3856
483
8814
1992
5885
2369
8707
7165
4751
7041
3239
7864
7732
3513
3400
6088
5888
1650
9328
4136
5461
8775
2614
8398
7612
983
4855
9133
3469
6085
3409
6603
5660
8296
4853
1717
9180
5179
9654
670
6581
6513
8525
1805
5345
1299
6472
6955
255
5643
9495
9728
4890
6436
9043
9951
516
3319
8395
7645
9391
6466
2470
5313
9054
6303
2785
7442
9031
4962
3984
5009
2225
1557
9892
9888
2149
5486
1825
6029
5661
6875
9720
4504
2008
3186
6565
4901
1982
6049
2857
7303
5951
5982
5183
4960
6158
9590
3941
4721
4250
3407
691
9837
7955
5829
7830
9510
4263
1316
2585
7135
347
3828
1113
1490
7507
6695
7352
1853
5132
1935
359
2838
6620
27
3352
5467
991
8392
1783
8951
4248
4897
3702
732
8455
84
322
4924
7230
611
385
4587
9344
4144
3684
8821
7581
1765
8684
1176
36
8029
9593
3571
1918
8936
1655
7993
2286
7595
4523
7012
2603
6143
1459
642
3328
6753
8032
2913
430
8972
2430
9114
8436
7903
6464
9129
4863
3096
4852
8562
5887
6575
4254
1461
3453
1001
5308
2210
545
658
8861
3175
7809
2669
3647
198
4481
2409
2175
2157
5696
7895
2460
99
9313
3836
7399
6750
8343
9341
1861
9417
6697
2433
4971
6924
4347
7290
7331
4539
2288
1396
5644
8912
9983
9411
2135
6838
3376
2689
540
1083
3141
6804
9234
6244
4615
772
7577
8268
7530
2794
5310
6831
6062
475
1136
2535
5453
7524
5943
5557
9944
8124
6038
419
4618
7079
7535
5056
485
5970
8382
9004
7978
1872
7614
6309
9629
9409
7797
8876
6375
1991
9679
5406
7734
7601
7991
4414
577
3247
8197
8947
9813
2720
5893
5398
7112
2076
3799
3576
704
9301
3957
3121
6570
9392
5906
6956
3048
1543
3443
7249
4905
9527
3307
3368
9551
6334
5307
9532
4049
7011
7545
8037
1892
1709
4150
261
378
6502
2649
6261
5996
9555
4801
9131
6546
4335
9302
1979
5462
6941
6119
1819
786
3207
7300
567
8841
5262
1707
1271
3012
6940
6031
5781
5061
1270
3586
7786
8573
856
5111
5047
6249
4269
724
4499
4225
9607
7253
9740
2884
1300
1285
9292
2802
214
2004
2236
7176
9227
9618
3185
7382
972
4995
8327
7997
3309
7568
2127
4525
7216
1463
3609
7658
2352
6116
8870
7714
2927
4079
2708
1997
4629
9894
9323
5499
702
2064
9666
7177
7661
8476
8811
7446
2110
7019
8608
8651
8147
4993
8931
2582
5394
8161
6932
4438
3210
625
2565
2096
3970
7789
3983
5890
6755
2140
3766
7485
3988
4332
9624
962
6779
916
74
3269
1772
9159
6342
8610
4977
4851
8615
3444
1356
628
1612
2385
5759
407
1862
9492
2013
1976
4073
7274
6037
623
5455
7070
6877
5552
5531
3535
9310
6850
8313
5158
5595
3060
273
8766
5194
7610
1444
7367
1362
2174
1308
2517
5773
337
356
5171
8847
8493
1355
1468
535
4877
9876
9334
2644
6837
3091
8190
5876
6823
5053
2569
5045
6807
2974
6287
4251
8418
8529
592
9517
9991
2329
9355
326
9613
2746
3633
5989
9060
7155
453
5480
812
237
251
1199
3041
1598
101
7037
4979
1804
3701
6525
6396
4690
7086
3699
6841
2348
8149
7262
4268
3739
6236
2432
5225
9151
7824
2868
7788
6451
9831
775
6608
8709
7838
3119
5976
1328
8611
1403
9126
8555
844
2403
9452
217
9157
1869
4271
2452
7672
3747
8346
8488
7931
4031
5204
5276
2480
5547
3849
1077
5432
8357
2747
5673
850
4184
6030
6035
5297
2219
4661
2448
4507
1686
5653
1215
1983
1111
2793
5963
4449
6692
1360
8933
8737
1753
6461
810
7833
2560
4032
2827
6210
7731
7583
2492
7484
6275
4889
2743
3712
1744
6286
3165
7168
8431
1685
5940
2629
9212
1541
449
788
6857
7266
6968
4200
1681
8353
42
6668
7223
4033
6376
9524
4869
1640
3530
7943
7364
3437
482
4012
8262
2242
9574
5785
3108
6776
2402
8857
96
4028
5102
7709
1197
4655
5645
7961
6919
7550
6658
5638
8576
8792
6213
4867
2588
3662
1489
3476
1631
1247
3277
6659
8053
9834
4071
3563
5563
1674
7832
7049
3640
5714
6624
682
7984
2846
7948
9200
4660
9730
1676
9119
7696
6947
712
2647
3754
2632
4069
7096
3925
735
1047
2191
9761
3851
3369
2941
5408
681
1027
3345
2522
4294
9343
7434
3767
9911
8174
648
256
5002
9670
7925
2390
730
9196
3914
5672
3892
9097
1619
6365
1622
4835
8258
423
8497
1277
2553
9959
8859
2991
339
10
2350
4931
949
5232
4299
686
9069
5118
3726
8077
3534
8416
2531
1844
2567
8597
9772
8034
578
7263
2943
2356
1830
3900
6979
6645
9921
5860
6740
3651
6220
3688
676
7799
7949
627
6356
9762
8044
2404
759
1886
2825
6773
9145
6883
6340
3946
2323
9615
6771
5722
4450
4738
2042
8989
1657
6526
50
4883
2577
5573
6721
8181
1150
8279
3593
938
1392
3638
4559
1265
7488
82
7337
9491
3261
3194
3901
3085
5454
6542
7058
1005
5368
8207
9056
2677
406
6586
8524
8490
6418
9021
9362
9439
4907
9984
9259
2027
7691
9068
6422
3153
7742
2010
147
8804
6291
7650
4386
2499
9299
919
8291
3780
8780
7963
6642
8591
6705
824
3081
8995
4445
6188
3035
5614
3631
6964
5493
8435
2876
9516
1341
5902
5526
7490
6512
2834
1596
260
7745
4331
8308
9484
2073
5250
4981
8791
2118
6398
7631
128
3237
1931
3497
9612
8570
7368
4524
5338
4317
8367
3964
5283
2878
3890
1302
391
7462
5330
9779
2547
1266
6411
9353
3727
2165
5393
7692
8974
7285
4427
2031
8289
9025
3899
672
2195
7391
8384
5949
8019
2713
2426
7772
3289
5998
9178
5496
5306
4101
4742
3985
4868
7039
2907
748
6229
5690
9969
8725
3624
6686
2965
3621
4888
4026
6741
770
5057
5680
2698
4137
898
8506
684
2712
3794
5404
1344
7604
1044
9748
8747
5735
2413
1658
1007
8299
7486
7256
9099
8688
9788
5980
47
7498
1253
6264
6041
4693
169
4895
6669
8226
8399
3636
943
490
4242
1616
1267
4048
2503
522
8952
4983
1624
2333
9809
7448
208
2737
5790
9702
9947
1034
9660
6888
8079
199
6578
7930
4260
5333
111
3769
6067
8669
9940
2069
8798
454
118
7142
9437
4130
500
1536
4177
3885
6313
3126
3163
978
2284
3758
1182
7825
6480
9712
2231
4537
3903
669
589
5105
5950
5721
1228
8278
5414
3829
2801
5621
9027
135
767
1823
1217
9623
9256
6028
5961
6937
8086
6703
443
9988
6610
2865
668
8106
8742
6927
291
7493
2428
6507
3308
4452
2307
1025
2164
1414
1385
9202
8734
7269
3545
8788
4773
1742
1797
7074
7990
8686
2981
252
2464
6490
5153
8579
576
4561
7482
1029
8825
4086
7363
195
907
8839
1591
2425
1395
1696
4982
7030
5924
8273
6302
3938
1135
7428
3955
201
868
1835
6019
3284
7051
5969
3913
7904
8879
8071
5522
2654
3550
4944
3431
3106
5658
6007
9428
8257
5589
2992
5392
424
163
3803
5088
8875
2754
3517
7408
8000
1196
860
1124
9190
2248
5840
7627
7527
2910
45
4727
2032
4425
4765
3209
9547
1032
6230
8519
8056
3556
5922
7214
5382
8240
5242
4621
5019
6278
608
6672
5659
6890
9312
3055
502
9121
9261
3435
8810
3097
1963
4172
4588
3348
5538
6881
1279
9241
2668
5931
622
548
9678
6279
4416
9765
9168
2971
7283
7635
7794
439
1140
630
8794
6544
7226
2925
3224
9514
2139
6245
9585
795
4319
5674
6386
614
5286
8215
8630
8551
8203
5550
9051
9592
1754
4777
8988
5445
7555
3515
7192
4933
5914
6070
8626
6844
3485
641
3477
7976
3934
2083
9029
1852
446
9564
2322
4541
9464
3230
2678
1304
8064
166
7111
1802
9962
715
8320
1334
9556
194
3997
4731
9824
4229
4158
9886
5850
6607
2851
8481
2956
7634
2812
1740
6481
3415
2924
6953
6212
9929
9747
1405
721
12
8360
2772
2824
9127
1415
7259
2526
9922
6201
6827
610
6379
2287
309
6727
2807
6325
2067
9469
2518
1986
8946
1107
9326
5513
1434
4298
8893
6746
1209
1711
1152
2240
61
1423
3480
5624
6999
2671
349
7245
3171
116
8272
709
1788
6283
7469
5287
1795
3865
2449
6594
5322
9264
5230
6499
6582
892
8475
8370
4447
9499
7697
8212
8295
3569
5580
8072
4491
2179
9753
8657
1086
2988
6072
6609
2877
6889
728
7835
871
6867
6815
8812
1949
3451
6760
3473
3743
4153
7383
8422
5716
348
6634
2476
5932
5113
1288
7351
8349
4363
1085
8924
9976
8052
2682
9528
4716
9475
7553
3782
9443
8127
3413
7594
8471
2861
9153
5520
4632
9368
5990
2330
7988
2446
9147
8232
3202
6453
4824
2815
4017
3265
7959
4672
955
1923
1733
6566
7158
4041
594
6445
5662
6679
3656
6957
2718
5385
2872
6446
5604
8444
8803
1563
6994
7020
9084
4154
6791
3710
9634
1451
1895
6735
7819
904
762
697
1907
7251
3458
3520
1965
4273
1501
8377
882
944
803
7146
6993
2453
4149
5419
4311
5521
3251
21
667
346
8680
3584
438
2405
4189
6826
4946
5507
7754
2213
7255
9244
8239
7332
9773
5485
2645
2615
2029
9255
7449
9476
4813
9435
2548
6404
7648
598
9534
9996
7933
4998
2970
2959
3142
7513
3154
8297
5261
9597
8640
4699
6104
5428
8429
470
4528
9677
6959
7881
6904
6091
8925
7739
4407
6079
60
5197
4196
7716
3017
229
1483
377
5681
9421
9622
4327
59
6859
3454
2905
9625
6135
7724
8539
5869
6266
9526
1614
5492
2116
1220
4138
4707
857
4063
918
5470
1062
6184
966
5959
2230
3821
8662
6748
222
4442
5917
5095
9204
7811
4374
7852
3020
4267
9158
2945
301
3053
5824
2533
4531
6108
9419
5585
6385
6233
9242
3932
1834
1698
6514
1580
9515
5110
3805
736
58
4318
6074
5315
6215
2097
8801
8076
9853
4171
1730
8302
1587
3777
3648
3561
3761
6822
9840
4043
5697
8661
9525
8008
6535
5418
4637
7636
4047
9661
4639
6390
4522
9906
4761
1996
258
5032
5728
8285
5091
1180
3605
2651
6719
6909
327
9446
3948
3383
5157
5221
2702
5296
6716
2966
940
5536
3703
865
875
5388
9049
5133
3149
2163
374
1814
7280
7839
6247
1368
9081
6835
5937
692
3018
6319
7862
1436
4230
3412
3817
7803
7110
1097
8561
3068
4119
537
9812
3023
8842
7139
4698
1074
6527
4182
9651
9649
5960
8643
9742
253
3680
8214
9390
5216
7675
2921
4469
4579
4082
7554
7598
242
5369
1255
1134
5395
1345
2408
2969
8344
9138
1519
9523
5508
8195
7565
3996
5085
9474
5478
3262
651
1311
3961
8318
7844
2797
1207
1777
9059
6809
8921
3737
4422
1928
899
1177
410
8120
38
4439
5122
8809
5188
2060
6528
5703
4965
781
5628
2142
3620
5500
9012
9386
413
8373
7996
7081
5136
7725
6975
3541
7889
4700
2983
1807
3478
304
9511
5948
6612
3880
4134
1673
2278
7420
7321
8441
5618
8241
7813
4285
3276
7189
5281
1383
6377
4211
836
1994
297
7796
4607
2843
4745
3434
9562
3214
6253
9642
925
4127
7312
4397
323
6894
1504
7242
8171
4673
6241
8194
3637
5562
7296
76
3922
2366
2016
5797
4566
3468
6873
8341
3296
1539
8797
6587
7456
2068
3815
6096
3366
2574
8465
9964
5472
8930
5093
8758
2771
766
4949
1418
1222
9606
7774
5836
9644
7749
7240
5211
6231
1510
1610
8577
7855
3287
6677
8869
1121
5220
9849
5815
2226
2128
6617
3962
4549
9705
479
4306
3127
4581
2870
2919
638
6234
2994
8121
6267
6824
6541
3135
9246
5231
350
4421
1758
8166
5846
5402
7347
1679
1809
9901
1756
2052
5569
4641
7169
395
3089
7666
6511
3579
6055
2277
8571
1593
4915
9279
2563
4276
7154
5141
1761
7477
2663
9512
8202
8904
531
2486
7003
5859
5881
5974
664
293
811
5354
4226
9544
4609
1864
3981
3184
1402
3508
5097
5379
3538
1324
4791
5062
5582
4203
1354
8835
5898
6145
6200
633
8755
8753
3562
1466
3199
1913
4067
8592
114
6133
1242
2238
2355
6350
4557
2050
2030
1605
842
4973
586
8035
8656
908
6818
8437
6053
2156
9063
5187
4728
5568
3441
9798
7466
7181
8910
1684
277
4605
7489
8558
6372
8829
2243
6048
6324
8583
2599
8403
223
7279
8818
8690
3158
3791
8323
3216
353
7206
9966
4265
9842
1701
2368
1888
1670
1559
7662
3837
6024
9669
9290
4740
3801
6539
1374
3976
1079
9529
3612
9347
8487
8720
1601
9549
5849
4176
859
5607
1513
3775
5510
7905
1028
5013
8381
3094
7571
2272
9854
447
5953
3744
8009
5839
6749
2212
6534
7817
3542
796
2741
7887
965
4384
3728
719
411
1495
2579
1672
8128
701
3204
1757
6321
4483
934
6673
366
2478
4350
528
6882
9939
4675
6813
3197
5400
6774
7427
7616
1528
275
6092
491
9093
9884
2823
4997
6571
8096
2591
867
4781
3274
2719
9543
6078
4352
3272
6307
6896
3973
9077
7411
3428
8532
920
5011
6098
2345
5769
9111
3618
1850
5241
8336
7384
7579
8985
8648
7677
197
3028
8824
542
224
806
615
5873
6891
7987
4103
8191
8705
1314
562
9680
5309
6870
8087
4292
1239
3187
6140
2707
4145
8163
7681
3326
7358
3472
9619
2634
7857
3027
6621
8647
6061
7536
1278
1009
1431
2305
923
3963
4035
2556
1249
8220
9210
8078
5295
393
8450
5334
1201
8620
3208
2375
5613
4314
7417
3363
791
3558
3172
5164
888
6506
8492
6076
8998
2985
3315
4643
4653
1526
9956
887
4492
4817
57
8111
7652
7289
5723
7229
4030
822
305
2071
1938
4161
2009
6433
2237
8303
6631
3629
1008
2012
8980
8423
504
5036
2871
9823
5412
7405
2313
575
7018
1512
7602
7727
4859
1068
851
9285
4162
7416
5303
1666
6554
9858
7956
5341
3643
5591
5090
3016
3671
5639
3122
8965
5856
7180
4305
6161
4794
6380
5374
2855
5683
1178
4972
843
372
1046
2070
4510
8484
4231
2256
6510
4480
6459
9458
5005
1473
942
8074
9001
7851
5240
3305
8671
1811
5665
6473
1449
1585
7182
6429
9916
5600
6991
104
1401
4668
2880
6605
9008
9828
4129
8929
1101
1117
2132
1098
9611
7483
3493
913
8943
4652
7409
5992
7197
9346
1817
1724
3830
1012
6186
3113
6811
1171
2490
1252
1995
3001
7758
8598
5027
9143
7084
9096
7004
5833
9749
3553
8027
5779
126
9814
8023
6548
5266
8632
2411
8369
4872
9920
4603
4462
8145
8537
8914
4667
7307
7141
9270
5213
5725
4567
282
4599
1191
6939
4713
6146
6505
480
3729
3998
6171
9215
7175
9930
3771
3211
1509
4741
532
946
9144
88
2315
953
7421
569
6487
4572
814
4364
8872
3746
4340
9156
9717
6471
2003
8901
9408
3406
3954
7826
2818
3340
3842
8941
1295
2542
145
4376
3673
4850
5514
2725
717
6887
7687
3256
2056
6363
9861
93
9035
8284
529
193
6945
5791
3
7318
7454
4281
8670
5694
9039
9786
6294
4473
8234
8254
9821
979
1390
6251
8948
2916
2370
3776
9468
6951
6226
9784
3382
9161
855
5707
1378
7512
7246
4375
1149
6059
512
2270
66
7043
1665
5855
6239
4405
7740
4059
5826
6405
7406
98
573
1000
9070
3255
8311
3869
1678
9908
2386
9250
115
4804
4828
8975
9852
85
3378
8115
9356
