8247
5374
9495
2814
8352
3847
4704
3730
8987
5538
8930
1967
2192
7393
3865
4150
9525
402
8362
3579
2196
757
9381
681
9332
3248
1337
484
9208
2075
9302
1632
9385
5620
845
4984
1499
6602
4029
9251
4664
6549
3591
754
8009
7657
1743
5246
2225
4789
84
4723
6851
4938
1751
6097
7644
731
2880
2129
844
4583
2217
5722
3182
9682
4832
9784
4849
5283
1139
6554
6843
7998
1768
5295
2799
625
3770
8033
5729
5065
7755
2145
8070
9263
8742
6101
7222
3324
4808
29
666
6605
7409
3570
8258
2035
8519
7465
7012
5135
3508
3020
1254
4351
9064
6706
2792
5434
871
8002
4143
9141
7196
8704
2895
6350
1693
3046
2681
3766
7478
6821
6720
4332
1869
2115
9273
1953
1566
3113
5367
661
3780
6043
2546
6621
9023
596
2798
5603
8214
6729
4321
658
573
7953
7637
2173
9871
8514
7606
1367
4246
397
7225
8621
9926
5522
2362
7746
6649
1567
7828
6944
9232
8574
5423
5824
2000
6969
6211
1989
4351
229
6227
5199
4267
1078
4848
7773
6149
6647
8780
4984
8674
293
7948
2250
777
5577
5503
40
2456
1305
6307
8554
6646
7660
1742
9426
5659
8404
6077
3922
3408
4801
4383
183
7038
1832
7678
89
5897
5001
2927
3760
1105
2019
9724
9950
8140
5946
2748
3226
6142
107
2911
4067
920
89
8943
8975
6593
7451
9586
5101
2316
7293
469
8647
5577
589
5039
160
6560
9741
7948
5938
8455
8072
2886
3075
2455
5382
2231
5212
5107
285
6623
3015
8016
4733
6052
8298
1337
5221
3516
7275
6605
6059
9096
1672
3396
4864
213
6034
241
653
1227
3230
1151
3042
7516
3633
6598
1704
9772
8634
6768
9444
2634
1287
3312
6467
8396
4958
8018
5401
9512
9159
8226
4749
3025
9989
3282
8327
9580
9739
3465
3417
557
5234
2655
7389
4663
7325
4441
543
4293
8249
2876
6330
743
5495
2853
598
9345
3142
8100
779
5466
4994
9251
3487
7038
283
3293
198
7577
7511
5616
4142
2313
9565
3537
1131
2249
8721
4273
2418
8951
9770
1071
4722
3317
5304
7665
7359
8200
1770
8821
7350
9170
1502
2476
564
5172
731
8387
7017
2322
5302
2202
539
8029
9049
1387
2187
7565
3837
9988
1138
8127
741
1344
943
175
919
3921
5149
2320
854
3305
9628
5261
2375
5372
1333
201
6520
317
2341
4591
1214
3161
2290
3894
3412
9639
1009
3143
7902
8169
2715
2864
9144
5968
2562
6100
1504
5811
5639
3670
8453
803
5795
2349
3741
7346
846
9717
488
1683
8382
3284
4629
8092
5125
7100
1632
1281
5907
435
6118
1864
2845
640
5812
5674
5536
8967
8164
7801
486
1325
8836
6888
787
610
9689
1872
4327
1674
2645
5197
6618
9432
4202
8003
6629
3259
7008
3312
9490
615
3906
8489
4187
8575
571
7893
620
1090
9680
6601
2441
4569
9833
5528
4256
641
5122
9326
962
4598
4096
9097
2818
5773
6271
524
1838
6622
2096
3730
2669
1005
3578
8482
9244
4164
1413
1117
4809
7216
9519
7845
8953
5124
3775
9702
7135
2939
1714
6819
7924
1275
2666
7115
825
4584
7657
7916
2013
5423
9045
342
2542
8354
6940
8825
2717
253
4008
5158
9865
8968
6859
7568
5217
9638
4675
2065
1205
9423
2992
3917
8517
3069
1663
4538
3889
8534
6175
3611
6866
6397
6324
7501
6008
7506
6271
2919
3765
4260
2461
2006
6875
7861
3138
2489
9720
1702
468
3859
2867
905
1335
7443
6427
517
4041
5894
8413
5352
5177
261
2632
8356
8767
8446
6832
9693
7639
4969
2191
6278
8824
8427
4967
6956
8517
9980
5198
1538
3407
9899
2021
1638
1234
906
1533
6046
6326
3805
3533
9451
6253
2102
886
8121
9730
6039
7375
3154
4248
3750
644
5073
7613
2552
9252
9446
7303
5298
9632
7093
2285
3787
9465
7803
904
3189
4829
568
9797
6400
5690
8220
9187
6796
8229
8159
3564
5240
6327
9037
9167
1451
3424
1991
3050
2268
9340
258
4947
9294
9716
8600
3402
735
1961
2535
4278
1489
389
386
827
2925
7910
6477
7221
7380
982
6504
8514
1710
1498
7138
1030
1085
147
846
7202
8653
8006
2068
9297
214
1778
4919
2747
3449
5441
9431
1712
90
540
2787
759
1610
3703
7962
1372
6409
1135
5254
5443
7739
5877
1482
6664
5209
823
8090
1525
6137
3551
4154
2523
4001
7385
5445
4832
2207
6944
1161
1019
7429
2131
1980
8748
342
3251
8440
6735
4051
4533
2045
9267
3462
8715
4386
7400
6768
7578
9077
9834
3409
5836
8255
8400
2648
9561
1059
4583
174
5058
577
7921
9609
6708
1485
4711
3031
9962
1009
583
8808
4970
8368
580
7432
1660
3565
1570
3274
7034
1218
3948
1748
5444
3620
7894
1400
7125
7195
4143
154
9913
8079
7815
4459
9642
298
3951
3253
5193
9808
5723
5850
7502
6913
891
3304
6503
2159
2724
786
3750
7679
1898
90
6339
7134
8887
5941
5965
1417
2740
8527
2292
4128
9226
2689
1688
2410
314
5241
5655
2646
6808
1708
5274
6073
9870
7468
5853
4427
6992
1109
3775
4067
7533
7741
9486
741
2352
9193
4598
5163
4936
4713
7894
7883
951
4226
3841
956
7941
9763
1581
5904
1021
9536
5900
3597
8934
3835
544
3912
3053
8721
4261
5614
6035
8569
7467
4540
1857
6577
7343
3136
3704
4757
5204
9089
74
2160
7399
935
5120
2704
9439
6041
6573
8866
1455
5757
8514
7589
1234
3021
19
4515
9116
3217
31
3678
2287
8335
9551
7336
6297
6728
6714
1627
9486
5032
1921
3377
9789
8450
6992
9861
9459
7870
5831
2379
6137
4999
2241
5184
3169
1119
4130
3523
6310
3342
8398
6210
320
1776
517
7010
5353
1240
8871
2674
5702
2598
2951
528
63
204
8845
2645
6546
5475
9262
3698
7706
5986
3272
7712
5742
3751
8673
5318
2932
3426
6088
3509
3168
3703
1351
1598
7137
691
9795
3330
9971
4023
7841
4841
1709
6431
4720
3977
2938
8397
859
8196
5879
5764
3459
8889
355
593
6577
6892
2816
1930
2831
3194
4896
4247
1223
8477
882
5362
8421
1359
9430
3939
7722
1926
4807
5981
4300
2420
4881
7120
6879
2542
6507
8142
5789
841
540
1877
7612
4102
9706
384
9941
6270
3087
2569
18
5308
1003
6129
1770
9885
8833
5134
5898
818
2326
7026
6066
7214
384
3999
5968
8855
7786
3212
5959
5236
1395
4998
9798
8324
1295
8229
1741
1038
7700
8007
8944
3022
1464
3681
4153
1436
4919
8501
7700
5514
2256
3984
1733
3235
5102
8050
1393
8953
8498
3049
9512
2818
5249
1954
9066
6820
5723
8608
8211
5592
5773
5540
1015
8511
5796
426
9342
1839
7127
559
8643
8687
794
1902
1757
7854
6848
1624
549
9872
3224
7362
7646
9467
3772
8121
2579
9646
3468
2603
6804
2487
3400
4585
185
978
3821
6274
2568
7000
6448
1678
949
1826
6948
8896
2818
2960
7293
7447
5306
7167
1971
573
2538
2165
2543
3410
9303
2606
3516
2290
6
5565
1605
9147
766
3478
2361
7641
2166
2991
6725
7203
3372
7941
5693
6526
3484
8928
5871
3837
8401
5605
2533
4435
1751
7668
7344
6660
8379
4186
2846
8388
5938
890
1866
9766
7114
8572
120
3958
4910
5024
7141
2794
4197
1865
7969
6596
901
3659
8884
2407
9319
8339
3380
365
9657
8017
386
9192
7389
7761
3643
2404
7292
5490
9705
5944
3068
5295
262
1933
1998
5093
1185
3944
5461
746
8771
2313
9158
3819
1598
5226
1722
5693
1779
6556
606
3189
421
2651
7227
36
8783
5202
7719
9540
7678
9278
4575
4393
365
7296
123
9181
7313
4092
7491
9683
5906
6078
9030
8875
4594
5875
2047
7724
4924
8593
7840
1868
5022
770
3733
8736
8200
4620
1718
5136
539
1012
4923
9713
3531
963
4291
4291
261
3406
5289
1659
5413
5565
6118
8759
9173
7615
4446
1558
4622
1124
4307
2169
4699
7330
1439
9403
8250
2086
4785
9674
9361
7704
5925
4641
7685
9137
9406
6504
5462
7328
4823
7328
72
158
837
7051
4492
9364
188
8954
8675
4110
9472
8030
2375
8315
9403
9939
5267
2589
1224
6265
1825
2438
8602
9417
5644
4454
5745
1364
1686
9661
3404
3354
9855
4401
4684
4151
6774
8528
6874
5443
593
3517
8909
9908
7132
300
7290
1135
8058
9803
8816
8215
3706
9488
1731
2339
9398
5278
7670
7832
1724
2907
3257
7486
1413
5024
2056
1885
7566
1315
8751
4957
4095
3247
4247
1274
3696
1508
2412
5276
8900
9064
4019
8703
3729
6467
9220
8970
3151
4186
848
3827
4710
5227
6073
2417
2756
1715
5244
1358
6095
4390
8721
6096
5865
622
8660
5538
8815
2643
765
6375
720
1803
2715
1547
903
6084
3447
7634
1262
8071
246
5200
7744
240
9298
2442
9591
4466
9338
3641
9255
9616
8260
8596
9353
4121
4363
7671
9752
5883
4997
3414
7889
7922
3613
8483
8785
2249
6986
6943
7430
2117
5971
6398
432
1536
8808
5258
1097
5630
2141
6306
5420
4114
2747
6985
5963
350
6878
3229
6479
6999
7056
3335
9044
7183
284
3632
1106
6591
9305
169
8183
9835
7462
6726
9944
1895
3455
999
4708
7064
7184
4642
7353
3481
4380
4687
4435
9600
2859
2453
2199
1702
3433
7906
6252
4043
178
7794
6308
889
8861
57
8148
1158
5064
2197
2665
6426
4149
5261
9314
39
1681
2628
4287
194
6514
2159
3121
276
5777
161
100
1807
4838
2794
8184
9355
9575
5116
7645
8349
6694
7556
8814
3448
5921
9403
4758
7730
8401
1503
3456
346
2996
8298
4558
1276
3941
9951
711
2927
7805
3921
6622
111
5583
6221
97
2590
5818
4302
7053
597
5202
4783
6542
8011
7546
7136
9790
8484
4141
6714
6433
5393
5581
3213
9625
5181
9251
5576
3678
1194
4181
4560
9180
9
984
2240
5538
113
5837
8756
7282
1502
6653
9528
7711
7193
480
8997
4715
2441
7274
8314
989
1455
978
9639
5762
3506
9635
7662
6714
5345
5852
5948
5169
1896
2781
271
4586
2214
9474
5350
1479
4560
8737
3006
820
9147
2132
7660
4782
609
7152
2122
9585
5655
4826
770
897
8924
598
7568
5439
7441
424
2599
6592
5774
4971
7806
8279
5344
7286
2818
1024
5341
6372
6956
4092
927
4015
3726
9333
5956
8797
8921
7390
6129
7426
4215
6514
6734
7003
955
1550
8754
7768
5363
4152
2333
8646
4921
2934
4684
5548
8826
9298
330
5390
5634
2221
2787
8948
1486
4223
7315
6851
3569
2039
9129
2746
2748
8755
1836
2918
1619
6660
7747
3555
2632
596
3816
4855
495
1713
9785
84
6099
9184
9593
624
1621
1787
1585
6944
8131
9706
6414
9573
9262
7731
9044
1364
9679
9330
2528
9392
9246
3441
5999
4189
8908
5942
5606
9363
6155
1479
1688
5618
6547
3559
4386
3907
9166
8853
6191
662
3898
1746
2408
304
7011
6245
8918
1572
6991
9827
7061
995
6074
3009
1983
124
9061
1830
6933
9796
5955
8173
7961
8535
2255
9863
7061
8266
4289
5142
3681
5966
4214
1797
2422
2705
3631
9907
5
8149
8374
7244
6157
7430
574
5355
6240
5439
462
4955
7790
866
9757
9556
3302
6140
9656
7118
8565
5150
14
7388
7120
379
5471
9205
3863
9133
5728
2675
9524
5780
9937
4940
7450
7150
5687
2709
1380
3628
9317
8574
526
3713
7952
5561
1042
8500
1461
6327
377
323
3533
5921
7707
5245
4241
6322
5401
233
1743
3990
9182
3118
2243
6297
9991
5417
1417
1731
3664
2435
1439
4559
6966
4274
9552
958
8385
6438
9619
4577
1653
2887
7602
9692
6452
980
118
7355
7145
7829
3573
1256
5434
3501
438
7193
9507
6446
942
8881
5628
2641
5956
7997
2887
2925
7484
778
9188
7492
673
9412
5617
4938
825
7352
300
7707
7956
8651
3703
2191
7971
2913
3892
6918
1630
2872
3923
3171
4866
1963
9139
4143
5753
3858
3512
5505
7943
599
3443
4271
1711
6807
5940
833
267
6845
8844
6341
7729
2744
2019
232
917
7610
3807
9871
3737
2256
1246
6355
8347
75
5594
5953
6983
1774
9964
4988
2984
2223
128
4960
6039
2451
1829
310
6433
1671
265
639
7787
3844
3127
9138
9441
7076
934
8728
1442
8005
973
4262
4706
6591
6510
4330
586
6966
5736
770
8586
8446
7257
7066
4948
5324
4641
2676
4040
8371
7879
1775
5678
7650
9509
8143
7995
4666
1478
8425
4332
9832
5466
4575
5119
8350
8664
7722
280
5875
6531
6103
2290
4718
3722
1750
4609
3137
9536
3661
2903
5471
2866
8619
980
7024
779
3910
9389
4152
461
5705
6736
754
2627
7652
8961
511
1195
111
2115
449
624
1807
9233
5484
6156
9842
84
6896
9823
9220
51
1278
6563
457
7023
4687
8441
2624
3873
3472
4671
3242
433
4194
7151
6277
1930
5181
1152
667
143
8233
7725
7310
3819
301
5270
6060
8229
1382
3635
9643
2990
8715
9112
3461
6198
9148
6408
5102
2223
9800
6018
9995
6269
880
1225
7967
7751
8439
7905
45
56
8750
4722
8710
4972
7747
6330
8049
3065
9520
5665
8641
9419
643
2967
7902
6302
642
2061
9525
5170
7782
1110
6028
7264
2404
1176
4926
4402
2046
9289
6538
7676
9963
1821
7809
4438
3413
3573
300
3673
9567
4269
7104
130
6323
6048
1024
7610
952
8995
3953
5
9555
5165
3674
7108
3961
6022
2245
2572
2331
7907
853
463
278
482
1066
8069
850
7501
9876
4541
5501
9115
8839
1431
433
740
379
7193
7881
7637
6046
6807
9617
5366
8706
2347
1442
4996
3670
5024
9157
5977
8787
3086
4035
2560
7142
6270
5108
2152
3349
3328
3387
9555
5002
4561
6443
6450
2970
8444
2511
4963
1575
6198
9073
9368
9938
2137
8804
852
5384
7058
8488
4465
3427
5996
1457
898
55
4275
914
2427
6179
1800
1398
8358
9184
2608
8575
9827
1370
1443
3943
5776
4582
3867
3178
8933
4511
3443
4779
3406
8113
2840
4688
4864
6763
2676
445
3318
4204
9845
4717
260
171
9564
4054
2192
9947
389
4198
6766
4818
3558
1191
592
4538
1192
8687
8404
3905
7545
2167
3333
2412
9063
1545
7506
5814
5263
2884
1414
529
4644
3137
2438
4093
4635
6430
3
7242
8521
7030
9561
1406
58
1923
1815
1883
4814
3266
1133
7683
3553
7632
4031
2505
7881
9287
8543
6175
1023
787
3051
2762
9283
5229
1284
2336
6258
2494
5356
8702
8989
3812
3212
4121
6000
7865
9554
3822
4493
7402
5619
5308
8377
7108
3471
1651
4786
210
5282
6134
9061
2261
9464
2840
9033
1710
6701
1760
8255
1740
5164
9439
6956
7033
1891
7378
3121
7980
5070
1142
5852
9174
8067
2935
7661
65
8316
3694
8004
257
1704
8973
7742
5864
7258
7048
8872
7107
5993
9893
76
1887
5369
917
1113
3618
3988
4674
6347
4983
7371
2084
9357
106
3532
1565
99
5635
2924
570
1225
8706
8615
2397
6764
2286
2952
2971
7124
2951
1055
6623
8269
7228
4692
1860
6047
6626
245
4709
3430
4924
632
6643
15
6160
1462
3750
3425
2035
1217
8518
5388
3475
16
3250
4685
369
4291
1255
5163
8841
794
6514
9474
7439
8807
1599
869
6024
9176
5912
870
3103
5189
4075
7824
8816
2182
4584
2803
4734
6997
1918
6796
1569
6499
6654
2867
6663
7029
1452
8594
408
4131
5556
9363
2660
7524
7032
332
4282
7958
8115
6336
8720
1589
4571
6715
7407
6722
1683
7850
7598
9792
9941
6787
1000
1860
3099
9653
947
1943
6846
5165
7932
5471
3314
416
2894
4534
5337
2601
729
6339
1212
8106
397
3828
1980
6522
1520
8987
6953
4771
9608
7481
2168
2860
8838
9820
5610
2684
9265
3910
8792
6586
9266
1893
402
8803
3437
2814
7541
8831
12
2048
7428
6707
5358
316
726
7477
5689
3502
1496
669
5833
8709
1051
2717
603
2512
3716
1521
7520
9648
1218
4831
6648
593
8624
6974
700
8366
6881
5242
7900
499
7483
5843
4143
2227
8108
9490
3733
5358
2611
9426
7120
860
9901
9349
6266
4013
900
7979
7309
7417
8149
1668
1250
3064
1893
9037
5226
6514
2927
3283
6060
7123
5982
8851
1285
6196
6190
3007
1965
8728
9004
4980
1916
471
2436
9406
7388
4139
7361
3030
7389
8386
8719
2031
9000
4999
7708
8655
9158
5465
7419
37
1637
5254
2937
4999
7828
488
4975
7979
5608
1167
7512
4598
9918
1925
7021
9171
3550
459
4824
3568
9345
5751
2076
7972
6663
6510
9367
1595
23
9028
328
2217
8464
4735
2983
3332
7124
6079
5792
2012
8030
5513
2747
6953
9927
4422
9254
5694
6048
9321
8332
9184
1995
3967
4585
6632
8257
3980
3997
1448
598
5885
5340
4468
2325
1134
2893
1636
556
7029
1221
60
4081
4308
718
4208
7565
9971
9513
5015
6363
4459
2470
3431
1356
7701
1908
8032
3439
5988
4184
2316
8658
18
2511
482
4090
8771
2776
8492
8975
9106
678
5820
8405
8043
9352
1546
8143
4245
3849
9895
3595
6763
2710
5251
1755
8550
9376
6484
3356
956
1939
2905
6110
3771
1558
8152
4686
4654
5313
1105
5069
6973
5456
2537
5543
3525
5066
6933
8235
5444
1626
5149
7117
6944
5329
6430
2845
2339
2338
1635
2804
9319
5953
6312
4506
5776
8319
459
7203
540
6315
9399
5424
7756
2781
4975
2531
6080
2759
6689
9169
9348
4965
3853
7095
4257
7045
5499
1615
1566
2006
8586
8829
8220
8152
351
1351
9129
1886
1426
1544
3635
7786
679
2730
941
4425
9112
2621
5285
8326
289
1042
5022
8443
2999
158
9206
7195
449
7234
2809
4425
573
687
4199
7360
7266
4642
3962
3513
6077
7670
7212
9795
3370
4044
9687
608
5218
6118
2000
1060
591
9819
2027
4645
5388
5302
5484
8437
1763
5434
3196
6850
721
3538
4880
60
7803
4463
813
1137
6686
7192
6938
5434
9500
1982
4127
8383
4569
1845
6036
5738
6334
2132
4399
9713
4387
4321
8471
7180
346
5532
2575
5216
4069
8687
7389
7691
1226
3135
6756
9409
8973
3644
3521
2383
9923
7786
7880
7395
4505
7904
3575
404
405
2779
1538
3958
9253
6181
1570
3103
2161
692
7214
2683
4758
7646
5452
8533
9765
1146
4479
4245
3596
3846
8984
1664
1968
7013
3941
8943
7920
6496
2561
3021
2722
1787
3712
775
6605
5910
3110
4231
627
3005
2466
5743
3318
8068
3191
4020
9550
7159
1624
7126
968
2985
5340
3113
1306
4363
6141
1187
1777
255
9523
250
5203
4257
790
1702
7167
9156
5809
8911
9971
9850
5405
2048
7964
3445
9844
6713
1746
4348
4743
7395
8045
3543
6514
4977
4385
2282
4314
1370
7962
8154
9068
5129
2744
158
3486
7096
6434
8538
161
7850
557
1386
4380
2768
7854
8913
3726
3662
4715
8830
6460
4744
842
6011
1459
4985
331
7683
1610
7207
4855
5802
7787
3078
1897
1512
7556
8132
7428
5300
9867
4008
7254
5632
2849
2107
8828
3892
308
9207
2532
2305
4634
5935
6445
2923
3317
7146
1883
6962
6215
2469
7766
3363
1982
3668
2257
3470
6807
3583
8187
1951
9551
2231
7282
1873
3146
8822
5228
9423
3485
584
2012
8564
9887
7741
9140
3800
9257
4358
8445
5495
8866
9265
7806
3692
9797
3630
2537
3821
4462
4348
3108
164
1514
3203
5492
2561
6292
7592
2425
1879
8990
1823
3411
2101
7196
4564
7358
1880
5169
5648
4465
1124
234
8334
3830
7382
193
3959
2540
2719
7152
3767
8557
2573
3229
4004
25
3416
5252
6276
1170
6677
4653
5860
8807
3512
1588
7541
1502
7925
6845
4478
2022
2959
9267
606
3049
4412
7006
5860
4482
5785
2093
7430
644
1191
7663
718
5380
3823
9856
2526
4304
4179
2674
1169
4726
5811
484
2255
7974
828
348
1047
5388
7082
415
2408
2447
2072
7492
2704
1124
2755
1480
1321
1182
4083
2422
6964
7366
2833
8566
4857
8643
9277
9545
5061
9846
3503
5100
903
8883
268
3180
7667
9613
1128
2661
7848
749
1725
8532
9733
8560
2371
6917
7868
326
7086
630
5286
5697
2682
435
2731
6709
8933
8470
5452
1198
3050
345
6280
2010
6727
8508
275
1616
5383
8577
1479
94
4626
7765
6374
6744
4773
4271
2368
7920
7989
6278
9139
8915
5869
9662
7754
7069
6930
9492
135
3203
8755
4023
1598
7190
7638
6036
7871
6405
7945
1332
7328
1731
9917
2714
4289
1548
5242
1344
1643
1989
8667
8699
6784
2853
7977
7917
9486
9640
9875
2874
9321
6492
5140
4127
9729
1623
3701
4197
2544
3964
1837
7319
2373
7817
5426
2202
2907
8415
7784
3245
3573
5866
3434
336
4016
9192
2493
9020
1790
5357
4690
5435
9992
4291
1896
7888
3355
2768
286
8771
8307
5926
8796
3812
3226
9373
3358
8410
8008
6937
8999
6212
5691
2205
7575
8723
3591
3479
8983
9516
3987
6998
4058
5450
4776
290
9090
5966
7850
590
5454
4629
7954
252
8029
698
8469
8309
9279
1057
7963
1922
70
8297
2330
3952
3209
8805
7993
354
1335
586
8115
3932
9802
1649
564
9114
835
7271
7228
2689
444
5167
3973
8946
3547
2834
4856
5557
1307
3267
6799
3895
4968
320
4661
8514
7714
2359
6525
4727
3693
8759
1906
6174
4009
3678
6624
1804
3879
1525
672
5247
9591
6504
4954
42
8282
8382
3855
2385
7710
2796
6034
5021
4625
4871
3434
190
820
265
7458
7599
9354
7515
8500
842
9931
491
448
4774
3603
7229
2849
2037
2296
4919
9498
1278
5216
3461
513
817
6923
6731
4281
4506
8292
2128
2934
341
1906
9444
4763
8119
6707
8247
730
6432
1007
8707
858
4428
964
2085
5203
1048
6278
8117
3265
3282
9019
4359
8252
7506
9306
7028
8757
8110
771
214
6665
1079
8156
4794
3843
5061
3192
6728
4358
2776
8778
4216
6432
1176
4798
7105
8652
3934
2588
3162
3157
3658
614
23
7311
540
8387
8678
2462
9789
1676
4802
7341
1291
2913
1734
9469
5783
2370
3987
3235
6617
4394
7135
3777
157
2349
7649
6696
9038
8321
1258
77
4238
1889
5013
7411
7722
4218
2723
1434
1891
86
4132
9636
2113
2945
1354
4990
3313
6652
4812
906
9612
3788
9011
9763
7138
7412
119
5499
6762
550
167
4585
5438
9391
8030
8818
8165
6305
6463
8991
3899
6139
4733
9994
498
6366
7948
627
6889
1976
9697
7804
1094
7168
6713
5853
7112
1556
3598
933
1603
9237
8951
7539
9332
3097
6047
1052
349
3617
2427
1652
6629
4420
4763
5330
4323
2198
5494
8931
89
2774
1257
940
6320
4602
261
5279
3951
8892
6770
791
1759
853
6643
5468
5527
1278
5648
2991
133
9371
9304
6167
9885
965
4647
33
9514
3472
8807
334
1049
9056
4670
3275
2678
5968
355
7915
7353
5952
6091
7124
5412
5761
6444
6780
6860
8161
7378
8722
1290
9875
2976
5340
9861
2507
8880
3468
3063
4107
6561
4963
8107
4855
3329
238
9800
3783
8215
9757
7277
957
6286
8023
2198
5801
7819
2269
4721
9259
7592
6242
8673
41
2398
2199
5160
6611
7002
4129
2241
8133
7584
3195
421
1559
8353
6628
8817
5934
23
2411
2326
8792
7906
6478
3632
5285
3729
116
962
3790
5914
3865
6256
2016
2088
2382
4612
1930
4957
910
5449
1004
403
5653
2681
6026
1811
9407
4168
5129
1735
914
194
1924
9354
6114
305
7410
2626
7251
1265
8558
7757
2410
1522
3954
7684
4270
551
5640
5649
2605
8770
7676
9856
1862
9283
7023
9689
6400
5095
7149
545
9138
2160
8590
7695
1532
4490
633
2288
9969
5506
354
1979
7147
6070
6874
9786
6562
1633
6954
6536
10
5395
8859
867
2841
3881
7246
7983
3250
1028
9002
3545
9165
2447
7899
8882
3080
4137
2979
3413
2751
863
4226
4143
257
6546
6494
6821
5580
8669
9523
2578
3966
2049
6348
3406
4256
1624
2748
4867
7136
1180
3566
9488
1082
3186
1435
8656
9657
7964
946
5769
60
8636
5151
6230
2196
5560
4250
8560
1337
719
6870
9418
9847
4571
8875
9745
8856
5042
6595
7545
1839
6826
4900
9725
5829
6344
4632
7408
9483
7527
7469
2546
3676
4235
9376
4083
4367
5495
4052
8395
7928
3603
7327
1335
4177
9586
268
8287
4319
9672
3720
9692
9588
2632
2980
7387
2305
7982
901
3001
7714
4985
7960
3918
8097
3173
909
7172
9218
5905
705
7619
1972
7842
5071
9753
9397
934
1956
681
4805
6594
5293
6940
9747
9458
7700
1876
789
1056
3619
3275
5144
8104
8421
193
4090
8333
557
2996
5453
2822
8656
6440
6428
6323
523
6729
7748
8637
8840
2920
8745
7849
4396
7760
1618
7000
6678
9930
6304
2646
1299
2104
8752
4810
1173
370
8848
8780
4217
6618
8659
890
5264
7146
5563
5720
501
3309
1230
3033
1446
3379
2415
2372
9335
3962
9110
2331
5439
4824
9426
6010
3276
5999
1360
7368
1723
7656
2699
8712
483
4496
3112
6185
4479
7067
8029
5318
7511
2459
7568
9250
5035
1732
2904
4820
3839
7328
5674
5182
114
3820
3138
977
7148
7801
6860
1758
2802
214
4189
3377
9000
8566
4438
4397
1652
4467
735
5321
5441
8771
6398
6052
4886
6159
6536
9429
7887
2583
911
5235
6324
4505
1631
2328
3436
1308
4288
4683
47
1001
9264
4687
3199
8312
2216
447
3775
542
2947
1467
2385
5887
8851
9160
2497
6141
2410
3167
9296
3560
8875
1087
7380
1313
8410
7375
5918
1629
1985
7660
9638
1532
6450
8397
2822
802
1551
6978
4866
8764
7853
7343
2816
5522
3561
6050
1300
9613
2060
8334
4106
8492
3665
5016
9170
3961
1036
9722
1199
4995
4225
1171
3126
4585
2836
6849
6117
1910
4283
3997
9029
841
699
1550
6496
1958
3201
8736
3200
8899
7975
7093
5387
9825
6189
7950
432
7604
8290
2327
3275
8317
9224
9683
4529
939
6348
7199
3095
3696
4847
6993
7529
4582
4894
3562
4674
7435
5955
9909
9567
748
8332
4890
840
5848
4243
8471
6127
9201
4488
3885
3144
9786
1221
6887
3480
634
1519
4941
7354
9310
650
9490
7361
6432
7572
4272
1560
7862
4995
9544
1385
7110
8288
7910
1532
7656
414
906
5916
1594
6880
9628
6993
38
9169
3681
3150
2565
7179
5927
1854
5494
9280
3489
310
5150
9383
9617
6248
294
5575
9969
7069
62
6393
455
9249
3404
8345
8302
7531
9054
7587
1829
4313
507
2984
2984
4321
6659
8618
9466
7041
3582
2452
9269
8919
6228
4527
6142
1226
5027
3252
3942
1310
8882
6642
183
5229
3689
93
1288
9937
6071
9416
901
7816
129
1013
4059
2649
4104
574
4061
4424
8507
5090
1354
6065
69
7061
9128
6394
2526
7854
4238
5194
7546
79
547
1970
1006
8430
1538
4018
5725
3072
133
4426
5337
5588
1555
8273
3671
5039
6106
5226
8525
3452
379
1939
2171
9102
5754
3802
8867
1457
9743
9821
6720
5630
5641
6678
7367
9452
6667
67
1874
4122
9108
2164
4965
113
2509
2
5277
7480
9343
8307
198
3391
1565
5274
1650
814
5755
9743
615
5431
9894
9691
7402
681
9750
1518
2737
344
2071
8200
625
3699
6399
3464
7610
7399
8288
5811
820
646
3678
9071
600
7762
9624
6596
4621
6296
1551
5774
2587
902
3351
4134
6356
388
8953
1201
4090
3470
8979
5263
528
42
9614
9038
3725
3023
9188
1191
8498
1327
7031
552
4053
9952
188
1226
3488
460
286
7413
1265
4224
1687
545
5735
9589
4408
6299
7252
7609
2488
1515
7711
2548
9457
7009
6808
4735
1823
8428
6459
1761
6119
1687
3387
3943
5902
7798
4233
4943
4065
5266
8206
1082
8022
5215
2426
4479
2131
1163
9266
4315
1749
3250
3503
2708
505
8805
3022
6031
3611
3620
5609
6183
8820
3562
7562
9664
6523
3079
7373
5735
2772
2404
9241
1577
2038
2900
6041
5198
8847
349
1918
1777
7141
3233
9815
6934
7291
3193
6742
5398
9430
1414
6427
5145
9949
9061
1521
2885
7734
897
3514
6361
1470
8677
9984
5588
3852
3429
9582
8386
6980
8155
4262
9078
4661
1742
1765
4877
9908
1381
8886
46
5276
2115
9437
2530
6393
4479
2399
8371
8141
5441
5433
8642
9182
956
9515
4263
6456
4869
7471
6429
4073
4104
4563
9293
4960
1686
4429
4912
3624
1778
6359
9595
6928
3254
8295
7278
9300
3561
8645
6963
909
3867
5282
9610
5527
4510
2288
1786
5287
8533
3637
9931
9790
1596
5321
9813
6266
4943
3560
4586
1531
3414
789
9908
8851
7198
9718
9568
2312
4897
5421
4275
8230
3137
911
3209
1276
9674
8247
3591
2414
3434
8733
6770
8934
1469
7126
5409
1667
4470
7576
2835
5279
8496
7080
9748
7185
344
8697
5747
7707
4585
4236
3159
3908
8365
3392
9958
9317
4440
9914
2755
2256
5401
9028
2511
1643
2615
9670
4469
6987
2786
1108
5446
1486
7348
1156
7772
3140
6427
6468
2871
144
7657
3263
8237
7195
4272
3487
3121
9327
6594
6301
6560
6104
9923
6617
9624
6131
6054
8117
2726
522
2141
5146
2169
6676
4348
603
7263
6935
6879
8135
9254
7133
6387
310
989
6997
5518
4644
7884
9725
1297
2899
7159
6010
290
359
6283
9502
6840
8306
1557
6915
6179
6075
5613
6340
2111
8404
2271
539
1103
3245
3792
8987
5474
2756
1293
4452
1013
1984
6925
9490
1613
5487
7138
1802
2547
2250
1088
1390
9876
1791
318
5512
4083
1000
5469
2057
9542
7384
9210
5456
3221
8711
421
1137
2722
1158
9399
7706
4814
4648
6870
1599
2883
4841
8077
2808
9108
1894
7521
1828
5955
243
9660
8326
8372
3447
150
4393
8551
5956
4262
8119
9328
4202
1598
2645
1703
6753
3981
541
5490
5153
3953
4910
1962
2228
7940
8976
7883
8296
2909
4453
9469
8225
4859
9112
923
3998
4054
5263
808
645
9227
1673
3820
7890
2068
8811
694
967
1481
7199
824
5869
7869
3064
9376
8152
2010
8138
3498
784
1136
1023
1949
1258
9415
7423
6964
2064
7820
1930
5988
9835
3531
456
9812
2176
1316
1404
4273
4886
5030
7344
6848
9623
322
6120
6170
6517
199
1404
5896
1216
2777
7675
3113
992
1864
1513
6055
8816
6585
2381
265
5142
1512
1306
8698
514
4133
3931
1394
7377
3046
537
2738
2663
8874
6229
2372
3653
5746
8456
4133
9659
5591
6888
6430
2369
7541
1830
519
3160
3214
1814
6032
1367
7877
8855
6078
8078
2366
2957
6921
7733
5203
9732
7825
2059
7641
6142
3878
2798
4512
4224
6762
7425
7719
5493
8288
1924
4312
1969
2457
3193
971
4503
808
7610
2040
8428
3849
2983
454
4831
5926
2108
6464
5716
6760
801
8197
2953
3821
9043
9173
594
2972
803
4401
9858
9729
2067
6952
1217
7754
2625
1673
1751
8826
6421
4039
299
978
5440
4411
9326
6815
4454
118
7335
6334
1389
8541
621
4009
9625
1317
4840
5742
1110
5903
1053
2717
4344
8793
5253
4123
7881
5160
5246
3750
8486
1974
5689
9559
7846
9792
4810
4262
703
2898
8237
9608
2767
2899
618
2789
5011
9598
125
7383
6424
713
280
6497
170
5433
2611
5208
4848
6336
4481
4105
1572
4505
9132
6351
5194
6488
9583
7686
8732
1
5637
7520
5646
3465
2816
6223
7986
8020
4026
5543
3669
2053
8877
7175
1948
8091
4721
7122
8804
481
9078
7193
7294
3030
9424
3822
3490
5157
1338
3307
7579
5188
4606
5773
9158
5266
8755
6035
602
117
6046
4901
9656
8683
7624
7028
5194
2008
6785
8270
6343
3510
9167
5630
1001
8403
148
5925
8049
6900
2185
2323
7568
6614
4020
9306
5911
2666
7057
5134
21
4269
7011
1896
1720
6628
3716
9001
5609
6604
8967
1870
4907
4802
6740
2663
3601
4820
6428
6992
8293
1153
6662
7589
7320
7813
3378
6746
4002
1556
7621
4589
3687
7793
6146
2194
3782
1151
7355
9512
2447
34
154
7193
9190
5992
294
3565
5027
4701
2045
2087
910
5705
8188
3686
6412
7019
7559
3790
7146
2415
9648
9823
7980
309
7744
9418
2987
1819
4682
3934
5232
268
6458
2367
4504
3211
1088
5063
875
8185
9916
7721
4282
3633
1220
4800
5324
4507
9052
5553
9401
196
8748
2270
5048
7573
9711
9322
835
5748
4599
4452
3198
5092
7046
1565
7822
2811
6178
7093
9670
6662
1976
3457
436
4982
5268
1407
244
8392
1169
1212
5904
1195
1469
4477
9002
822
2906
9475
7633
4607
3834
7576
3828
6772
8830
6278
5649
7631
4875
4055
4069
4815
796
4702
3279
8437
1034
9949
7564
5597
7909
9184
5986
820
9698
3419
4387
8475
5909
5922
3611
9986
871
8619
7285
5965
4281
3208
3336
9453
8465
1397
5740
8538
5130
5657
2340
6874
7391
2054
355
6173
7024
990
2102
1242
1118
9548
5596
7589
8694
559
1788
7878
9332
7961
9588
5019
3587
3923
673
7649
6648
5775
3445
2910
9267
6691
804
8284
9210
1507
2595
1707
7604
8280
4980
6519
2125
433
4583
4367
4490
8562
3917
7380
8728
9452
3741
8830
7777
1606
6656
2181
6240
8766
7941
447
7749
8131
7403
5200
6793
9918
9917
4367
8274
6448
7324
40
9102
9019
135
2231
5074
3461
7774
6997
1085
3314
1146
9238
9116
1283
7161
1876
3586
5310
2171
3677
1260
4779
4398
7982
1590
771
2479
1903
1562
1073
36
3063
1190
8508
4399
8863
8596
9385
6301
5302
1239
1076
8016
4341
6053
1359
9811
1569
6177
9484
7494
5855
9474
4443
3186
9040
7237
7594
2705
6068
1982
8419
1896
1843
1382
5551
4166
7964
6324
6675
2410
8244
5470
8662
1282
6998
6296
6004
7509
7822
5512
6632
321
6871
4831
1644
9326
8315
6519
8612
6906
6577
309
8049
1274
9045
6347
2623
2445
6046
2524
8624
2276
3318
5182
6538
523
5905
8077
909
3543
4327
7396
4825
8906
2470
1530
5375
4729
4949
4484
5752
2020
9788
9199
9517
442
1407
9414
4090
1807
2082
9881
5859
5127
8193
8297
3215
8091
5468
5571
476
8833
2865
4689
1930
9032
4983
7210
4085
2847
4584
2602
9242
1901
9300
486
5910
2073
9822
3679
2150
3762
9972
7065
9003
5997
9986
8439
1446
9768
831
9105
4872
6953
9397
4831
9368
7609
8638
9594
2782
5951
8627
7264
8338
7607
5043
3707
7434
994
7242
9339
309
7786
3258
4089
4920
6896
6341
5578
3549
7260
6314
1421
8934
5264
8541
6885
9807
9684
3304
9155
2528
2033
5081
9108
6879
1398
9039
9423
404
3739
8897
5706
1352
2153
7791
8189
3527
6626
2367
660
4089
4697
9168
2195
4855
8926
1327
2120
2404
370
1701
8085
8344
5101
6309
1988
853
6101
1001
1994
7414
7039
4625
2343
2300
7254
6839
8353
8475
5598
3210
599
3588
4648
3261
1010
2242
2943
1141
8326
5460
8571
5940
9786
3463
6464
1203
7607
1760
811
2088
4727
6566
5528
5118
1345
2154
2852
8699
6664
4397
7436
1300
2186
7562
4108
3169
651
6056
8777
7328
678
5147
2475
7179
8705
181
390
6222
5314
9816
3217
1926
9758
5877
7845
4176
5665
9167
5041
6166
7475
6666
5905
1789
8007
3799
816
5942
9558
6005
9070
821
9313
2992
8933
7598
6254
8345
8954
2916
2720
2068
8846
1587
7548
1088
8172
1948
2448
3042
1050
8443
5600
6663
4034
5038
4544
4331
722
2916
148
5564
3931
3207
6279
8842
4915
7317
9813
9053
9004
7155
1709
5594
5516
4636
8815
7264
7088
623
7102
4684
896
2434
2821
1434
1472
5201
1850
6151
9733
4872
7753
1508
5853
8942
7496
8041
1606
7609
2355
4802
3598
9920
833
1176
127
6200
2730
2329
1112
7415
4393
7909
1157
1365
719
2431
1248
3418
6724
3284
1633
4987
3854
6043
9965
3576
4559
6810
7561
6182
6498
31
8215
48
553
7122
7686
6715
382
5564
3623
2446
7967
7965
2766
7140
9
2763
777
7214
4834
1549
6271
4457
2058
1933
1550
8873
6775
1907
2314
5095
3648
9419
7936
9393
746
7292
4766
806
9204
8554
6954
1860
5663
9070
3169
6825
8458
888
5738
3153
5210
7476
1873
7847
9541
4292
561
3443
251
2195
2163
4820
9313
4715
9784
6774
5839
8586
4002
8073
8512
5229
4340
2485
3013
3158
9665
707
2412
3513
8434
7164
8963
2134
3471
1274
1101
8118
2932
2161
957
7681
7308
4928
9699
9737
1276
9159
2261
5718
180
4518
6743
3077
6211
5526
2664
779
2153
5955
8664
7971
435
7086
333
9255
1215
8659
3572
6770
6587
255
6558
9892
7480
262
2993
1318
503
8999
3127
9364
1124
8457
6301
107
4004
5833
3055
1838
1417
4914
3
3717
5760
3689
8007
5565
7447
6115
5556
9243
2076
1646
3758
8132
4109
5484
6394
4925
6824
6782
3076
7614
7997
2186
1640
8187
4490
3983
7733
6523
8969
7918
1730
2077
2679
3239
1927
4277
9956
5572
2079
1075
4745
5658
1602
125
827
429
7364
8867
7838
7856
8237
8445
4906
2398
895
6856
6537
6700
7135
7153
736
7871
486
4962
8294
6428
8045
5714
9546
3546
7484
6868
5015
9790
2898
2649
1224
9509
7074
401
8225
1848
3686
9409
3638
4176
4248
2283
3435
622
90
1834
9127
7663
5
7371
1594
123
123
6724
1077
6093
2201
1822
5910
2339
5561
2550
8211
1983
3375
3967
4939
9614
5043
7806
9045
2719
3836
8998
5386
347
1893
507
3436
9031
855
9196
960
6604
3082
9623
1373
9270
2287
5191
360
7076
3964
7016
3353
6658
2380
9191
9209
872
624
2214
3682
5011
132
8195
4892
4301
1437
6095
6144
3537
601
8156
2482
2404
2805
1362
1175
8050
7682
6244
7309
2935
667
3409
78
1942
6234
5011
7873
1108
5559
6228
5235
3634
354
80
4529
8395
7592
7335
6894
8835
9511
8624
6899
8276
5945
7309
9737
2678
7344
4716
7382
3204
6656
9398
3645
8718
7669
2501
8562
1744
981
1999
3561
6562
1763
1295
2566
3548
1408
231
4695
8978
9397
3361
3020
8836
1573
8465
505
8117
605
5499
7607
4719
6007
4501
532
5354
9048
2857
5336
934
5123
9662
9546
4696
7017
6221
4836
1974
586
8337
4274
8816
5465
7879
9798
2835
5453
8529
8936
6820
914
5458
141
1805
1587
3722
9323
2722
7783
5566
9321
5115
9773
3911
3461
3586
1332
5900
5571
8190
6301
1736
3070
6734
7925
3647
9705
6587
975
3460
4158
9411
7451
968
5717
3520
2235
5847
6126
6130
9728
9227
7246
3889
2793
1334
3753
2247
7663
6614
1497
2228
3795
4095
8488
8551
9411
2216
4730
9276
4421
2338
7212
2089
9226
7959
4451
1577
7994
7853
8324
2313
1938
8334
9900
9545
2346
8684
6688
1128
8942
6221
9680
3139
5063
1811
850
8640
5128
1972
1800
1749
6687
8413
5315
2862
5909
4304
4573
1280
7139
9026
1066
7626
8088
2074
5914
9174
9140
5455
4803
4431
2462
1315
8064
9487
4626
2201
828
6777
1066
2600
8763
161
5527
2487
8924
2560
1789
6346
4297
8861
8034
8374
8959
7839
1745
7361
4568
702
8838
1298
8173
6583
4743
9508
8515
53
8171
3528
9049
7472
5723
2089
1630
1530
3583
3534
5345
3106
5449
479
455
3899
4477
5272
5986
9526
8060
5123
5895
2413
9118
157
5064
6646
8554
6925
863
3083
1905
3860
5277
8901
2173
1215
1367
9078
8771
6490
3224
5312
6068
164
7661
497
8688
4855
1838
4463
6850
7507
6021
7205
9901
4489
1905
6649
3540
6475
2452
6778
1951
4432
386
3633
899
8326
5300
3767
9006
940
4124
5569
6134
1314
49
9284
5009
6176
5536
6033
7198
8495
4397
1095
3297
9719
7719
9880
2276
1725
6728
2340
2104
6262
5274
7039
8233
7914
1885
7302
9349
2865
8873
6925
76
1478
9481
5661
1513
5823
8643
1896
5238
1938
5887
9115
8755
8584
6665
1666
1127
1503
8103
9458
6258
9408
4558
6872
5508
2712
6757
845
1974
2008
72
9793
7929
7760
6920
2655
7467
1750
9928
7359
8600
762
8358
6065
5726
182
4866
3862
9876
758
6466
4683
295
990
637
5667
1960
3977
3007
2935
953
6167
2100
2419
487
2148
1937
335
4949
903
6625
4489
6030
4085
4543
783
2179
1683
9271
3546
9242
7198
9341
1459
2934
592
5745
8122
9046
5335
8683
8940
3022
9331
8301
4486
7467
4214
5610
9638
4252
3451
8272
1168
2919
7969
9233
3788
3581
3266
4367
9925
2283
2959
8096
9268
6755
4117
5743
8392
7762
7266
2807
7432
4985
7836
5149
4665
7006
4884
9277
5221
2534
7413
8881
409
7546
6767
1478
3205
4995
8930
9310
5446
7208
6710
7883
7693
7262
6805
3188
2567
1768
3163
3487
8346
1487
9190
2191
4767
3548
7017
1624
2997
4931
4365
6501
1323
1591
3826
510
1946
3111
710
2545
8133
8669
3092
8561
7722
3227
5722
7986
5939
3300
6295
7932
2339
6819
1636
1006
262
5224
5920
9056
5582
7421
2945
2819
8901
8784
9149
139
8838
6059
4184
3235
6192
7475
4311
5026
4095
9132
2737
5087
7264
5454
9774
4895
3900
9379
9160
6274
9907
1112
9715
4566
6139
7071
5627
7766
4852
4055
538
677
9223
112
7622
465
432
7636
9360
8105
895
177
7640
5739
9354
1519
8675
7126
8448
736
7473
2934
1636
3080
6243
773
5931
1744
2180
2417
2735
876
8621
4365
3319
9070
403
1885
9462
1561
773
406
5726
650
8801
5354
3564
5055
6175
4784
9477
3547
7362
5133
193
5969
8593
4473
3127
5285
8234
4348
9036
4469
9482
3636
97
2115
2483
1327
2071
3724
2042
1760
8002
6200
5599
7697
9761
3855
9568
8676
1549
6967
3449
1376
4663
8351
5631
321
7766
7992
3556
9621
2423
8717
5412
1023
5261
8755
242
3077
7593
2266
1602
6522
8826
9815
7094
5980
4278
404
7604
2631
9961
471
667
3072
1424
5852
5390
2222
701
5631
574
8942
9913
3447
8437
8159
7908
877
1872
5240
6054
7520
9956
2702
33
4736
5686
8283
9114
7760
2453
9774
9759
7218
8312
7689
1878
8308
1037
4931
2724
1332
188
9482
1856
9262
9104
5243
802
6559
5965
3950
5369
4611
48
5675
2055
8449
8368
4060
7075
3212
3535
7854
7358
8076
5742
3846
6388
8711
6218
3197
611
4089
3225
9575
2738
3634
8768
8141
5066
3239
9589
6751
9467
7270
403
2576
7321
9165
8558
8430
7304
1977
5098
4205
9898
5886
8593
2023
3401
4895
4187
3365
8686
7612
4574
5761
4366
5772
1546
9179
5901
2286
4262
242
3562
688
6432
5407
5675
5550
8709
8571
46
8686
1874
7863
9719
1342
1568
8648
275
2784
8160
5362
2642
4493
3888
6346
4268
1326
7133
205
3019
1031
5823
4973
4076
9900
8850
79
3903
562
5520
5103
8147
5773
499
4956
751
9541
142
481
9899
557
7041
8679
3130
4223
2196
3365
890
559
8377
7404
2973
9414
2035
1862
9786
8170
9811
6506
3357
4133
6915
8686
59
6742
2057
9371
515
8792
9174
9274
4686
8884
5305
3023
1924
919
7347
6095
3293
6026
6472
617
8787
7180
3479
1316
854
8528
6883
2121
7412
244
7864
5919
5733
5423
8958
9214
8509
8948
3153
7479
7959
6759
3108
2653
2302
2964
4974
6044
8667
4526
3109
4557
3477
4360
7581
6388
1541
8369
6431
2015
5228
1509
6933
9651
6492
340
6179
8588
5516
6153
1491
7181
9503
6965
4912
3719
2571
5940
9098
7029
5711
8949
9090
5259
521
1135
8339
2346
5025
7955
8046
7871
2447
2410
9024
9429
6639
4318
9094
1077
2887
3051
6016
8591
3265
8923
9166
1269
3021
2945
1903
5743
5075
167
6918
1742
5314
9085
1717
1664
8664
9052
5532
6592
8194
6221
9863
9330
4003
2743
3531
1990
8299
7728
4979
4721
4992
8290
541
2932
351
2360
5127
9254
6321
8043
4263
8837
56
2126
5539
3631
4700
3637
9716
5989
4653
9064
1135
2615
7614
2790
3328
971
7527
9633
1905
6998
3802
7775
458
6865
1662
1931
941
7602
4344
3963
7403
3281
1513
1232
1398
2048
6613
2119
5887
277
527
850
1877
3160
1984
5494
924
9389
7307
9495
7909
3539
8635
4613
747
4859
2938
8629
2768
5954
3578
8693
9360
556
2594
1860
8400
2489
2248
9817
647
1353
3496
1565
2215
5298
2965
9509
9227
7233
3941
5518
9077
1049
1084
1671
7209
6600
6413
6308
685
6300
364
9622
4737
5826
2935
729
8243
3672
267
278
4759
6290
8292
3133
3330
4949
6837
5667
2336
8370
590
8754
4017
3610
3684
4829
9385
9726
9004
2521
7346
4726
4282
8837
2204
2900
1571
5870
2536
1013
9879
8360
7354
7352
5294
5458
6907
8142
2853
6149
6660
8245
5248
8950
9565
4161
289
1423
6926
5772
832
9579
9828
8595
4222
5697
6599
9329
1884
9810
2238
2326
7156
376
8808
7407
5855
673
4720
530
9263
8
9030
297
6005
4998
4987
9568
694
6982
2765
1848
4971
755
9888
6155
2252
662
3273
1105
9644
5112
4192
4613
2697
2479
1774
2493
7420
45
7759
7254
8550
9388
8516
4834
4336
3007
7191
5048
5084
9821
4885
3133
7254
6927
4212
5725
8038
9269
9543
7425
1365
6825
359
2505
8716
8111
4356
2047
3620
3870
3804
4106
5366
6188
3876
9543
3782
907
5132
7117
7917
650
6458
6501
2186
3138
5495
5303
6618
2711
7342
9355
7387
4593
9513
2377
6980
7717
7976
3030
254
1368
8744
7591
6635
2764
8472
610
732
3606
7088
7596
1260
2351
2295
1061
4230
5500
491
7604
8833
5161
2900
53
9478
1947
6603
2431
4829
7996
5877
5479
4685
3955
1378
3467
9845
6727
6688
6017
4546
4512
1673
762
2744
1387
8708
7263
8749
9749
5732
5403
8782
2811
7681
9639
3793
4849
2938
7778
2063
8258
8221
5859
3563
5043
7085
837
4071
1958
938
3279
1503
9971
4091
6200
8218
2169
2880
6319
4172
3887
5033
4145
959
2000
2672
6746
3267
700
934
5694
2858
8648
786
3506
3807
1857
4877
7120
3100
9552
4464
8496
5029
6594
7360
5493
9828
9819
2149
7075
851
5235
6969
835
4946
3737
6493
98
6715
3347
1127
342
6443
4673
8482
4339
9600
8321
7730
7123
4926
9317
3909
5710
7476
7757
4459
2201
7143
7021
4782
2375
3009
1620
1217
5208
1744
8044
2727
7598
1638
5749
4104
6105
1568
7851
6463
9698
5421
6477
931
3410
7660
1009
9866
9433
7872
5379
1076
4491
6067
5479
4524
1994
8101
4398
226
6498
630
8619
4693
3193
9975
5328
6655
5798
441
7621
2161
1069
181
3194
3632
1004
2773
9156
653
1712
510
1441
3787
7511
2297
1579
6988
3474
9931
5984
2581
3788
1507
3050
4281
4191
4450
18
2657
4216
5112
5569
1943
6653
920
5621
9463
3330
9745
3636
1351
9277
1230
5133
2339
4129
7999
6134
5002
386
5117
76
3788
9650
4588
73
9797
5200
3784
2783
5445
2429
3147
6071
3041
3274
6501
2169
8059
6261
1317
7328
6080
3489
2008
4851
4480
8703
6699
5344
3935
4533
7462
7191
2423
9613
8426
8906
414
3881
7914
5870
1292
1809
9343
8076
6879
1739
1165
592
3545
4861
8981
159
8602
3591
9908
9346
4657
471
6480
3330
9095
2469
1833
7809
645
3789
2170
4579
5566
5921
154
2972
7265
7064
8831
2804
5885
7086
7474
6179
2256
347
3323
7276
1594
6966
3548
6373
1462
7467
5191
3337
8300
2765
6371
1252
3207
8947
6211
9272
4110
3808
4087
3689
4435
5115
7277
6977
3783
3215
8482
264
8524
2293
3345
9068
3159
7207
1214
5399
3195
4668
5956
6920
150
3353
3293
2047
4887
5620
8247
8143
8628
9896
8611
897
8446
9274
3997
5474
5927
6614
7164
6683
6678
3102
5200
9294
8681
8591
1415
8221
4145
5177
4273
2060
2471
9661
7243
2430
7021
2879
2555
5570
2478
972
5807
3632
3794
3042
9789
1812
9610
663
3552
5731
2323
8581
247
8846
2149
8022
751
5938
7318
8418
104
8530
6411
4833
6442
4385
8835
1223
1292
5096
1692
3441
8823
7666
7676
6669
862
6858
8069
7654
9810
5311
3966
3284
3026
110
5743
9355
3264
6027
3057
7235
7849
3643
6625
7346
5513
1643
6767
9031
9100
8887
1768
1072
3816
5628
3219
7543
3120
4894
8795
2516
1022
5170
8313
7859
6947
6972
4448
8132
2656
5763
6215
6561
7504
2922
2124
7635
8602
5850
7897
6375
1124
5333
6031
4017
9588
3856
3034
1349
1254
4612
8717
1616
3567
519
3556
6466
9053
8227
9227
2837
1452
2685
8782
5551
981
1298
7192
404
109
121
9833
289
840
9766
292
8477
314
7477
2538
8487
3851
2922
2033
138
4744
807
6669
3626
2517
4962
9851
1258
3449
1472
7489
8509
8431
3762
3318
7893
8597
9588
9331
8802
4359
3098
9343
3910
1396
2301
5951
7493
2852
7414
7690
4581
8584
9363
4252
3538
7330
1915
5972
855
9824
1797
5729
4940
246
3271
9010
6882
3582
6854
4938
1765
5605
891
2164
1327
5429
2402
7668
7794
4781
2823
5764
2838
2262
7848
8953
3114
4401
3699
5987
131
1821
7210
6432
8788
7073
9699
282
3405
4662
6993
2079
5485
3766
984
5271
6511
6934
6851
5544
2137
7406
782
9238
5128
1925
8384
8745
9748
8249
7580
3032
3478
1452
3676
3641
8497
4547
7018
5618
3023
3987
3676
2584
3778
5007
1321
9878
798
7722
9139
7750
9312
9665
5227
4690
9822
1646
1748
9369
7822
6203
275
6266
3192
2961
7836
8879
6343
4556
380
816
7062
5622
6335
8753
5779
1393
1673
3037
2658
4185
6970
5348
3301
7982
6498
6713
4856
2313
2047
5637
5548
5235
8558
709
7018
4522
3254
8700
1083
4349
9019
326
1918
3745
3691
7717
1619
7407
6675
1663
5868
6304
2853
5577
6472
6050
7090
5440
3783
9169
3316
6649
6991
6765
9966
1527
4756
9952
7538
7663
4702
7563
9758
5024
2617
3269
6128
6472
3576
3777
9888
8351
6525
3498
9772
1004
2946
742
2730
3532
961
5218
8500
3880
450
3372
1
6506
2278
3635
8922
9514
1634
8352
2983
2283
2265
3060
7197
5895
9355
7701
1449
9017
5697
2153
9180
4094
5282
5969
9262
1668
2814
8714
3591
7076
6559
4441
9618
2740
377
9837
9949
9629
6447
3153
551
1469
2374
6744
8791
4834
6801
4948
1524
310
5921
4932
1654
8618
6973
1057
4666
8702
5897
3733
6317
9031
1788
7372
3137
5272
5311
9805
488
5487
7701
7092
67
5835
5675
2092
8785
7128
4491
5877
5405
9818
4961
7649
5440
754
2616
4326
9554
2865
5286
81
4178
9719
2791
2438
1945
3201
3970
5529
8495
2619
425
6664
9360
124
5033
6038
2679
6658
8039
8328
9138
5660
1694
3519
7086
6286
5255
338
1980
3503
5675
1660
448
1116
7058
5721
6016
4652
8205
7887
3088
8348
7617
9079
2724
8686
7166
1114
1779
6983
6762
4260
2626
6921
8066
5565
5151
8852
5078
252
9703
7895
8657
168
31
9769
6534
3119
9425
6655
4641
4855
9903
3463
7360
5534
1010
7114
7971
2902
4643
4988
318
2057
3289
4179
412
1757
2979
8787
3807
1358
9186
2013
7911
5037
7156
4664
733
7943
6639
4622
9354
6181
8474
8728
2622
5649
9766
7512
9182
4485
2209
5428
7760
5527
5612
5880
7397
2240
8845
4979
8354
393
3863
5049
5802
8462
1052
4781
4582
6137
9816
844
215
7433
2456
5877
1907
3979
9376
3865
9641
2204
4010
7639
9732
9467
880
748
1770
292
911
8561
3647
4844
6935
1909
2773
1843
1502
3857
730
2715
8225
6832
2544
9894
55
9949
4719
6731
7752
9555
4126
7553
533
9172
1213
8427
117
6327
9757
6090
8000
4568
438
7392
3608
9607
5581
8371
4259
89
4067
8259
2915
1544
4981
2374
5755
6136
6398
8926
4340
6246
6722
6660
1313
6245
1382
6360
8062
2605
6848
3964
9022
3357
6339
5667
4650
9612
7833
6804
831
6606
1828
7827
3914
5327
9553
8780
2304
5439
833
8274
880
6380
9242
5073
4117
9694
9894
8722
6046
993
9275
3417
9619
725
9147
8027
5828
3255
5283
9570
1232
3171
4561
9997
815
9678
3319
1137
7083
5785
3849
8732
4811
9701
7008
3874
298
2129
9621
1640
6478
6899
5312
9193
9216
5777
8043
7305
1433
4168
8412
232
5370
2465
8577
2722
5035
7289
7691
6647
3391
3139
4866
8004
7009
6997
9997
9474
2600
20
3164
5371
6330
7941
3784
9830
3371
7846
5635
6347
1820
421
5726
7012
9610
6291
3074
9282
4517
8671
3721
3147
5911
6931
2071
3368
3208
7907
5187
8713
3497
8631
6286
8045
9003
476
2411
5761
4823
6635
2056
7133
2233
6223
7595
6059
4687
6703
4281
7391
5781
5292
4884
5669
570
5837
2998
8165
6322
1962
3378
4572
7980
7777
5209
1474
2490
6144
3684
3473
8907
6407
9979
7772
4704
4494
6082
484
6569
931
8996
2491
2683
765
9416
12
726
7697
1582
8489
3086
9779
8573
9680
1811
5731
3047
1616
8051
7354
9052
19
1226
1345
5839
9060
806
116
6145
509
9920
5829
7560
6391
3498
8588
7384
1160
8992
6355
4621
6445
8507
951
5943
1811
5435
6171
7250
6369
2056
6376
7852
2405
1870
5833
7877
3441
4394
2573
5816
8974
9491
5499
9367
4077
2483
5828
6003
9745
9469
4207
8551
1908
8704
5057
6288
367
2542
2202
3187
217
8421
7162
5492
7337
9844
8895
6566
5952
4250
6909
3442
8515
5561
9109
6136
9239
964
2621
2322
9385
161
1102
6922
1833
4952
9077
8045
12
9019
2670
5449
9502
7638
101
7384
8326
4017
9894
7306
4273
4037
9729
2547
6969
2810
8683
9540
1195
107
8603
7554
1390
5551
8314
1116
5257
7058
2163
2701
6019
10000
2492
8771
9373
3512
1935
5765
8042
2875
3474
5714
7520
1731
5519
2844
6767
406
1423
2727
3345
9560
8693
9588
6290
8750
3766
8294
3529
4378
1271
3235
7156
8278
4827
1562
5006
4096
2398
4949
8729
8284
8907
9102
255
7677
6868
6871
9126
5115
8323
2797
8
1398
2543
2008
1294
8064
9284
5297
355
6152
4358
2713
4168
3156
580
2372
8906
1394
5391
1751
3750
3176
1775
6417
1496
9326
8389
4363
4370
9021
5516
8301
9398
7597
8525
6643
2895
6070
1732
5483
231
3884
6127
6000
1377
1148
1537
1728
4579
6110
7523
2151
248
5381
2325
2600
2376
8348
9654
1480
5322
7465
5957
3605
8247
8369
2455
1723
364
9944
1235
8563
4347
5254
5105
8770
1435
7937
6905
2078
7615
9604
3355
2051
9363
9298
8685
4885
7623
4311
9042
1307
8055
386
7504
7289
3095
1115
9428
5031
860
2547
5146
1812
835
13
6449
6261
1930
5186
6910
5191
357
6278
3813
3695
858
7218
8268
7797
8219
7781
3516
4376
875
3434
208
1377
9877
4932
8093
1602
7792
6114
9330
109
5521
6025
4708
4853
2481
8347
5937
7066
8056
6054
9475
1148
9799
5879
2989
4600
7594
158
6061
6202
7241
2573
193
8916
1420
7143
5536
6312
4488
6749
4602
8929
2875
1424
3189
6355
1581
950
8559
1556
8943
5358
2883
6709
3624
1265
6658
6682
5
1358
6236
6178
4666
9284
6512
5103
5765
5026
5815
1667
3342
986
7491
693
4265
8639
6829
8833
2984
9089
2599
7490
1582
2339
1036
5952
7754
5234
3990
8639
6906
8197
8834
2845
4785
1578
6369
5540
4909
9526
828
8647
3319
1724
3029
9706
446
7465
6369
1953
3964
7891
1912
2252
8827
2017
5900
9358
5896
9702
6221
4552
7274
8698
1776
9376
6772
1085
1621
1908
1504
4467
2011
3015
2599
7059
3915
4159
4044
2017
7274
9910
2365
3939
7948
6018
7248
6785
98
3447
6285
2976
9092
1430
1087
8406
9518
3613
2959
4529
3623
5833
1097
2658
8939
3058
9565
4615
8728
3170
8619
1400
5670
3666
2576
8442
4875
2936
5749
3297
1293
887
9847
8447
9797
923
6086
704
493
4927
4245
9929
557
2538
1903
6556
4470
9610
7762
2255
3388
2788
776
3553
1805
5065
5218
4939
9339
2837
7940
3841
9355
5546
5897
9344
4018
2823
6632
1765
9784
317
5877
1269
3139
7600
3520
3158
5819
4561
8401
5218
3197
8886
9200
8101
4597
9574
6929
5809
6659
4137
5791
6107
6977
8628
6914
6546
1474
1463
6991
3596
554
7956
307
9962
9330
8397
9960
8508
6102
9650
5758
9728
1048
4580
9259
7849
7969
47
8747
3398
3364
3866
2161
2068
49
8325
1134
6625
3843
1874
8376
6965
461
7729
6374
257
8230
6881
1471
913
343
5046
2811
9060
8279
7899
6443
5888
7889
8610
954
8324
572
2463
6104
6085
4879
1672
5707
9767
8623
35
9794
1251
8129
5631
217
2371
5789
2066
1982
983
2314
6697
3537
5530
3194
9943
8085
849
5810
4137
7248
1238
5602
3671
1733
4164
4371
1930
5654
5100
2620
2368
1483
8124
1602
7218
6175
602
1275
3407
5788
2902
533
198
5510
234
2808
8880
3100
6763
5593
6341
8458
7505
5475
3077
4345
4721
9573
3408
5180
361
6324
1220
8479
3070
2044
8741
4409
7331
2263
5155
4866
707
4756
7186
1405
1075
3255
6723
1482
4566
9100
1292
795
5466
7831
6480
8618
2191
9956
7050
1101
4823
7403
1175
932
9659
5153
4771
4405
4397
1794
3485
2952
6044
6786
2743
4647
5541
2842
4297
4306
2221
5783
8517
8922
6304
6096
75
5873
3423
7022
5761
8498
4100
5904
8158
222
4554
1839
6111
2459
1117
8848
9553
5846
8086
3488
3216
7373
1091
9851
4759
5895
6317
7318
2291
4359
9939
6868
9307
1367
6384
478
5833
3561
910
645
784
7066
2389
9634
5738
2178
333
2508
9014
8654
287
2052
9744
5260
8629
4748
1371
3219
2755
8722
5836
9995
3550
8603
4563
7301
662
3006
5162
7146
7887
76
9439
732
9063
6497
7293
2839
6072
2392
4285
1487
4893
3123
9424
4275
2063
6335
6855
1650
8111
3258
3193
5622
2958
6855
1472
3850
8070
5383
8066
3092
617
9473
6550
6217
2930
9791
945
74
3602
4326
1742
4818
6752
5257
584
1801
6673
5791
479
115
1274
1887
8496
6662
127
4037
1600
7856
2736
8686
3112
1128
3202
4413
9556
1172
9920
3217
1509
62
7484
4696
6989
7924
2939
7361
295
7569
74
6469
5559
8959
8933
4498
3536
2690
9039
1378
8876
501
3941
917
3879
4216
7664
9148
8885
6081
3091
5396
5018
7380
249
5773
731
6813
9411
6226
147
1999
994
2777
6827
2607
3912
7041
3860
6227
70
1336
7087
967
3984
7237
127
7792
9616
1799
9520
7923
7860
3229
6929
588
4452
1266
7001
9501
5108
8221
1903
6690
4357
1058
3676
7769
7674
1759
4573
4644
8852
4375
2506
1355
6278
6442
3151
9346
6164
912
1417
7789
1328
4735
8192
280
2877
1743
7196
912
253
2454
5223
7577
1062
6101
5379
6903
508
4319
2021
905
9596
1556
1037
8774
5852
1970
7998
4025
2930
7156
3944
5733
3134
586
8103
5221
1713
1054
4360
7720
6119
6113
6920
5492
8735
4340
8244
1871
5695
2843
6530
452
2242
6571
3384
585
7174
5733
5598
726
7467
3989
1751
6160
1734
7282
9762
6911
570
9016
5526
1858
7357
7164
4938
3469
4027
5393
1848
9768
7098
8095
3618
8464
4356
6573
4024
241
2588
9154
6068
7006
227
9316
896
7246
1547
4667
7351
8860
6580
5770
4218
9745
7560
1404
4514
923
6884
3837
6549
3408
5526
3029
9134
3019
8142
9973
3763
7574
2532
7417
7373
4015
1746
962
2672
3369
6508
5899
