2769
1677
1540
3177
7829
6917
8486
699
7707
3098
1565
30
1725
9467
2837
5152
4504
1535
567
837
3527
4943
7974
5388
3641
5952
7247
8411
3237
5787
5747
2920
4761
2126
8715
2212
1440
7691
9628
1780
2015
5325
5329
4680
6942
5994
3900
2014
5075
9737
9396
9077
6095
3476
7074
1684
8941
5431
7923
9615
5699
3319
899
9926
147
4968
5781
8479
810
9498
3111
1666
9886
7297
4708
5958
2218
9151
4299
9570
8272
3331
4471
6682
8491
3708
6911
2605
9803
9212
9813
6948
971
7217
2961
1723
6487
5745
7084
3547
74
5100
7542
6768
2464
8521
471
922
5142
4818
8611
1084
1847
8021
2403
9110
1911
9453
4946
9967
5787
8257
6980
2815
876
8156
6284
1149
5027
6880
9608
5522
7802
1445
9382
2493
3076
1737
3612
6382
6812
7643
7439
3304
8341
6108
1383
6055
2162
9150
1964
8361
3031
8759
7227
2031
9708
7684
5732
8056
2565
1202
4600
3613
8293
2995
7605
6592
3411
984
1979
7462
4589
217
2311
4831
1689
1557
8423
7586
1557
6937
3990
3783
5543
7800
505
9103
9418
8257
9348
9765
1514
6700
8511
1043
1195
7834
2626
8128
3041
8258
9855
5407
6195
8605
5360
8048
4445
6071
4794
5339
589
2166
2049
8767
607
5371
211
9624
7774
4907
7726
5839
2418
753
9448
462
9767
6280
3036
3870
9227
6193
4613
5594
8523
3400
8648
1351
8694
8476
7056
1666
5278
1499
6069
2400
4838
1005
4171
4936
8022
4522
4736
9923
1776
231
5015
6881
6963
9087
3794
7552
3916
5744
979
8390
1878
69
2393
1571
1916
7630
2767
7007
7680
5725
210
433
372
371
7996
4981
9248
5912
5338
9428
714
4691
971
9169
6624
351
1230
336
9969
8926
538
4044
865
1535
5148
1576
9502
8377
6553
2277
7883
8742
6364
8374
8471
6360
1691
64
1059
137
1300
2725
3198
1024
5049
6372
1392
9858
2343
86
7333
9489
8354
6619
4685
4297
9379
6663
1997
7323
2799
2321
4579
2634
9861
6496
6492
3093
4585
639
9410
6628
6845
8198
3396
2397
1460
1430
8781
9317
9722
3974
7186
9265
593
726
628
9829
6428
923
4430
9575
598
890
2128
3302
6321
6244
6703
1919
5031
7197
4521
5032
1307
2110
8413
7004
9796
8363
7083
6775
3369
1938
6289
4155
7581
4620
1862
8379
6050
8348
107
7671
1169
6392
5870
9668
9399
5727
508
5452
1857
3431
8923
4512
1936
6340
2458
9537
940
9900
165
5713
8503
2658
6723
8317
2759
145
3059
8044
3495
2032
9261
6339
3482
1132
7519
1951
7031
4155
7135
1175
6899
1319
8332
1994
2841
428
5872
7754
3172
681
7618
9567
340
5161
4071
5849
6000
9340
375
9092
8588
8904
9274
6883
8164
6143
1617
3668
9704
4574
4547
3411
9972
9510
816
1173
544
9087
7551
8341
3049
3690
5719
439
5811
8820
3687
2040
1499
8116
2312
5648
9297
2810
9430
2772
5569
7687
7513
3907
258
1447
5178
9234
6878
9377
4243
6327
2960
2972
1046
5007
8295
5071
3864
5218
1505
4310
983
8484
2040
3084
8843
1746
5229
3055
4493
7472
4212
3654
6834
5287
3367
3806
7479
2740
7800
9607
1735
384
3742
2859
2764
3982
3164
9363
4811
3022
3672
5887
947
6836
5169
8717
253
4844
3537
4008
1894
3210
7710
896
1461
3688
2464
6935
1420
9964
7038
4506
5598
5744
891
3984
707
2276
966
9473
8299
4111
4819
5471
3750
6069
6359
5770
370
76
8255
3123
123
4019
7009
4703
7832
1337
2468
893
8083
6172
8726
1040
2241
1628
6520
1704
7459
9174
8340
1420
182
1377
5057
8048
9873
7531
6791
4861
3184
4625
6066
9049
6825
1266
3911
363
5959
68
7616
9988
3361
8216
7942
6819
4186
7245
6371
92
1825
8692
6455
5699
2093
6297
5515
3835
7682
7066
4025
1852
3719
6980
5551
6091
8831
1400
378
9170
3892
1041
4783
5026
4044
3744
7239
5256
1544
1880
8960
6185
7573
2858
9464
4328
4941
9116
6970
3247
2431
6242
9014
8603
7650
3372
6614
2574
6393
3042
2695
9602
8988
540
4376
4413
6502
9019
7633
7179
1789
983
6297
577
2851
6262
9668
9287
6620
2860
6331
6587
5885
2146
3779
5436
7439
2080
7052
5203
9094
4689
8759
6345
6622
8953
2526
2565
1887
3227
3211
2894
4177
7875
5102
8755
2585
3694
8859
8122
5044
1514
5262
1913
306
6621
7674
5166
1254
7090
5443
2440
1558
4499
997
1960
8575
3301
4176
6497
8664
4671
6357
2138
5049
9409
292
4609
3086
8918
3729
1611
2091
4537
5675
8879
7751
5369
863
4929
3270
8802
930
2682
3276
5151
4087
6753
6390
3922
6259
6660
7623
4315
4690
486
9397
5765
357
6558
4749
4623
44
5128
7459
6426
5556
8625
5391
2068
5328
8442
1655
8033
7839
5190
7977
23
1264
1710
8061
272
9593
4277
4267
5788
1961
6357
8788
9736
1746
5724
8502
5390
2544
4775
5019
7202
3236
7896
4898
4774
3654
6883
4681
3663
7741
9888
4300
1557
9450
2579
4131
563
7092
5793
9269
5134
5672
1075
2820
7515
3749
127
8373
2704
1685
9250
461
8287
7892
1999
252
7556
2417
7165
9320
2118
4992
468
4082
3449
349
3101
5450
3186
8144
5639
3363
3939
2885
488
3403
1136
1207
6891
5195
2180
7160
8337
1689
5202
4747
6107
783
2946
4568
9945
8321
1446
3924
9731
1615
6125
7121
673
41
3502
7831
5328
4732
5312
5029
9064
8003
3546
209
5648
4452
539
2613
6334
5460
4357
4542
8290
6388
1735
5700
7057
9228
7718
8577
6216
2839
7932
9991
9549
8833
1151
8471
933
9647
7815
686
4460
6070
6523
8507
294
9916
9255
9731
1671
4927
1635
6447
5624
1658
9394
1098
7314
4920
370
9856
784
4311
1351
9638
8841
573
6059
5823
8895
9673
2085
8048
5015
787
7593
2474
9954
6187
3710
7299
9231
3734
3988
3377
6951
630
6480
9690
7911
2080
1668
964
1319
4086
998
3777
1408
7839
745
2652
8105
744
8137
1234
4083
6613
4470
4284
8855
7246
6359
6807
4004
3599
5461
9713
6622
241
8516
3039
2016
5270
770
16
6308
795
3069
2547
2277
466
4838
6739
2662
3644
5091
3521
4228
7938
569
4835
1496
2970
6470
6489
4239
5498
6941
2035
2294
5486
7130
9280
6718
6875
599
7765
7983
7343
6247
3071
6336
1789
3040
9887
8199
4915
7860
7002
2174
3188
1228
803
4808
6779
53
8466
43
9292
499
1711
7488
4814
9535
1228
3504
9754
2483
8313
4011
6035
9225
8338
7397
5470
5248
9962
1491
3754
3878
5256
2800
4977
9316
581
9718
8361
8512
6628
6857
3356
8854
7140
8860
6052
7097
2898
3168
6147
5029
4557
5499
1347
3819
955
4421
3633
3566
5284
6553
6342
6307
6708
6388
4214
9377
1067
152
5673
930
1723
1402
3465
1777
5275
441
3525
46
6190
2744
8229
6291
7225
5387
8535
2567
4673
5034
3594
766
6232
5522
2343
7091
7018
6944
3124
9643
4599
6171
7865
1568
499
1813
8204
5536
2368
5935
5017
8858
7055
2970
5685
4078
6577
4439
6993
814
9282
7484
8871
4792
6117
5625
5329
8188
4518
4740
8642
1685
4539
1714
3272
1321
9021
5010
8663
2977
9150
5552
8969
2387
5666
2476
8981
650
7454
8960
7606
7323
9301
3429
4945
3467
449
999
8548
559
8691
1335
1550
8159
3983
3950
1964
993
8333
6445
1001
512
112
1453
9036
2326
9880
856
7382
4158
8341
7837
7422
933
6827
1157
472
6563
6254
7863
937
382
4235
7867
9042
2583
4625
6431
4751
7779
140
4949
9802
4559
4535
8799
9444
1408
3154
7013
1727
1183
9610
3327
6419
7394
6733
8815
5765
5945
5497
8875
3497
6262
2198
8725
1349
6888
245
6172
1551
4076
6729
3846
5940
7418
9567
3101
9366
5259
1031
6755
5948
9567
2974
6698
555
2047
2136
9024
861
8607
6160
2058
841
2354
6031
8704
900
830
1075
2868
2687
9711
504
4538
5720
7813
8748
2467
4580
7551
9320
7386
1476
7230
2034
9617
9698
566
6578
9567
8941
3379
9987
6753
7517
105
3467
8053
1725
2154
4737
8794
6744
6523
9690
3025
4274
8897
2605
7208
4572
2547
9655
699
9360
1190
240
308
2253
9164
5075
657
5729
8150
1640
6233
1114
6705
776
8790
4864
1983
7112
730
4490
3301
3677
6491
5293
3772
6335
2251
2406
207
4527
771
6486
4399
3058
7654
7519
7417
3033
1886
1313
9274
3691
5161
935
5079
4334
8268
5382
8957
6356
2280
140
7466
2149
4891
4250
1516
4003
6359
1178
7894
6901
1049
5238
7014
4270
428
4816
4085
2491
1755
8604
260
6346
4167
6039
2077
6853
7583
7814
6204
5005
4096
1485
2148
7074
2440
9866
2830
7505
8771
4932
1124
684
4694
4131
5524
8533
3388
7088
8969
3046
3717
4336
8266
2551
859
59
7300
3589
123
7784
1925
7697
2709
6563
6930
1798
6021
8525
5141
1582
6512
3884
8815
8156
834
20
6706
9019
8962
8563
3196
1592
5370
7327
1542
2115
4986
3294
8801
9857
8855
3395
1202
6708
2013
6762
9143
1878
5535
1438
396
1160
8984
4347
2823
5927
7285
3577
3663
9632
4005
8349
1784
2411
6697
8370
6064
9001
2627
4938
3915
7712
4718
8849
2037
3862
8690
535
3392
7522
3352
6546
6916
2886
926
1707
3206
2053
9689
82
6269
5532
3784
7236
2737
2279
757
75
3262
1537
6617
600
3797
5686
5549
4306
5153
1344
1686
1340
3349
2329
5030
6888
7474
2605
2022
321
5461
8392
8150
5275
5848
5308
2266
8875
925
5632
565
2172
5380
4979
1154
3454
3844
5030
2383
3702
9403
3000
9171
5932
7597
1940
214
2007
871
1503
985
4201
7149
5136
172
8856
4162
7684
6895
1748
6268
9450
3406
7574
3474
1989
7099
176
7480
3682
2154
5020
1472
3215
8000
220
9249
6888
7321
5556
4481
4410
5975
3808
4853
3660
8721
4356
130
3347
6453
6356
4229
9862
5968
4373
5099
6369
3498
947
602
7963
1976
7816
7813
7596
7094
3843
9814
887
387
8323
7693
6814
17
4690
8281
9385
2446
3780
2578
6893
7510
4977
7041
8914
193
2273
2327
2394
932
1064
3733
4632
5160
5789
2211
2741
3145
9362
7526
4963
2088
132
1416
1868
8697
417
7094
7018
7289
1717
3668
550
7662
3287
2340
1134
4239
564
6780
70
308
4607
5044
7649
7837
3293
4454
3654
6866
5551
2997
197
5312
341
6460
6431
5634
5308
3139
1252
8413
9465
1925
1560
3417
1880
1521
8032
5211
3176
5015
4552
2522
857
5432
3355
2340
4226
9385
3610
2966
3706
4212
122
9145
1392
1222
6086
8146
3205
3177
6123
9455
6504
9152
5213
503
7044
7913
9393
3694
4615
5864
4261
9316
3835
2194
5481
3738
1628
2274
96
3316
6599
9605
8498
8311
4418
676
8440
9724
4677
7997
3350
8325
7277
9463
996
7233
5367
6693
1891
6827
4498
4237
1257
6812
6880
9045
1385
3892
330
1538
5457
1269
3874
3122
7477
2875
8090
3511
5449
1682
1340
171
2680
8831
669
6378
1851
4183
4431
1155
4290
8242
7597
29
2174
2005
7971
4219
3573
298
2267
7763
6067
9730
1210
1580
3686
5572
2487
9672
1220
5637
8315
9932
7709
9432
7833
9303
6381
7010
8292
5307
9759
5726
3079
9817
5908
962
2053
2561
4686
2456
5223
9487
6304
3752
8637
8473
5361
301
8337
5976
5724
450
2223
3683
9093
9261
9459
5773
5257
3981
8323
4375
7977
6122
2076
2136
1589
8331
9935
7522
5143
1676
7057
6443
1927
1061
244
5542
231
1900
5733
5890
2483
2374
7921
6484
3448
6192
6408
2977
9972
4815
4952
9935
8145
9213
8230
6354
9228
9624
3057
2495
265
7
9657
5300
6420
9828
7342
3900
7729
6419
7713
644
1219
3974
6241
8673
8856
1336
7226
1728
4276
4853
5996
6966
1082
2416
8151
1019
3650
7482
2487
9661
3156
5793
7934
5494
5347
2524
1045
1293
4634
5253
9192
5396
8322
9522
9995
8975
6003
4697
8281
8607
1255
4882
3598
6464
7977
6670
9352
2629
8412
2846
1319
1092
2065
3468
5063
7497
8852
2768
1415
581
1323
7743
4777
1112
8692
1244
3953
6073
3169
5195
5470
9840
3575
3493
938
864
56
3168
8290
6251
2760
8337
6135
7329
7286
7103
3741
421
5429
3433
8394
9084
6529
2069
3016
2164
2290
369
2167
6613
9981
6507
5726
147
6502
6567
3093
2707
2513
9372
9175
7566
1895
2811
72
7209
8078
8914
5324
4696
6671
8167
1674
4609
4438
3843
7050
1094
998
7950
6109
743
3828
7065
1563
6617
1919
118
7989
7586
5472
5384
2911
7871
6437
971
3359
795
9
739
8070
1343
9025
2133
6444
6593
3286
4258
2822
5149
8142
8084
7706
9065
9534
7615
108
8121
5061
4561
1198
7876
5188
9301
9259
3477
1533
139
2141
5129
4981
4955
9099
8288
1776
5514
3692
3835
9045
1939
9635
8334
51
6100
5579
2053
3864
8923
2012
2589
6084
5858
7910
6292
297
4518
3136
3991
3592
2677
2560
3322
544
9894
7313
5692
9258
8622
3953
8895
2972
1622
4797
7357
4251
5429
2375
6433
3420
381
1085
5382
7063
4468
8506
5592
4527
8570
840
5368
7948
4329
7370
2622
6757
2073
3057
9263
1290
225
2225
3136
6598
5481
4494
8030
5550
517
3662
787
2393
5242
1489
3184
3058
1530
4264
1611
3891
9654
5986
7617
732
8392
9220
7868
3845
7932
4267
8373
9299
4310
6824
4472
5026
2445
7906
982
4719
8123
2484
5685
5862
9106
3967
9670
5983
2363
6212
2185
4318
489
1783
2016
2066
2234
3014
1519
945
6561
6683
7989
509
3759
4537
1164
461
6582
9206
2103
6994
2487
3728
8698
4437
6870
7979
9802
4993
1940
9005
1347
3588
1942
6164
5599
1801
1089
1337
7701
279
4789
4948
1376
7536
6985
9167
4881
2816
7014
4478
8438
4574
4765
9971
7002
9509
5953
2304
451
6169
535
6257
3199
4963
3732
1552
8130
1359
1173
266
3699
4697
6966
5038
3909
2979
7964
9046
9054
9673
937
4180
4795
323
4158
3867
5557
1439
7162
1406
7211
4271
6990
542
3835
1117
8576
167
7028
6930
179
9329
8219
6260
2707
7795
8088
3795
7057
1583
6837
4808
9319
7013
555
6695
9299
3442
5334
4368
2957
2865
88
6695
3583
7605
7143
6185
7728
8597
3095
4270
4631
516
3564
1014
4239
1070
322
7158
1247
8619
7539
3265
8426
1367
3731
5014
38
3859
414
8870
6424
4530
3911
1689
4310
6518
5392
4997
2096
4602
5141
7755
8126
6417
6656
7206
3480
7394
4579
1584
8207
2535
8162
7998
1757
4861
8525
7819
5337
6805
2645
2530
3003
6079
5771
6085
234
9122
5090
2067
4700
2015
4114
4824
954
3169
208
709
6846
3063
1412
7618
4172
1112
3668
6785
3379
6086
4394
6193
7518
6784
2946
7538
5002
5749
7419
8960
3234
558
7977
2207
5228
8759
918
2960
2717
6220
2196
3339
2263
8808
9882
2886
1777
1299
1326
2177
3203
6103
9466
3062
7957
5269
9193
5031
7546
4693
5575
8452
1466
8658
5834
6097
7432
2419
9620
6787
9597
78
2745
7023
8332
4619
1299
4393
5922
3930
2708
2351
6191
3454
8105
8969
2325
5413
9935
7357
8693
49
5827
7889
2167
1312
5784
7172
9717
5048
290
6380
5445
8951
4449
7742
5747
5363
9001
7505
4698
8108
5918
2071
9270
9102
52
3560
6720
5063
448
1096
4829
6032
138
9031
9038
9451
2239
8576
7964
732
8132
5231
3672
8718
9138
9645
9263
8790
2494
2092
6729
4024
5958
8505
364
9381
9641
5008
6694
8815
4806
6167
1880
1125
3301
7636
5670
8945
441
8542
205
8684
8827
2365
5649
7829
5806
5857
152
2732
3158
4284
4647
5739
1143
599
8964
5950
1330
8183
6258
1531
6442
3346
4130
9359
8621
8616
8910
4412
5887
938
1374
8070
5777
8275
3541
2392
1125
3399
4160
2224
5419
8185
620
3608
3189
71
9267
1782
9965
1767
6059
2463
1808
5462
544
1164
2416
8344
5576
9351
7046
4551
9450
3283
584
2864
2144
8554
7566
4725
7910
7500
454
1469
9935
9216
7378
2613
7663
9512
7091
3177
2031
3506
2286
4334
4573
9765
121
941
2361
2312
2125
1570
2560
1788
7462
3771
5685
9518
7881
1743
7557
7724
1954
8567
52
7843
8827
2003
2284
426
6269
6635
6246
551
8942
3683
6787
9086
1971
7157
1430
5516
6979
9791
2840
8390
223
5430
4112
9938
4335
5256
2260
4816
9248
1371
13
2900
4920
5503
7438
7120
3974
1952
8323
569
5720
5482
6781
2160
3125
3919
6163
5259
5510
2256
3141
5457
7162
7759
2889
9953
3082
3305
1294
6388
7819
2213
3969
678
7164
2248
609
2856
2891
3515
5869
4438
5459
6897
8066
3116
5654
2907
1974
6014
9163
6057
8458
9120
55
9824
4648
4730
8010
8398
7201
4501
9796
251
1597
2837
1068
3099
7519
2774
8618
4041
8873
6566
8245
2265
4866
8878
5913
3282
6921
2193
3173
2228
452
2054
3648
89
8003
9906
4075
3305
1768
3570
7319
5887
9748
3173
8232
1329
1700
1554
3424
7726
9070
5710
9607
7310
3182
3048
1315
1968
6138
962
4728
6828
6082
2798
6919
5368
6902
1333
2334
3149
6788
691
4426
6953
9024
6299
9516
329
7319
4056
6365
7353
6799
7758
5846
6321
142
4133
6300
8989
1319
2560
7929
6681
9651
489
3512
608
9829
7751
8347
4031
545
235
1695
1171
251
4658
1741
9228
7278
4021
3214
1517
9488
7995
3559
1994
7301
382
5300
4454
4491
2684
9352
9151
6992
2073
5431
558
4777
2045
3662
653
5078
6614
9679
4968
6566
8199
3893
937
1583
5333
7675
518
4698
8189
2703
9270
1069
801
4870
414
2746
9573
1220
9479
3694
5492
8671
1689
9702
8604
7695
8363
4415
8556
3941
1747
2101
4878
5656
1714
2961
2169
5532
6674
3244
7014
8946
2495
41
2298
4464
1614
6477
4070
6473
9789
3829
9030
3389
2022
535
4933
1247
3231
6993
3416
5224
6781
727
4179
7935
2462
4711
3380
758
738
6119
7814
4629
1212
2996
8733
387
9137
5149
6769
3935
6856
8882
4019
7907
380
1575
5470
1515
9383
1379
9979
2338
9709
2514
9265
2093
2885
9106
4478
9308
6781
459
6734
1043
7020
8165
4940
6448
2520
5999
1213
2507
1623
6681
8128
2975
9105
5974
4980
9053
6984
6426
4300
1557
3159
8266
1242
9939
5268
4105
9945
7455
4687
1073
3649
5033
7853
1977
8866
7943
7406
2071
6275
9220
5412
2891
8998
8025
8782
82
3814
7253
379
6802
9469
9615
8635
8908
9572
2798
6269
5191
5919
7233
3356
3530
3751
4767
2770
8642
4491
7844
8462
9664
9675
4595
9153
7408
2299
815
7390
8267
5176
6317
7482
4616
3796
897
2917
8173
2652
9381
7973
8602
9929
3272
4593
6772
4856
241
1764
8457
1640
6938
4693
9295
3757
7305
2199
3618
3179
9417
4519
754
6503
6016
9069
3886
762
4552
703
6887
3345
1392
6225
5763
8117
3773
2904
223
4826
7997
4772
8553
6164
4253
5101
1776
9202
4000
5802
8395
9303
6175
8586
7108
7567
8089
5020
2214
6887
1161
8822
2374
4280
4496
7913
4516
2848
8316
8414
976
4164
546
5365
4462
7532
8127
3134
4000
406
7358
924
8015
8315
6389
1548
6459
6592
9660
5963
640
6042
8198
8530
8429
1418
6090
4636
1331
757
1979
9231
3588
5725
5586
3696
8025
6391
4913
7275
1826
1859
1194
2195
3769
7924
9874
4848
4831
2226
2356
3694
9555
973
6828
7588
6020
9915
6804
6963
334
4002
5008
3555
8263
2474
7076
4493
6998
4623
4783
6189
8067
2718
271
4482
8752
9357
3859
3415
1986
9576
2711
5577
3973
5445
5536
1089
2576
9029
8223
3482
1293
6913
7025
4948
9955
5276
6213
1784
4899
8706
8402
8410
2385
3890
8457
2535
9510
1488
7026
7850
7352
9076
6383
2853
7969
1643
1183
8636
3237
9625
5427
2775
8532
7592
9451
686
523
9585
1875
5598
770
2919
8911
2257
4005
5401
759
7686
2096
5797
8192
6989
662
536
6754
6240
7292
5657
1818
6420
6410
8875
2074
9665
446
887
1907
892
3823
6350
16
8327
5864
8251
2978
2197
5310
8070
2016
846
1797
2055
4504
199
267
6913
194
5067
1939
5489
9699
6283
6915
4309
3478
4216
822
455
8150
4890
4054
2377
1405
3102
8825
2239
5164
7730
9332
110
2329
9213
5536
8491
6173
3775
8232
1257
841
1184
9242
9921
7529
5153
471
4291
110
2879
9951
72
63
5007
522
7478
3609
3724
9958
7067
5687
7315
1841
6402
2008
8643
1430
5625
5146
1088
7538
2761
7308
367
2249
6327
9643
1136
1404
5098
9410
1660
6835
9889
6146
9724
9234
1718
6340
3962
8220
3226
1809
1204
8391
4816
6666
8325
2412
3597
9135
4374
4736
6113
4710
7773
8676
355
6698
8544
9063
5385
3060
2388
6113
4170
1543
818
9376
1654
4100
1492
870
1959
7379
783
6624
3616
6897
6902
3965
193
9938
3659
7119
5724
819
3402
4511
3546
3336
1436
6696
8151
6983
9868
5811
3159
9699
9194
3526
7880
7223
9512
1785
2933
9949
9635
3523
9363
9299
7709
5498
1047
2266
6400
4073
2185
2587
3726
2058
9026
9211
7921
3219
8327
2464
4102
4115
9293
1323
17
2161
2927
2647
4374
9608
5632
1872
7066
6111
546
678
5854
8949
1551
3357
2500
5561
8866
8326
5365
909
2113
6081
9322
2209
2997
6569
1315
4023
4204
2599
5956
9376
3274
5237
1559
3040
1475
9451
2393
454
2263
6576
6605
5322
2706
9188
8844
6983
2030
6078
341
4708
2719
8923
3298
5771
3987
4673
4085
5856
7062
679
6425
2926
7782
9980
8518
3339
1352
87
229
9833
394
4596
6706
8638
7878
2396
4298
9286
8765
620
267
9509
3641
8159
4645
4676
7745
6647
9583
8003
89
9959
1387
6930
1270
6349
6741
1925
2910
5647
5262
1436
3377
6263
8153
8719
8548
7117
9591
2031
3120
2910
3409
2775
5774
7685
2017
5668
8526
7451
635
5031
371
2519
3856
1845
7984
3439
3418
3601
9936
5728
5800
9749
1815
1954
6403
3913
8359
8684
9884
9926
1699
6963
2327
8480
1233
1197
3247
2410
1581
6780
2316
2201
1712
6033
3930
7094
363
2227
1785
3403
2761
6764
3613
181
6572
8377
3906
8879
2040
9774
497
4957
7716
4738
7125
8629
8669
3426
3673
7638
3705
3776
1956
5345
3369
7658
7289
5412
7129
6485
8943
8235
3024
1063
9806
2877
2613
6449
6011
8065
5885
484
7553
4242
9306
6865
4935
8005
5627
7420
6065
6127
1210
831
1956
2210
9725
5378
8951
7032
8670
3089
9667
518
9052
7472
5610
1735
9820
3110
4148
1840
8922
7296
3731
2041
4336
3251
5316
1839
3687
3500
9634
8322
1301
8203
410
6815
1264
2843
3533
6838
3707
3368
184
1956
807
2302
6145
4869
4014
5788
9788
6231
8012
1
3811
1177
5765
9352
7621
4580
2193
9065
6056
8161
5903
8787
7220
1822
1885
1207
1556
2812
3113
1452
516
3169
8098
8899
7728
9313
7700
4198
4727
7568
5427
8569
880
4234
3853
7680
5798
4856
6206
5995
8982
3874
3664
4305
60
4565
5662
8436
4289
4309
7887
6301
3396
7443
4536
7201
3435
344
3212
8497
4799
1359
4003
5064
7005
8940
3692
7863
4243
765
1330
625
871
7814
2179
358
7385
5553
4528
6092
7878
7482
8557
5254
3154
5826
3229
5803
3572
3471
1082
7641
9337
6826
3200
5335
7499
4725
6614
9933
5937
4172
1754
1664
9380
1841
2739
7235
5860
9392
1286
8500
5837
2956
9567
1770
9630
6563
5875
4558
6290
5601
4956
5648
5423
3426
6234
1179
8138
3161
2043
9386
6063
5726
4471
2883
7762
4272
6358
5722
1561
3482
968
9362
9194
8612
9600
4369
7579
598
7911
3293
1048
1928
9338
3934
1336
5087
9513
3856
2065
6667
1590
9013
5391
8002
6262
6426
6523
1089
8873
6071
1595
3512
9273
7835
5104
264
1076
6165
4421
2877
7076
670
2383
2395
9706
822
2913
4122
1779
6077
3362
4162
7588
9217
2494
741
3921
3669
1815
2824
5762
4717
2245
2016
4754
2817
999
5902
6494
8560
8244
3876
4841
4174
9414
5496
412
7871
2625
1910
5744
8171
4915
9183
7866
6395
3485
1033
3911
1281
8998
7223
893
4021
9993
3342
7752
6904
5428
7066
1051
4315
5688
9994
7141
1834
554
7677
304
9155
5213
1633
1064
5142
3965
6928
1188
9758
6917
8610
369
9867
6567
1466
3193
2162
5242
7406
1381
5721
6293
9743
7407
100
8131
2767
7219
9126
9264
8946
6942
7412
3632
6383
8862
4592
9924
6821
6135
7668
7751
7646
3382
9818
4295
366
7526
3571
493
4563
2494
6917
9589
1111
7287
9231
8982
7068
8214
8075
9702
8112
7577
3774
4477
483
671
4100
8996
3349
8414
4432
4968
9702
6228
7482
9907
6434
3871
7250
6699
9602
4679
1037
210
5627
1642
9464
9399
4242
4764
7002
9634
7995
4947
872
8444
1860
3379
6852
8592
5282
2064
4532
4698
4575
4927
8906
3904
1560
5783
4201
8247
2277
9710
7132
361
8703
210
387
1554
2856
4352
5327
233
4292
3226
8514
2442
7412
7663
5026
7305
628
5814
9436
4476
8677
9637
7409
8318
4928
8594
4905
5494
8079
3145
738
8197
1747
5608
9341
705
9630
5881
5452
8318
1747
9257
4533
4090
9814
5073
3940
4628
5453
2386
8444
2360
8156
1317
2038
1042
7776
5532
1904
4900
9400
6810
3032
1526
8321
1186
5983
923
6307
2475
9411
2501
6094
7771
4277
4751
815
2347
4040
1746
4856
5432
3078
3864
8456
7852
2587
364
647
3841
5440
5373
4459
8600
9195
4579
8270
2097
9973
7790
2738
6416
7478
3454
3955
3426
3171
9549
768
3748
1281
5132
1021
7118
1917
1740
1115
1566
4771
4540
7457
5161
1065
1181
475
3870
2676
6682
6646
9599
5195
713
8476
5593
8780
9464
336
4127
8975
639
8321
3432
9275
3380
7868
4605
3959
4735
1555
614
1316
8670
9886
3648
5898
5115
9405
7671
8265
8902
2278
8882
4557
9361
30
178
4496
8574
5931
7640
819
5568
2589
4444
2179
1643
5563
5896
149
5171
7277
5107
9533
7975
2163
6555
6183
1550
8780
9268
2867
3648
2048
5356
4117
7450
181
7382
1117
1306
5030
3459
2903
1085
2833
3382
1849
1594
4601
1249
9713
1630
2863
2592
8097
2015
1426
7071
8970
4198
2731
5269
4737
7655
2289
1789
7629
7657
2025
503
9892
8542
191
8229
9482
2031
5064
6562
3567
5187
6206
8700
5797
2185
6365
4569
3330
4510
4493
3051
7495
2113
9661
283
9891
1296
5910
4287
6818
3883
7896
3645
6948
3879
8000
2357
4074
277
4175
7933
584
430
2758
7800
805
4764
7459
7319
1810
5707
5510
5810
5755
2241
4088
8962
4198
2559
9024
5021
4599
3622
8021
3810
2019
698
383
9129
9098
9503
6196
2455
8340
2099
4880
7563
4117
3441
6451
8500
1267
5204
4762
5483
660
7346
4632
3622
2531
4894
8225
9637
7967
8835
7559
364
5596
3138
484
5887
2196
1498
2724
3736
7435
2976
4132
8419
8688
9910
5600
6705
9785
4363
5741
9359
7793
3980
8433
2353
2937
4636
2672
959
9768
720
3128
6109
8951
1196
1451
4816
7900
2834
4397
1430
3582
3515
5274
3438
7137
3619
9376
2105
1220
72
2690
1179
9580
2599
4383
4742
5900
8916
8051
7483
3226
22
6836
5931
7267
6949
2546
5990
2207
3837
4052
1961
810
1513
3117
1694
5057
6313
245
7704
970
7284
5035
8631
9488
9862
1288
6059
8964
2184
2041
3984
7085
5914
6077
3580
3009
5373
8372
9088
6413
3562
4639
3611
636
7628
5636
1510
810
8979
4635
5352
8095
3378
5894
3721
2532
5720
2114
1209
7895
3387
701
8905
6779
466
7732
6104
8404
8369
3812
8211
8953
6952
1375
3738
1049
745
913
310
4177
3499
5473
2729
5535
1481
8208
1731
3672
6573
7023
8576
2949
7177
555
3668
8918
4365
2911
2104
1162
4081
5721
7295
8212
4664
4268
3520
1241
2646
8022
1858
5744
5153
9847
3888
3193
5896
9789
5792
7050
7063
1056
1038
7342
1303
2264
3340
3978
6080
6681
6380
8821
5256
6847
4183
396
4737
6223
9983
5869
9273
6629
3265
287
6962
1081
6568
7793
7780
1119
120
3992
4324
7592
3424
7951
7830
9387
6001
3992
9069
3260
4571
256
940
4095
5642
4587
2773
5285
1879
1717
871
5300
1501
1144
5281
6779
5247
4481
6834
9115
2393
2187
7392
1947
5740
1196
8355
8385
71
8454
2598
9050
3982
754
6212
9140
2658
6884
3828
324
5273
5114
9321
5210
4059
1531
1563
544
7190
5573
8540
5284
3937
8756
2827
3254
3555
2209
9063
7
8199
7183
8305
7438
5802
259
9346
2444
4831
3078
7361
1624
3816
3369
71
6987
4209
8127
2031
3675
1379
3394
8725
5599
2040
1184
4383
6738
4548
5036
899
6577
8490
7075
6503
4013
5903
1679
4230
5298
1944
3907
1753
9055
5829
4273
9608
9735
7972
8411
2101
3677
1637
2348
7638
478
9420
2748
126
5839
3185
4300
1720
9934
7195
9914
1062
2945
6950
260
2353
8617
5227
2839
1054
8567
7047
9066
4762
7304
140
2496
3603
4181
5291
8742
1793
1611
5947
6449
9841
6594
6998
7048
9479
6866
3166
693
9225
6343
3680
4380
8314
1055
5149
5329
8582
353
1698
7607
6459
9598
2074
1424
1635
1553
5460
9008
9657
8216
3687
4565
6832
1310
5456
1727
2232
7372
8228
6059
2685
6472
6089
3774
8263
6167
4303
2127
6027
4515
1685
7750
4946
4758
9530
2479
1841
7399
8121
2494
611
8919
608
6882
1232
1621
6863
4835
4035
9226
2728
9997
1831
1060
1020
9962
981
3714
4877
5861
2361
134
2363
1318
5744
8216
4598
5505
9202
6769
650
4081
4931
6845
9482
1205
3063
9022
7309
1393
9425
6266
1974
6783
6712
7343
6403
7796
765
5435
697
210
2529
7070
2179
7120
9110
7932
413
3292
1318
2257
3829
7609
6611
2830
6487
3650
3213
4302
2824
4466
884
5757
4581
8025
3756
1247
8998
3767
6140
3361
1429
1240
822
4584
2903
5803
8982
5087
2616
5955
1631
3543
9244
6700
5441
2350
4975
1165
3880
8263
2420
8678
2575
2977
9276
1141
444
1918
2322
4639
2080
3386
1700
8897
4070
1669
6319
9104
4300
7575
9378
4467
4331
511
8687
2540
5715
616
6395
7960
1371
7886
39
5003
5849
3276
1216
5693
2595
2482
4385
437
4050
4392
4206
8394
6343
4852
8130
1238
913
3429
8552
1908
2387
8734
8627
4731
2485
5826
8838
9591
7066
2537
6330
9206
386
9255
8691
9143
1118
2079
5785
839
4153
6213
8869
9348
7183
2440
2695
6659
7431
2364
8701
7895
9407
843
1879
4254
5920
1090
7088
4001
1882
5785
6763
852
8594
4849
3101
1954
325
4891
30
1069
4427
650
9163
1566
3548
3306
1949
7533
3153
6412
6414
844
3620
6305
7683
1394
1448
6970
5125
7671
6273
2875
1128
8386
4170
6763
9399
6569
175
823
5258
3169
9949
6518
6490
9634
7912
1102
9123
1033
7614
5990
3070
9999
5695
3268
1772
4783
1665
4639
3468
4193
8331
622
5737
7889
6139
4952
3929
2919
6057
903
853
5323
8701
3883
6453
5944
4301
5388
2307
2270
2470
3559
4224
7912
9561
7550
1652
5158
3184
8007
5224
8126
2630
7952
645
4304
12
7418
395
5529
531
8864
5248
5592
8364
3854
6532
2276
8182
6908
1343
26
4298
3641
4633
8263
1950
1186
6528
4799
7260
1566
277
6063
6681
7136
2373
8599
9383
4589
3952
5987
4000
135
2895
9700
9870
2808
8850
8810
2357
3532
4721
9982
952
5778
3545
2190
6417
1096
147
9546
217
4501
9244
250
8764
4178
1584
3730
6373
6976
8831
8769
269
5216
8703
9367
4364
8670
8437
7847
4132
2185
2435
9899
5364
8660
972
2862
321
4302
7668
9064
5428
6355
8267
9286
1651
2558
663
2135
1817
7779
9262
4857
237
7458
1957
8048
3082
8084
6422
2532
8396
2602
6042
1434
6462
1748
9749
8449
2732
3232
4403
7136
9741
8204
6962
4144
8142
1363
6891
4251
2613
2368
7949
3640
36
8368
3311
5143
2369
904
9694
9973
2663
8550
4279
2935
5162
5842
3637
7273
9646
1647
3641
7056
5627
8167
6754
6196
4670
6997
7232
1642
4624
1268
6406
6115
7681
1921
5299
1008
6035
7397
9307
1522
5188
7127
3490
9421
4807
9805
2725
8855
7190
1063
6056
5934
1656
3702
9921
1348
1216
7640
5588
2163
1553
1783
3292
4036
9956
6503
5166
3429
2145
3414
1714
5806
9401
3612
400
537
4696
5420
3393
225
1803
1937
1986
9999
2290
6521
9371
8165
9263
7781
8114
8389
7506
6930
8432
7466
481
3759
7958
4598
8725
8965
4281
9462
5933
2694
6840
4744
7323
4217
5396
592
5741
4390
1581
1618
6278
1458
2662
8529
8476
4163
2152
6176
2167
3173
8488
473
1102
3097
162
2983
9238
496
1399
5272
8263
5023
9051
9671
542
6083
6839
2347
4378
1044
1803
8389
5694
4475
9297
9268
5236
9399
7830
8603
7770
2164
8574
4575
7235
7543
8255
2525
4712
2844
568
6435
2845
4613
8496
1692
8660
8477
9870
1927
1400
877
9655
8786
9403
3015
9553
4490
35
5904
9263
5247
1547
3398
3636
754
194
4672
734
648
1953
4617
5276
820
554
1669
1919
2619
8213
7571
1223
252
4883
5904
281
5070
7771
1679
7815
6473
6074
3896
1789
9413
3648
3856
714
7131
2275
8597
9529
7713
4541
8642
3803
12
5122
2550
8815
7659
2406
2867
5792
5527
8886
2060
7838
2256
4645
9946
5364
835
2025
2008
8268
71
6114
4689
4443
2239
4936
3938
9564
1777
1346
2840
4639
3318
9161
7228
2385
6311
1177
4106
7690
8644
6792
494
9663
4208
4076
441
2366
8885
7412
2940
727
1144
9432
5433
8816
9405
2973
398
4223
3892
4706
1994
8515
1520
8688
9752
8977
5486
4783
7886
7166
8678
138
5149
9594
8188
265
2681
4865
9895
206
3791
9813
8712
8612
3099
8803
3899
7881
3805
5366
4203
9449
7046
3328
176
3070
6736
5814
8385
9132
689
9836
6016
8429
1911
2531
4702
5739
2668
4373
5845
972
1622
1930
9054
1206
1434
4180
8334
604
4833
4297
3621
6240
9643
1054
7196
1214
8946
5722
58
2295
5618
8770
3783
2620
7293
3450
2874
4240
6522
8944
1262
4668
6316
8622
2395
4837
3704
2973
7351
5742
795
1730
3431
7711
7350
1890
7631
3229
8498
8779
6491
7450
9420
1509
2712
2514
6694
3673
5081
6693
1842
7994
7288
6600
2048
8323
5096
411
5073
4947
5965
8631
7368
6425
7272
2158
9127
9665
2061
5772
4556
411
363
41
79
384
8795
6318
4814
3477
5736
1682
2001
2071
9136
6488
6587
4614
1546
9984
2077
8421
5309
7682
88
6505
7372
1938
1509
4249
6577
820
5987
7969
6385
6279
36
5039
1305
8497
543
1160
1964
1392
6831
2177
4461
4510
1526
103
3557
5943
481
1807
3691
8843
6761
8795
4583
9043
9195
9546
9896
8691
642
3004
7618
792
170
7035
5599
846
5387
9134
8560
1934
577
6073
6360
277
5400
2348
777
2735
1151
2485
7568
7983
2747
649
5774
2352
3168
6343
3792
575
5857
8482
4122
7836
2932
807
58
3856
6363
3642
7218
9631
4234
12
6932
8340
1871
9541
9256
415
6064
2177
9874
9450
86
2781
4252
727
9605
1551
3046
8338
396
7908
4343
4446
8298
9614
1811
1952
3004
4568
4462
6372
9709
2100
2333
4341
8699
1000
1192
1640
2519
6056
4808
7162
7013
8220
2725
1098
3775
8055
3997
5912
9476
3725
8639
4665
7919
3262
8059
8238
7816
1532
9788
9414
9125
2200
1800
6227
5111
2894
9135
2243
8217
6345
6140
9559
1307
7375
5328
5255
2418
6845
4669
8223
7262
5658
8138
2619
6481
9833
1594
5686
6690
5859
2325
4572
3441
9165
9064
7642
279
7831
7799
1952
6421
4718
1634
6969
2850
4527
3708
8488
9910
8869
903
7487
9527
6769
6221
9672
9642
3522
8238
6952
3224
8671
7251
3306
2718
4362
8555
7923
7573
1614
6805
6415
5205
3591
3488
3876
1789
6303
328
2450
7596
9667
1858
1893
6535
3495
2385
1570
718
1541
8877
8234
1579
9731
3865
8472
4746
996
9104
6906
5613
5311
2318
1721
910
1203
2567
318
9292
2165
3753
6300
2159
128
5580
6291
2295
4349
2736
5322
9314
825
7436
9884
9735
8980
1746
8666
8744
8311
8025
140
325
5593
8627
3980
6536
2209
444
409
6568
3246
3300
5191
101
4221
9348
1152
9890
6505
2072
2281
5806
6869
694
4076
5346
9200
7898
4349
3900
1194
6571
5782
2237
4013
6831
4891
2700
9963
8141
928
4604
6067
2707
1590
4808
3879
8024
4414
8363
4471
4418
3813
9754
4844
3087
8330
2148
89
4045
3094
4514
4545
7013
2163
4290
8290
1302
3174
5677
8482
5081
3062
7084
6879
7223
4830
3149
8680
5035
1398
9783
1036
2921
9335
6235
2029
7102
5686
3495
2180
698
4380
4892
4299
3194
8171
4856
9656
1763
8397
1653
9745
5735
6196
7594
2502
4098
4587
1963
1909
1257
8601
78
3696
7892
2717
6952
4730
4062
766
2163
814
22
2838
5224
5649
8301
3427
4286
1107
1461
9585
9835
1517
5114
5467
910
4067
6603
8082
4472
5175
511
5574
1729
7537
7514
500
5694
1314
1144
6152
9200
1014
3817
7442
2194
54
1074
1998
1561
4962
4262
3096
3302
5984
293
3193
8305
7730
5428
3498
8948
5703
8955
9469
1546
6311
8026
9277
722
1525
1373
4545
8348
4351
4256
8113
626
5939
1533
2478
7220
9062
7905
5932
3267
2029
4097
4506
7183
1181
4245
7562
4959
2677
1116
1968
5460
7077
1229
60
4884
6187
2888
1883
1747
9873
5756
483
7150
3880
6633
6719
3854
1528
5043
6385
9212
5288
761
5438
759
2908
2762
3366
9616
1787
3348
6506
5901
985
7303
6874
5796
8318
572
7950
8480
6285
5066
9341
9023
3985
2773
8931
1142
9771
4601
6764
8990
4995
9353
6873
5448
2053
9841
1653
7248
9941
9545
9331
5606
7791
5408
6107
1812
6253
8044
7742
3085
5265
3257
5877
1803
3711
8942
2118
3474
4017
7684
3589
2964
2840
1754
3592
5486
918
7017
4861
9830
4666
3647
489
2768
7883
1746
3921
4902
1261
3710
3025
9174
9611
5811
3559
6358
4426
7123
6732
264
5790
5451
3174
1749
1387
3301
1486
8799
9140
3097
2774
4663
1665
1003
8192
908
2236
5404
5158
3435
9213
6913
4631
1983
370
9461
7386
9869
3551
3506
3542
5819
2880
4768
8071
1954
5428
9190
4587
7964
6590
6117
235
7313
5427
5366
7472
1621
4739
5334
9051
9437
6907
5024
2708
1462
3147
5700
5036
1910
8943
4839
3477
6787
8512
4052
2120
7774
7185
3159
9014
2269
6296
2234
4794
1010
2998
8888
4274
1140
4213
6820
9684
3885
6199
1875
6689
5883
3337
90
4350
9093
3873
8768
7335
1606
8436
9591
2331
9612
3816
7126
5674
3434
7500
7567
5024
9643
7597
4497
7697
9862
1615
4103
6548
1369
8583
6398
8019
4435
4335
6926
7678
8119
4732
901
2836
3406
9427
3788
9385
2267
4379
2274
1378
2168
134
566
8471
2002
975
1972
242
810
4468
8936
5421
8585
4321
5100
1900
1715
6968
6506
5693
6847
4899
577
3030
6680
9297
6251
6039
4263
7488
6790
5728
7842
1574
6740
7527
7400
5282
9002
4565
386
9827
9911
6242
7396
5667
1725
1559
5884
381
4610
7143
3105
23
9714
7307
1440
8897
4298
3629
2894
3587
4815
4498
8701
8321
8005
2163
1220
321
1178
9939
867
7047
3275
12
1650
2782
24
7288
8229
8277
6913
9630
1251
4715
5624
3161
8734
352
6445
6448
3557
6005
786
8943
7424
4873
1407
7883
1201
2131
4909
3864
5
5795
3556
7130
4934
8066
927
9869
6970
1236
7641
4035
1853
7976
7889
3122
8566
2477
6202
1559
444
5059
8181
6357
3108
3230
9451
6594
640
990
2481
5846
4384
5218
4074
6745
1164
5909
4563
4972
4214
2843
4390
3943
6234
3398
4834
4849
4567
6947
8968
2448
8118
4081
6874
5287
6668
6417
2163
6569
5248
3738
4947
7296
7785
5318
5836
5126
3578
100
7963
1855
9029
2340
7291
8030
5987
6724
2032
5198
9107
7265
6265
5193
4429
3664
3132
551
1014
2301
5647
1289
6032
6057
4682
9173
7177
5018
9964
1238
8294
9050
2702
2916
7471
1052
589
8228
5259
1568
4570
9631
2425
7528
8841
7853
7156
70
8250
8179
6403
1726
8956
3822
3634
8357
7444
534
9603
1608
9383
9718
6319
8713
6264
7202
7013
9892
1549
4839
9858
7451
4136
7326
9595
8291
1940
3430
854
9428
688
9494
4250
480
6168
5745
7291
9687
8896
101
1471
1018
7816
112
3123
5669
2002
3953
6847
5418
4607
5645
7283
7529
3326
8731
2961
8431
5923
3054
3510
1384
8319
4188
9639
2109
4962
1187
1607
7624
8075
3558
9838
1593
9158
5818
9573
2456
8351
7236
2714
6565
6405
8707
387
5649
1516
8660
6588
432
9193
8821
1849
9739
407
861
677
550
7713
4921
1695
355
2758
3036
9857
4452
8948
1749
5195
294
5992
1389
5410
7644
2107
5142
4505
7589
9447
9396
3763
5881
4112
8993
7948
1768
8714
5235
3066
9318
7979
5009
8466
4621
8080
7784
7664
6760
4737
2251
733
9566
5016
3129
4956
6537
5905
5179
2482
6239
7009
8211
6526
9786
9600
2791
2815
9158
5397
884
1939
915
5803
7382
4944
7626
5227
1694
284
161
6964
2388
1808
8399
3032
9256
8500
6742
488
5895
1547
601
8138
1396
4588
2933
7846
336
3974
5908
7442
7001
4020
9649
2634
3511
8683
7011
9311
4097
7364
3700
8301
7830
1647
4214
6841
7367
7412
9834
9033
1786
7735
423
7597
4315
9467
2324
7131
9742
8585
257
8511
7330
6534
1043
7667
7229
6744
1066
2712
7388
6483
6087
8712
4971
6852
8833
6076
1723
240
5724
1634
3274
4991
9983
7207
6524
791
9726
5099
6061
7049
656
889
8199
7336
2115
1106
8716
3158
3191
1173
3823
1346
4633
5536
8953
4822
7877
2230
2076
9087
6014
9246
7640
7798
5748
3791
7036
7878
4230
9125
5167
5016
7745
4332
6884
913
2065
5711
7198
9492
121
5260
5629
1521
2653
8757
2503
5714
9151
6902
5769
2737
4902
126
3441
3646
852
3354
8978
617
7973
1
1296
5774
383
6471
3302
7996
4267
4354
3917
619
7211
7574
7032
2275
1932
9729
3032
3394
6299
3304
1600
8146
6313
6826
143
672
7471
1506
749
4046
2596
7753
8682
6985
6291
1560
9918
4677
458
4930
4726
5769
2261
9813
6374
7624
5031
3212
3764
7395
8969
6391
9303
7342
5153
9972
7923
4478
7382
5920
8642
2507
8145
4936
9885
472
4099
3805
5905
7442
3753
6596
7913
6759
1576
2807
4656
6039
1295
929
4248
5365
9470
5100
8006
7664
5669
1835
3615
4795
392
3359
3952
2215
1577
2108
5451
8794
3808
8688
9807
1208
9364
5226
468
8826
3869
586
5498
3223
6957
2036
1865
7790
2019
9751
535
8802
6865
6836
3454
6234
1790
1637
4808
1137
5728
6789
2472
2094
321
7251
5999
4066
8641
3058
8699
5115
3210
9934
7338
832
3429
4979
1302
2727
4617
2727
5545
2161
3056
5994
1003
9680
402
3986
9888
1243
9096
7992
8323
3678
7659
1106
3949
2357
9631
5455
590
7990
634
8929
3501
332
1492
407
9611
9872
6184
4771
8579
9475
1298
9305
630
9566
7036
9029
2874
3483
9040
989
659
3576
1721
7740
557
1999
9875
6606
4226
7172
1069
4883
1650
6829
4438
7592
238
935
9642
5542
4680
5925
6099
3861
9925
5488
7796
1852
7810
2928
3278
2091
8379
1950
3899
7079
361
3754
6197
2326
5837
3865
4122
7658
4193
7473
8727
549
8852
8902
8067
923
6881
7797
6506
5567
524
466
5505
444
4873
5882
6693
5152
6131
6325
9681
499
9747
7439
8552
5332
288
6061
5809
6880
9194
7200
8904
2883
9984
5250
6221
9635
1558
5326
5842
882
7916
6424
6233
4848
1499
7029
3532
4892
9731
3229
2559
4503
3927
3167
9923
3867
5136
7241
2134
4499
7520
2441
2000
2346
7557
7638
3063
8878
8869
601
3114
1462
8121
2357
8837
7340
4157
1059
9278
755
7603
9501
5078
7661
7372
3273
1607
2900
3575
5626
2648
6646
1153
5854
2421
1205
9272
9205
9493
7622
657
1892
8652
1395
6439
8121
7870
8885
2052
3822
1079
3406
8501
6773
3155
3534
1293
1042
7347
1599
9448
1243
1381
3799
1834
7970
2909
8300
3650
3737
5643
6421
8650
1189
6755
1470
4723
4948
4159
2095
1649
8444
2661
6712
6104
9580
7807
7037
685
8523
6378
6935
5668
143
9377
3889
436
1024
3173
2329
13
4173
3809
301
2372
3245
9134
4729
6326
7775
3769
9160
2767
9909
8502
5122
3694
8045
8249
4693
3599
1995
9227
790
6323
9004
8098
1399
3933
7557
7326
2018
303
3136
1014
8078
7769
8228
6124
102
6838
383
7757
279
4599
4821
7730
2931
9096
8793
2018
2449
1346
4627
7800
5632
9902
2725
288
5942
9782
1655
2832
8157
4297
7825
1077
7333
1426
7759
8590
687
3737
7959
4748
1050
3320
5378
980
7006
3188
2207
3435
6875
542
8824
8795
9215
8589
1694
8174
79
928
8225
7888
2873
836
3954
413
2831
1596
4489
2300
43
2143
6566
9044
6352
8105
7148
1825
3128
5644
7176
7836
6965
3516
1973
5239
9264
5843
7568
6983
4691
6198
2115
4763
2032
3052
1143
7985
884
9633
8353
8107
6217
4052
7780
7579
2189
9785
3170
3722
8182
7642
4970
57
7000
2539
1940
5961
1778
3067
4908
6559
5207
6228
431
2606
4795
4658
5255
9869
123
631
8147
3629
7490
2868
5249
436
3020
4356
2311
6597
7781
8730
9235
2702
8766
7411
5527
8327
7444
5025
3373
8429
5772
3012
3649
9866
9721
2512
350
6011
6501
3322
1647
6553
9553
1909
3680
2096
7041
801
9983
492
6697
2280
5341
1545
2458
9117
6593
1083
2248
5172
3085
4617
1945
6698
7133
5854
6495
4371
7384
180
7400
5212
6245
7860
9174
2396
1101
8844
816
8561
4821
737
5529
748
6734
6242
4032
9856
687
2599
1736
3193
9291
9831
9682
1273
5610
2753
3745
4278
5206
974
4054
1766
3867
2888
6203
8513
9466
5864
4235
979
7593
6275
2436
6634
749
6117
3993
639
3209
1808
7598
631
5597
8833
4572
3983
9930
3036
4886
2438
576
2491
2205
7540
1033
7142
991
1878
870
9478
7637
966
108
7309
53
9483
5627
7559
1067
7146
1780
8153
7272
3007
2321
1532
3006
8464
7069
2616
8301
7200
2590
4401
5741
5128
2668
5914
9062
969
6792
4273
6608
620
8936
2911
2895
8598
4916
4416
6147
1039
6202
3355
1829
1496
3073
1433
4626
7276
9482
1511
8926
1086
9512
9302
2597
6838
3650
4768
6700
6446
8777
6578
7622
4508
3668
1218
6597
1524
5731
8468
2638
6870
146
8588
4600
1412
952
4951
1824
199
4878
6664
7487
5299
4098
7647
3751
3395
6246
3562
1151
214
5491
2860
8158
398
5120
7942
3717
1433
8272
9653
1527
562
3733
8178
5128
5968
4291
8161
5494
1140
8058
3470
3920
7940
7660
6881
6939
4910
2771
8981
9067
4418
9194
5599
8085
1695
2899
566
7350
9516
8586
913
938
17
1483
7300
5204
5130
4424
7947
6335
637
3752
3747
1146
9909
5247
6640
8687
8111
3386
2396
1754
2717
9360
76
7749
4787
5
9383
7870
2304
3228
4896
9315
3656
9103
7604
4065
2427
5158
3756
1270
15
5978
3644
7553
4304
3842
339
2550
9054
3683
3476
7243
1889
8666
2624
6022
8927
117
1285
3702
6300
1285
9436
2125
1602
5387
2181
2414
9230
1102
4599
8034
6991
2748
4629
9042
9573
4457
2861
985
358
2791
7928
6608
7757
8153
6419
7526
5441
2407
8764
5560
9579
4138
2798
3611
8953
4715
6524
7623
7477
3720
8915
7719
1351
7594
2046
2697
4319
4992
7160
4676
4182
3061
5707
6594
1967
3029
1590
3800
398
2740
7165
5032
9699
6976
4342
7208
635
4188
619
1649
6237
5688
3416
3565
6386
333
8003
5972
9727
2089
4262
9628
8260
812
5392
2991
3455
614
1326
5774
1830
9996
9111
693
4973
2163
8168
6058
4779
7392
7166
2704
8392
3159
7078
3184
5195
8812
9988
4354
2484
1295
9676
4360
3507
1595
9720
2542
4811
2762
4865
7904
2500
9859
8456
1220
3567
8442
6603
6312
5437
5941
1518
7015
3706
8254
7564
8670
7295
1807
6424
4272
4496
405
1442
7057
3243
9720
4797
6298
3832
4964
4299
7673
6106
9183
3151
180
1339
4658
885
2807
6599
5863
3024
714
3656
4290
5557
8042
907
9968
6069
7331
2494
8385
8151
4475
5279
6702
9571
8280
6141
6734
1408
8041
5194
4090
2714
9711
3928
6839
6863
5354
7082
6544
4998
4284
5997
1370
9691
5241
7473
8463
1641
5600
1878
7060
1680
6924
9051
261
2838
1957
3225
2546
6967
57
7849
3957
6267
5185
8337
3386
7406
8392
8157
9566
7460
2448
2099
4282
5096
7614
8508
9533
2017
2342
8963
3874
2116
5189
508
8370
3835
8237
6307
5628
9706
9967
432
8019
4051
8600
8780
1388
4162
3835
3861
5368
2343
314
9532
4934
6191
4330
521
1619
697
540
2922
9692
7625
6076
5840
2250
8096
6772
2760
4755
7821
5327
7701
1144
8896
130
8771
3693
7142
3608
7435
8217
3994
9378
6075
4092
4678
37
4200
5644
4932
8089
3206
1161
4574
9125
6225
8499
371
2916
5324
7049
9252
6951
8504
9218
7575
34
930
5802
3944
8957
488
89
8834
6264
9114
3920
5089
652
6843
9901
1399
1514
4548
6855
9914
6756
7654
3725
4300
6459
2866
6
2094
4940
1817
4955
71
8254
5855
2593
2413
1752
2867
5277
6781
262
1010
8228
9457
6315
8166
5720
4583
9450
5543
4262
5999
5198
3050
8814
7478
5500
3717
8102
9144
8948
3508
6825
6832
2158
6220
7544
6949
7759
4949
4361
5661
5850
9212
4620
8424
4339
5705
5224
1330
1302
8180
4228
4898
2756
3557
6712
6099
8726
2073
6508
8003
402
8752
6957
1444
9361
7285
330
7208
81
6589
4655
1969
6036
127
7610
5843
4685
6078
6801
9296
9379
9278
1272
299
1098
619
7457
8240
7616
7662
1040
5805
5517
8750
8011
7214
3865
9723
9672
3873
1707
8366
8110
728
7389
2456
306
2804
6965
4907
2489
5063
287
5647
7975
3840
7993
5985
8332
2810
1918
9993
9128
6294
8165
2603
5551
945
9378
6558
302
4056
3798
3528
5830
3258
1392
2050
7136
3016
6634
1934
9671
6494
4449
2187
4536
5965
7737
540
1715
8089
8516
4094
9614
3090
6867
5580
2769
7374
1723
563
3535
1163
6922
3514
678
8360
7349
1845
2058
47
6900
1089
5227
2081
1439
3646
3226
1118
3516
3876
7399
5774
4705
8803
3455
1520
5437
4800
5178
6698
2796
1228
534
8860
9390
4245
2089
1821
7205
5873
3349
2772
9069
3299
7400
6964
7694
3482
7816
2733
5251
2582
4418
5622
9663
2416
3381
2785
1078
7661
6579
9065
3599
3240
4282
2247
1281
886
3970
7556
2989
6403
4058
981
6516
857
1387
8178
9352
1228
3744
2985
9760
7341
3293
4059
6414
4956
9953
3165
8909
1518
9836
7861
3861
8289
5180
6212
5890
8183
7168
4726
5425
7378
9658
2553
5508
8254
7462
7306
4093
6458
2412
6821
1803
9809
36
9476
7526
2703
5483
412
3972
913
572
8348
1016
5524
1495
751
3453
9973
7738
7212
1970
3247
5564
4311
5300
4536
4568
8847
6882
154
4708
7478
6239
5398
3822
9239
2615
5006
4404
6457
3027
8828
275
4574
3786
8204
5761
9391
5608
3249
9706
299
5098
6122
1030
1324
9399
6642
5051
6212
7579
4999
8792
9610
6370
3411
6620
8156
3630
3423
2269
4097
4196
7474
1467
7622
7946
4152
9581
6993
1062
3323
4563
2635
2019
3415
8486
3301
4181
2785
3583
2752
2595
3508
9084
9257
5013
5430
6613
3415
5332
9224
7278
3540
945
6122
380
4303
59
8654
8385
9514
9080
1597
8294
7104
4072
9357
4840
9372
4755
1051
1138
6766
1218
1008
5632
4286
6955
8097
6796
1258
2002
199
5982
454
9216
8235
1977
9405
8593
4717
8850
4281
4270
3606
1349
8359
225
4532
2064
5122
8863
1967
1818
6335
9808
3228
3305
5363
6022
1344
3338
9898
1948
3489
2858
4151
8012
580
8388
1719
3959
2687
3529
7471
542
2629
5625
8186
9940
9086
5022
7954
3293
4948
9922
3246
1954
7747
8398
9424
2524
3030
4713
4378
1510
3191
5269
8401
837
2364
3455
9173
3603
9187
9163
4924
5149
3654
4762
7587
7371
6067
3333
8265
4664
5113
1425
9195
4726
1550
6449
6005
7796
4003
1089
1293
8528
91
5914
7551
3199
7869
340
9037
4703
5434
8811
6441
7238
8289
3912
2747
1785
4340
945
4485
3700
6610
2422
3747
7989
7649
9518
5931
1533
3245
1080
6209
791
581
6199
2670
5844
5295
6235
3224
5421
3992
5022
2804
4865
7326
314
9724
109
2796
5853
2509
5151
7242
3871
4592
2156
4551
4450
3700
2568
7757
4809
9342
4138
7020
7373
5681
6317
3307
5945
8970
2188
2434
9445
6879
4300
3653
3766
2445
3893
3075
1234
398
9540
9087
8521
4844
7652
6989
6786
3490
5196
1598
7259
804
3895
6486
2170
9375
3515
869
5702
9020
6023
4184
142
2563
2023
8722
9271
4126
4058
2450
3066
3914
3546
9048
5747
9758
4508
7245
9364
133
8942
83
3607
7152
3202
5956
7848
1670
7168
8003
8405
4924
758
707
1833
1105
2989
5978
2442
4611
4640
8937
8526
750
3769
8786
2153
8765
624
4746
3006
2627
2768
244
1278
2957
975
9786
5924
4096
3811
4331
9047
3442
9900
2556
8600
6825
9682
7897
6718
5648
8240
4304
3739
2523
1471
984
759
2942
7937
1673
9765
3999
4271
9831
9536
7152
6214
1986
8314
7555
9749
4665
8431
1858
7722
3601
2429
5017
6387
9992
7182
491
6833
6018
3802
5508
1445
3945
2462
7498
8223
3356
8305
6582
7479
3051
2989
2103
9164
9219
9797
6677
783
6590
6787
9405
2747
2306
9868
9648
932
842
3598
7311
2471
6581
3029
4134
6371
2860
4329
4537
3612
9066
4575
4471
3970
1980
8134
6126
375
3328
1281
4163
159
8162
31
4129
1480
3137
1067
6105
3868
5113
1147
1615
7994
9297
8160
1971
5047
1074
5433
4997
1348
9418
4581
2884
1193
3293
1287
6449
5614
8309
6091
2312
5301
9775
4619
8904
1010
5038
1913
4968
3223
4447
959
7734
3071
7896
9833
6584
7990
6073
8932
2495
8880
3460
8832
686
292
6673
7014
3384
9630
8754
3053
4015
7077
383
4934
5760
3690
9056
8261
6318
5974
1996
7170
2806
8033
6322
2558
5499
5178
7346
9720
942
2267
8095
9790
9751
9550
1612
811
8795
828
8801
5170
3401
6127
9376
9080
2174
7424
7895
9648
4924
5196
6202
5616
4340
427
3916
158
5305
1045
6966
4047
8427
8948
8986
3103
1215
3087
7672
4412
8916
8979
2438
8204
604
8998
2401
4560
6300
1691
6213
4043
1972
8362
4994
2558
7305
9702
6019
1301
8635
8145
1865
7308
753
796
1515
63
3414
2537
1706
4598
9778
274
3887
3635
8344
2487
7395
1088
2206
7538
2055
5568
3043
7630
2476
7345
767
6776
5806
9471
9588
4310
8662
2550
4876
953
9026
423
4316
2281
7333
3831
8544
4185
6176
9535
7387
1655
8763
2035
2106
9448
1667
8243
8605
4554
5893
9517
9577
6831
8350
1328
7446
9499
5064
9232
7007
4077
9982
341
5732
4073
554
5807
5666
1894
7175
29
491
9211
4120
6195
9435
1430
621
9089
1741
4538
80
6787
2669
5700
8747
992
2878
1101
2994
1666
1325
3788
4332
4343
3992
7699
9009
9030
501
721
6055
9876
3334
5609
8321
3855
1854
4960
2213
5986
6658
5277
9342
9534
5472
9160
7217
7988
1403
4710
4939
4042
3236
3637
1049
4556
7007
968
3999
6103
9000
5794
8292
5866
5518
8911
1946
5671
7867
4274
2338
9248
6336
1368
4272
201
4121
6040
4366
9243
1110
7650
5108
5654
7681
8011
9470
8869
8033
4074
5828
7434
8501
6626
6791
4708
7971
5606
7559
228
1055
3634
8709
6811
3088
7040
3001
3052
4002
5998
5869
7154
9329
5784
2006
1337
4873
6082
585
9093
3584
7902
4359
74
1042
9558
920
9215
5486
4515
5817
1028
8431
5948
6362
6152
8463
9936
5205
9579
1086
4943
2571
4274
1248
1358
4506
4767
4583
4799
5087
7639
3290
9210
6402
746
2388
2780
9710
6523
1323
6430
3971
9655
9683
6961
4164
1185
8031
4427
5042
1589
5900
6190
4484
8132
4921
5005
9224
433
1917
5760
9716
9152
9814
5899
2108
406
5808
9833
6056
9000
8694
9733
176
5038
6777
4180
6260
8354
4585
6048
1795
6610
4520
5272
4037
7916
3944
993
7600
1239
9774
2015
2257
5531
8276
676
60
8101
3348
9822
3489
4693
4813
3077
780
7761
6827
9784
4148
652
454
1133
3026
2958
4808
8901
2832
2200
3364
1456
2821
4544
8540
3093
9295
2198
5964
1779
3389
6228
5066
7266
2869
8285
5851
4214
5470
9645
7225
2885
6003
1996
8073
4871
562
4238
7354
8714
8036
6803
6327
5488
1213
6742
6356
7677
176
6391
29
6741
8524
4633
1914
5211
8215
1257
564
116
5053
5860
9348
4797
4270
9590
822
4774
5134
135
3258
5884
3566
5013
4104
9294
2964
3913
8297
3243
9246
659
6952
4862
9642
5019
4848
4647
51
5368
9184
8773
5617
8778
1260
2932
8688
4825
927
3615
6231
6458
6522
6359
4844
3616
1027
5598
2442
1471
1215
4853
1412
692
8424
2153
70
5025
1692
6330
3735
6424
8340
9420
2049
3049
7118
3672
5030
1797
5779
5173
2855
884
164
4550
6446
3403
7655
6769
8440
9050
2085
9613
4997
3979
5246
6584
6751
7569
7873
2142
4240
2208
4486
5589
5249
4787
8416
561
2474
9372
9036
6634
9717
8282
4948
6704
342
8750
7941
1627
7551
6055
1105
6082
1193
5059
7404
6313
7053
9794
5430
6516
2654
5114
4687
4909
2438
2570
9287
2301
5585
6862
3420
1643
596
8082
3910
1986
9668
8173
3917
5597
9586
288
7405
4879
3822
4598
3073
1789
6488
732
5250
9546
6567
9563
7002
1756
7549
6442
7366
827
8363
3636
8477
6096
4925
1683
8742
9684
4902
1384
6626
5750
4385
6496
2879
3039
4701
1665
5755
1010
8480
4953
9505
4435
2556
1664
2688
3732
3668
6031
146
5728
154
1045
5990
5284
7196
8750
8675
3063
6471
298
7190
1302
4028
6463
1078
1139
3308
2925
1820
4694
1929
7526
2955
6839
5759
5949
1354
4613
8594
1750
6766
3081
9674
1852
8455
3053
7147
6785
5892
4469
7925
8851
9766
7335
7422
6444
7098
734
1908
9106
146
1929
4495
3222
3460
1665
7064
9470
4841
539
6318
6977
9613
9599
6844
2867
4723
3529
3251
7035
6830
6232
865
8243
4094
1758
9426
1640
8793
579
6922
5982
1886
936
7822
6107
700
7810
6140
7863
5763
771
7082
1952
8241
6504
5465
4887
1117
7190
73
6507
8286
5782
5263
2182
7088
2839
9271
7668
4164
9817
6230
9165
9515
265
9095
8553
5053
7024
6664
738
6970
7180
220
7606
650
6607
1616
8267
9672
5839
6218
1487
5532
1006
8837
4171
