777
6346
3648
7367
6226
5399
9175
8872
9701
1961
4489
2707
4250
1996
9977
4694
9141
558
8063
4262
7611
6093
1683
258
2992
6866
5424
5844
7911
7809
3835
3764
1957
6518
9966
9998
3580
9372
6343
5208
7019
9448
125
1800
5687
8361
2591
6903
1695
4650
8282
8113
3234
2526
3488
3690
974
5571
8646
1373
9017
6249
6447
4272
9734
5948
6235
8587
5514
4476
8003
546
720
1092
2317
8514
5178
7704
3002
6036
2032
9937
4113
1181
1616
813
8470
8391
7912
5437
7358
8419
1375
3132
8383
2357
8246
8376
3210
9470
9364
6582
6697
1857
4283
8491
1320
2184
6608
3922
8049
6534
455
6456
84
1121
4715
2046
1752
2810
5627
8085
9236
7166
8664
3852
722
5811
2815
2667
3950
6571
6937
8739
3209
9261
5519
4558
7331
5628
6560
6990
7792
6538
7889
3792
4730
9238
9770
3658
5638
5299
2656
7890
9767
6749
5493
6416
5521
9871
4926
3026
2246
7583
2602
9143
6554
9780
5251
5029
914
3005
7452
7406
9709
8957
4862
4168
2729
9604
1039
3427
190
8573
6048
5490
1813
909
8747
9541
8380
2202
1849
1288
2747
3554
7543
2496
6970
1513
9243
7038
9889
2910
3272
7292
6483
9749
5230
5618
6611
8513
6309
931
6114
9630
8450
6015
3942
8997
445
5383
3910
5858
183
2882
5356
3
6145
5502
9385
7837
9181
1057
8315
2360
3223
3478
8569
463
8097
6382
3362
5866
4874
4243
4507
5747
4748
1815
9088
1685
7165
3907
4693
3175
611
4768
8444
2297
1287
2015
5419
4566
5893
7503
1244
7920
444
9532
3307
5099
7438
8197
3473
5572
2170
5570
1072
9592
1938
6222
7842
4524
9906
9317
5881
2557
2272
5691
6580
9923
6308
8680
6173
1708
4404
7057
2527
482
9753
4124
2236
4469
2384
8144
6119
6810
5870
6537
973
1021
7799
7436
2186
5862
1547
1098
6270
2137
1540
5994
5520
1658
5776
3679
5965
5489
3453
5155
2530
1848
3523
3055
3618
7076
2247
9029
9786
1939
9846
2281
5300
7629
5690
6693
8274
892
2086
4992
1866
2308
8072
4468
9478
6769
6220
7956
4116
7582
7711
3646
8676
5901
3305
1083
9587
1381
315
3627
4509
603
3231
4877
7939
421
4183
318
9553
7971
8836
8142
9790
8816
7338
4060
6243
4477
4
5711
7593
716
7473
7542
9640
650
290
5517
5774
918
7747
5325
9004
6038
3187
6713
5435
2730
4487
7871
8250
7286
3826
2699
9668
4294
1416
3884
942
9934
9264
7819
2118
6435
5382
1962
1973
4649
6297
5708
6174
2494
9997
7942
7516
8038
9795
3498
4987
6983
8131
5150
9185
6627
6128
4932
3539
9866
3563
3995
6072
9312
7036
1522
2524
5586
607
9628
5464
1637
2110
465
925
5563
3224
5590
1555
7234
769
3790
738
6215
4458
9991
1493
9913
152
9665
5140
3049
7280
6009
6710
2223
1421
9979
4408
9829
6524
6585
5955
9056
8870
1250
829
2162
4374
324
6909
1505
5768
1956
6296
7068
1697
459
5869
6850
8590
6877
2991
9268
2329
2762
8116
6601
759
2670
9204
5979
8445
1881
274
6637
2968
6770
9951
1891
3869
4850
6948
2387
1233
6008
3089
227
572
7994
739
2828
9660
3700
7599
9449
3342
4878
6422
5209
2061
7748
4105
3464
2087
5480
9960
2659
7728
9098
8211
6927
8571
8480
4769
1828
4739
2834
3505
5333
1745
2790
7422
2630
8658
5903
4582
3226
4342
6589
787
9076
6741
7088
3290
4043
2571
9200
8749
1266
360
2206
4669
5413
5262
5513
3977
2731
4448
8645
4865
9142
7564
2682
5201
3227
1014
8151
9125
4161
6728
6643
7961
5013
3020
1600
4662
2454
9857
1515
7293
4233
4828
2309
5577
7843
899
396
870
7932
8871
4639
9483
2188
6330
8124
5045
7999
9877
5025
8418
4079
1910
5106
3472
5636
5018
7765
2103
6880
8671
7084
505
3276
7300
7491
2316
4882
9671
4369
9565
5671
6165
6808
9199
5295
6982
9926
471
6180
4641
7202
303
7408
4866
3582
8060
5888
9343
1135
9907
8426
1705
6564
6147
8558
4178
7841
8228
1960
3456
628
9477
231
3803
6719
5540
1398
623
8606
6203
6994
3191
5753
7066
4867
2760
2529
4714
881
3351
7957
4289
6844
4571
7804
7271
1195
3265
1761
1811
875
9045
989
8194
3050
4706
5002
2259
1454
5332
2871
1727
8162
8404
8522
507
6921
3889
6322
9132
626
9351
293
4010
4729
2081
8186
661
7221
6765
1574
121
3585
940
106
4958
5838
6759
8628
9063
3421
3583
3350
4089
9564
9529
4922
1693
9536
5114
1448
7509
2358
5877
1556
2270
1395
8054
252
238
8538
6873
7220
6667
6415
1234
2831
4098
5983
2568
772
6494
3205
9911
8543
4698
771
4955
3071
6311
3251
8456
796
4890
4701
4772
3730
3695
571
4761
7530
1212
1407
1436
4779
5258
9696
3366
840
5343
9202
4034
8521
8241
2173
2725
5784
6767
7793
4616
6214
7136
6004
3409
4753
2594
1999
7563
2012
9613
5042
9843
6412
2788
2366
8782
7259
7306
1590
2010
513
4377
1975
7727
1338
7552
2453
3454
4813
1302
6115
9491
8973
5019
6825
1111
3993
7050
6835
2654
5202
8392
9615
3277
9205
619
5191
9456
85
9545
8701
8602
6062
5973
6205
8746
9578
5279
2344
4438
4535
4933
6645
4256
8064
7363
7635
7495
7423
419
5960
325
1495
7333
2180
4585
3776
4657
8398
7389
2969
9386
1734
4758
6358
5037
6526
4371
1657
9856
2587
8885
3232
1563
105
358
2106
8825
253
4854
2135
4417
1400
6168
9302
8943
9860
2532
7015
2960
5448
614
6703
3856
8771
6204
3262
2094
6388
4584
6003
9990
583
534
2427
586
4764
6136
3372
1934
1410
5451
7625
381
3545
5804
7733
4837
5798
2401
3101
8686
202
8356
3967
2970
7786
1199
4247
1691
7046
283
8309
2347
8556
2522
8838
7321
6018
9678
2717
4381
3376
4565
9851
7434
7686
204
6814
109
6951
5652
2793
5043
2501
1692
5602
982
4220
9161
844
9162
9064
3446
9397
861
9167
6080
6199
2784
9605
3088
3047
1074
4000
7382
7381
8442
537
1885
7906
4313
4728
8906
8126
9316
1756
4496
4240
6390
6659
3171
1396
3094
1664
2559
1922
5575
2189
3061
4134
6053
2415
4416
2156
866
4191
3390
264
1402
1816
4409
6737
5097
5017
5290
8199
6446
6798
2570
1028
6636
7178
589
712
7689
7854
5384
2122
5488
3286
7357
6443
2201
8465
7032
1921
6946
7131
1207
8150
779
1198
3015
1474
2837
6387
3981
9173
9066
4198
3032
1229
2359
7515
4803
3536
3445
4077
5670
7158
8721
9296
7083
6177
9324
963
1068
3062
5734
1257
9452
8371
6612
3871
7290
4138
506
8096
6305
1334
1855
8298
4543
9165
9778
3179
6565
209
7026
2406
8300
5003
8043
3338
7947
3740
376
1024
4678
4334
9146
7390
4800
9327
3706
8687
2199
3504
5785
6438
3660
3266
1755
6805
5405
4317
1689
5819
1601
4998
898
2134
7825
2194
7627
5851
8471
747
8336
1386
2696
2705
9215
8801
2966
5495
7351
7769
504
4085
4564
8402
4207
1377
7725
887
3280
2006
217
1453
380
9620
7493
1949
1242
8690
830
9287
2589
6319
8036
2597
3016
7172
4871
9258
2107
2062
1651
5557
6730
7897
8046
9109
8591
5697
115
4977
8881
3551
1059
1742
9082
5358
5662
7266
9992
2305
1793
6584
6980
4655
724
3373
4680
1226
9418
3315
1097
3823
2573
4277
7931
5847
7302
2675
5035
509
5724
2470
9439
2797
1371
6964
6056
2499
7928
1185
167
3197
7260
1430
2634
370
1735
912
871
6507
3699
993
3486
7777
8068
2275
5857
7297
7573
7666
3458
520
7879
2215
1546
5479
770
2101
6169
5439
9330
2539
6792
8702
6530
1615
9079
3762
165
3398
4344
3710
5368
954
5859
8882
7531
3393
5934
3696
9537
2854
9956
5525
1770
3431
1607
8346
7180
1353
9792
2433
7544
9858
4003
1049
9203
983
7658
1581
4015
208
7269
1613
5391
4292
7047
2294
1764
6529
7993
9525
181
8534
9756
7361
3339
798
7272
6466
6971
670
5260
1877
1728
7818
1193
4928
8699
5722
8210
751
3850
9352
638
6940
179
1499
8031
1614
6928
908
8284
1252
7720
7952
4268
8469
8280
7612
5128
8114
2795
9609
8260
672
5995
8827
3271
688
5254
3688
6917
7155
8005
3714
4664
7200
2943
836
9774
5904
8700
6291
5348
924
3515
5239
5642
4298
1710
5086
1562
3599
1114
6400
7056
8709
47
338
7673
7130
7055
3639
4967
2964
3465
371
9459
2987
1339
6512
9462
1488
5149
3622
3151
1203
8218
8945
2967
3052
4424
5263
3758
7142
9467
1182
9014
3114
7086
6434
559
123
2085
8975
4203
9328
6922
9714
2905
3326
56
5081
3063
7522
2706
1431
6331
297
5311
5605
6431
8732
2912
1283
2034
9096
6716
3552
3081
6981
6393
4237
3066
8174
1617
3425
5530
6175
3240
4825
6803
7598
8593
9806
8091
2483
9492
8601
1328
4246
1036
3795
4426
6588
5559
6752
4735
1542
4170
4679
6515
286
1879
1236
5574
4752
6480
3381
4155
5453
3713
8446
6273
1974
7378
9883
9126
2120
1355
8527
1138
1116
8149
6944
5543
7640
8629
8319
4894
5640
1026
4153
157
6646
1208
2583
1676
2585
4370
9218
6167
7373
3954
4908
8297
1762
1350
3546
7870
8900
12
6756
7849
8190
9060
4209
9908
9751
9567
7562
6141
5710
7726
5392
4109
5723
4402
4782
4889
79
3417
3149
8084
731
2460
5912
3827
1622
1767
3074
3909
7721
961
4051
5103
6143
807
3419
734
6421
1369
7278
3957
9588
1477
2286
5621
9670
5824
3082
1575
1967
2879
3677
3196
6484
1559
2515
4147
3115
9030
6124
4702
859
5626
2227
8273
8175
2302
5976
5298
1469
5512
6224
3810
6444
2402
7943
2661
2846
7265
1863
4133
2419
8848
8138
3984
4459
313
9721
9582
8585
6610
8923
4156
1241
1647
590
6958
7190
5047
5986
2413
1264
5420
3302
1593
6826
4618
484
4629
3358
3964
6828
1700
8761
448
2540
3106
8603
1964
3743
5073
2171
1037
7385
3169
3895
4601
8638
3529
2148
5554
2334
4348
4200
532
4869
6005
5117
8045
5014
6468
8863
810
4048
6233
5592
3575
5291
5999
9835
7741
4659
1638
5980
5389
8641
4712
9023
8909
3274
8727
345
2839
2979
5353
1459
1178
3988
7929
7224
3058
1158
2404
8139
8286
5515
8963
692
1588
9021
1724
6469
6081
6662
3418
5531
8576
2420
1955
1986
4644
3663
5534
1731
2076
2166
762
2226
1969
7116
1095
8155
9602
6640
3763
5752
3028
9490
6223
1605
5598
8990
1936
2022
3949
4672
5996
1720
4950
5322
3134
3802
3720
4603
1232
339
4492
8369
5957
8467
1725
2818
8125
5496
9955
1805
4691
916
8913
6146
5223
3855
2990
7244
7276
3459
9929
4857
2886
4628
1775
3329
3885
1980
5841
3705
7425
1656
7375
957
3541
1897
8672
3080
1953
5942
5306
2740
4630
6517
7953
1362
412
6153
1746
3848
8482
3929
2258
4991
7548
1012
205
2787
6567
2224
1714
6605
6684
1688
917
4595
6502
5861
7781
2925
1286
5718
354
1412
3994
3508
189
824
9887
1694
95
3188
5
8237
8024
6403
9731
9379
5579
1880
270
3947
2845
8930
1172
4454
3433
5401
9285
4915
4608
384
3841
8609
1917
6266
4526
9420
1280
8035
7885
469
4391
913
5556
7734
9260
4474
6384
9600
287
9695
3735
7545
8147
8303
6104
9482
8087
2410
4841
3319
9259
2541
7336
7979
5907
2363
8074
1314
5717
857
4787
8258
6840
3937
6882
3283
7299
8484
7143
8545
7723
5946
9989
3924
4186
640
2806
9121
4310
8762
1979
7409
9693
7179
9836
4973
104
8577
3345
7827
4686
8804
7403
1274
5511
2870
9307
3642
3652
1618
2451
5613
1928
4305
2268
8616
3359
6019
735
7803
8537
5184
3108
5227
8177
943
5057
4193
1461
8344
5127
5369
6973
5411
1818
7427
3610
2903
8352
4716
4231
4148
7762
138
7317
7353
6120
5269
8106
1634
1281
3930
9950
8972
9276
7867
2059
2219
5807
5199
3780
1270
4291
2783
990
6423
9512
7907
7751
8189
7091
1312
9093
9500
3892
809
7077
9677
278
1833
5172
1463
1090
7852
6404
2218
5748
6192
3806
6506
2537
1426
2528
222
2168
4590
9101
2114
1227
5928
1051
3353
5757
1645
4899
8725
5654
3958
3392
3397
9430
3559
4833
4736
2778
4547
4165
307
7643
9617
627
7742
7977
6294
7324
7039
9807
2030
6497
4102
2252
261
8081
1223
5414
2207
112
8875
4187
2764
7919
5450
4844
6858
6139
2565
3868
7346
4018
4177
6300
5600
3607
3544
100
8999
1733
7414
3155
7714
2400
6578
1159
4814
7887
2444
6744
3998
7198
618
3371
714
2351
1376
7590
5034
5361
2609
1830
9037
2741
2231
6957
7700
3022
3489
3023
5588
9526
1850
7685
8088
9447
2141
8324
3019
728
5385
5009
5991
4856
6409
2945
3525
2105
7401
9290
6614
6677
1659
1088
2495
3426
4357
3124
2520
2407
7984
4330
763
2045
2292
9931
7210
2255
3344
8104
7779
9178
4461
4057
7274
3183
1954
1551
7450
1737
8363
3364
2917
9046
4923
4119
4798
5707
4179
6055
5379
1673
2679
4185
5790
8682
1388
695
9637
3773
356
3212
36
6729
8213
2954
2915
8079
3009
6251
9024
8657
511
9134
5410
349
2486
4055
1864
3013
3292
4519
193
9667
5100
5314
216
5894
4822
9828
4465
6398
5427
8191
1649
6302
9967
4583
9580
6607
2398
1263
664
3757
7694
2213
8365
3898
8366
9115
3056
61
897
9382
2436
816
9739
6967
962
8951
9223
269
9
4851
7013
2300
4799
6923
5372
3702
232
9850
4290
9320
3814
8620
5349
9958
6864
1985
9013
7214
8051
4513
8133
6513
187
461
6195
72
130
1650
4855
9839
4704
5288
9736
5264
7787
8911
3752
4900
497
48
9116
7815
3469
7327
5831
7859
5432
3560
7587
2177
3779
5305
1038
1433
255
3694
9020
8768
3820
8154
8948
8674
156
5370
379
27
3027
5388
7757
8874
6088
8842
5806
8952
8643
9782
5930
1784
6121
7828
76
3394
523
365
1382
4536
9488
8367
6209
4375
2692
4556
981
4041
3434
1820
5672
6655
2132
9086
6241
6671
3748
3336
5310
2759
3959
4990
1715
3110
4255
4956
4891
7009
7652
5756
2422
8360
804
2024
6090
4221
666
7834
5929
8099
2502
8019
8301
3499
656
6250
3753
1393
8917
8976
6275
5884
5728
5261
6962
6326
9168
8960
4145
8067
1420
132
3619
1438
1405
1892
4282
7489
7844
9129
6540
7579
7832
7639
4033
4437
1145
3647
3799
9812
7709
6771
9513
8178
7788
4654
470
9329
9515
7996
2481
3668
6363
2553
2235
4493
8849
4238
5610
2332
1480
1128
9910
1455
9653
98
2123
9335
8756
6849
7719
1332
9935
2395
6631
854
4843
1301
458
6047
595
6521
9729
6317
8137
1235
8925
8993
6187
2775
8892
427
6377
4204
1802
9164
6219
1391
9267
4299
2249
538
7376
555
2866
2165
9793
5611
9673
634
7866
2909
4560
2350
8866
7005
5978
2254
7277
1671
7982
5067
6014
9431
4722
8969
6847
4239
7687
2835
1611
5304
2513
4951
6600
9097
3239
6581
9272
8108
3771
6536
7400
4587
6474
220
4780
5059
9451
6523
6590
6472
1153
5802
5645
4720
8668
596
9071
9852
625
4368
6891
6736
259
3772
2812
4478
5374
8040
9583
4047
7497
5898
8640
2394
7646
4667
7167
1972
8498
6793
5095
4174
3131
1086
7622
711
9254
3597
2383
148
5568
3170
1004
5006
4785
9337
2619
1557
5676
2832
5036
8225
2852
5900
4627
1838
3159
9809
5063
524
795
5526
3514
1511
6191
7908
6131
5394
7512
7399
9065
740
1466
382
9104
2980
5143
1401
8076
7847
3252
2811
4422
2855
7159
6006
4563
3667
6700
1231
5265
2023
1772
2865
5632
3084
9332
6298
7448
86
5705
6489
8607
2766
3972
2887
2055
4795
6181
6721
9195
8025
2284
1718
9407
11
5539
2949
4358
5622
7236
3416
6160
6929
6473
5378
6318
6888
3008
4881
298
5762
9796
548
1458
3137
7420
6820
757
7334
7672
5015
7395
9713
2899
3044
8422
5426
4539
228
5675
6785
361
3193
9659
7566
8492
6408
7356
9868
1566
6253
8729
4379
2391
1771
1552
6369
9504
7028
6519
1160
1726
2722
4392
2645
5938
7649
5771
5089
5951
7426
6256
645
62
7698
9507
2084
5373
9366
3144
1050
1034
7233
4594
9644
451
2973
4447
508
1732
5066
2554
7094
8873
4081
5422
1812
3786
8368
1801
8443
437
6035
2579
2425
4812
70
1670
233
2962
7424
5917
6238
7312
4823
2503
4321
3257
3991
6976
9373
2138
285
4774
1022
3824
9965
6701
8001
2342
2550
8720
1390
7812
3936
1503
9855
1136
4172
9028
8488
5307
5467
3230
2498
9402
2994
8568
492
7479
9305
9323
9870
1794
3153
6961
49
802
5997
1015
8813
2746
4363
1126
1230
1425
6054
2102
6347
9174
6050
570
4751
827
7371
395
6674
174
6968
1577
4631
5816
7065
7609
742
8919
7722
1834
1164
8291
2049
3931
4009
3985
9830
3330
2330
6963
301
4333
8780
4827
4020
3963
5207
8822
3833
1696
9421
8061
4491
9917
3532
7518
4144
3890
9291
6092
9745
5192
7471
3067
5726
955
2808
5418
8041
8312
6459
8409
5133
5458
8254
1629
3927
284
8772
9702
9310
557
5271
4196
8110
8846
1845
5104
357
5294
4284
6150
3840
8817
310
8423
5510
3876
4176
848
5800
2939
3866
314
3328
1687
7139
1149
8496
2561
3095
3863
1869
7798
5363
6689
9367
6012
9961
5620
8983
1679
107
5468
9825
102
6324
3579
9481
5619
2278
7653
8928
6498
7407
6441
6495
3908
3809
4189
7156
4274
573
5309
9100
478
7369
4315
4100
1786
8152
5180
4806
5745
8759
1803
920
566
6939
2200
7008
3932
3194
2646
6184
2418
4688
2649
2965
7187
4223
6999
8134
1471
4446
6155
1832
1078
6383
4149
1081
6542
9378
1451
5163
5720
4053
1723
8095
8328
4598
7904
3528
2891
7133
8277
3298
2794
3731
7063
6099
3077
4158
4225
4423
5497
8102
8757
3721
3054
7482
6429
4505
116
2512
1707
1085
4607
7604
8120
6068
2754
1141
2306
3596
6198
7125
7858
443
1379
6822
317
4544
5328
9124
1667
5822
7851
4108
5709
7791
8094
9952
1349
6576
5248
8525
404
3214
3104
8507
1841
9675
6231
2508
6668
7758
9561
3378
3684
1063
6027
5916
4288
5795
2801
9295
937
5833
7494
4745
1297
7966
8895
4498
3838
3606
4885
2880
5773
4609
846
9594
6859
8171
6732
8845
4504
1573
1237
3955
2161
5444
5447
2641
6341
9399
7770
9444
8796
6208
7074
5403
4623
6652
9061
8936
3439
1107
7313
3040
9501
3495
7699
8058
2029
6029
4213
6550
3971
6978
7921
5478
3420
9457
8623
6499
2412
7111
418
2804
9676
4484
7541
4500
3837
6327
6287
2096
420
4954
6985
7517
2859
580
5536
6676
6665
7840
7790
5200
701
3917
8432
3592
7934
1672
9170
1112
6467
4763
7630
3709
6389
6575
4810
248
5681
6185
5746
1304
5789
822
7951
281
9022
4821
8310
9226
9895
6758
3698
938
3875
6670
1467
9494
3078
6876
5408
5503
9147
6479
9725
6753
6682
5669
3220
5193
599
9158
3477
52
6255
6777
7067
1406
7147
5139
487
5362
9521
114
8901
9949
6274
6683
212
3073
7903
9358
5567
5764
8279
7875
8394
8417
8449
4805
5677
7417
485
4666
2635
6625
4949
6460
6001
2637
119
9863
6248
9133
4024
3343
6796
2538
3555
6984
5854
2548
8939
725
3284
6164
579
9945
4252
4261
6895
4166
452
6032
5993
3608
4986
4139
9008
7024
8843
9862
3535
1322
5375
5120
7514
1790
8141
4815
9831
4970
6021
9424
4141
6751
5206
678
4056
4613
901
6463
389
3291
2111
2287
4788
708
5699
4401
858
4479
196
4517
6941
6638
9120
9472
9410
8322
1978
1713
160
8435
4518
4695
1704
9547
7342
4920
1470
7206
140
3905
5470
9009
850
7659
7650
3021
8600
4319
6065
8812
8844
3861
7053
5119
1292
4440
7990
8775
2053
1669
1110
893
7683
4346
2152
6417
8159
4443
2136
5967
8267
4366
5968
4419
4383
7135
3859
9986
5555
6775
7682
615
280
8802
9824
3493
5387
9880
6087
7547
9108
5875
4593
9622
880
2505
4276
2751
1452
1089
1822
9514
211
9771
6934
4340
1008
6306
5591
643
7212
7449
1273
1129
3556
1504
4425
5407
2043
6516
2238
4040
8630
8910
8933
3797
6371
5528
3632
6938
9899
8503
7873
5196
7886
5544
1071
9429
5765
801
7262
428
7701
2549
6402
5022
7411
5639
4551
1206
3011
9626
78
8093
776
7100
8653
2381
8265
2345
1255
5825
9817
9859
8830
6648
103
3581
8698
6252
1465
3817
8119
2379
6532
2813
7816
5175
2701
6286
73
2934
662
1576
1787
1105
6616
8961
6995
1779
9999
5381
3815
1104
3914
2877
7613
6853
6482
6445
9466
2129
7850
4097
2658
9847
591
1582
1831
1360
8421
9437
6190
9849
3370
5330
2996
3726
3923
4830
1003
5041
2291
4128
8021
2616
1148
8325
5778
8536
6661
2545
3316
9865
5060
2142
136
3167
8778
6632
9073
7242
203
9861
5483
8589
3846
6681
5031
3241
9815
246
2643
8407
6234
9730
7463
5040
7710
843
5266
9943
3844
271
3636
2678
67
5475
6695
9422
6454
5925
7991
9584
5897
9319
1132
1422
7439
2779
948
6816
6989
4090
9707
3804
7392
7772
8841
7738
9733
6780
6860
4619
2535
7107
2774
7145
9785
2769
5727
6098
7585
1624
6829
8023
1478
5615
7537
8987
3669
8057
2668
8886
926
1533
7617
3413
5167
6997
6827
7108
4303
4087
6418
8334
8980
7349
1079
6232
1933
3100
2798
7227
602
5433
4638
5872
6067
9155
9840
3116
3382
7223
5473
4434
9590
4442
526
432
6505
9048
1179
7913
4721
5231
646
2442
3715
9298
5805
243
6414
9621
6987
7505
322
3112
5704
3386
1175
7974
9779
4361
1606
5087
1077
1352
1923
9755
9224
7978
5318
8781
8797
4206
2543
4483
4466
6573
8412
7335
3655
9683
5808
5786
5267
5477
9493
4234
4414
9787
3090
4999
2175
2179
4080
6151
2947
8306
2614
1579
5198
3616
8351
4470
2025
3701
8723
5725
2644
8227
8561
9342
137
3217
5485
7476
7536
5360
6189
3791
2652
8612
7688
6568
288
6348
4902
5469
1950
6239
1443
9233
234
609
9579
4251
195
2008
4868
2368
5679
5695
7716
6071
6430
4301
2036
6040
8829
5561
1736
2475
7880
6709
9156
8370
305
4384
1553
9348
5508
7684
7040
984
9225
2437
6258
3281
5074
6503
4552
9765
7981
677
9869
159
3186
8354
2755
472
7110
5839
8989
172
1278
959
541
8552
6722
2204
6824
7474
9773
3208
1882
8086
8261
3288
9032
2405
3828
4724
4696
5287
4096
8809
3141
8608
4130
1768
1604
5137
8562
6476
6694
972
1009
308
9559
9946
774
7418
6424
1450
1147
5409
6432
4624
6002
4614
4897
8247
1152
3725
9611
7968
1123
1709
2950
3085
9872
8793
9744
5170
5892
1166
5313
2112
7831
3650
3945
1415
8259
5635
6374
1418
1356
479
556
1260
3524
8617
9176
8337
3128
968
6527
3656
1916
9783
7691
1125
5583
3857
3925
9810
696
9413
5253
5169
9558
5050
9799
330
9304
5284
4939
4324
5366
3311
6000
5767
660
4107
8977
5218
6465
4864
2244
8146
7835
3979
6678
3831
4182
350
2898
9127
2867
9289
9905
2672
9286
8737
4726
6733
6714
6548
4143
8689
5686
6490
3887
1653
7794
8792
3327
8389
4353
6881
6162
6510
3687
2349
9699
5190
9345
3099
4260
1239
3562
5030
7041
5174
6795
6395
4938
5072
8027
8509
2639
1754
755
6959
1773
1113
2340
6386
1276
9435
164
4017
4386
6376
5607
3483
1399
3029
7203
3862
2389
4773
6602
2274
5992
1017
5541
9647
8156
3237
9380
9197
4117
7340
9516
6116
6392
2874
7092
4360
4350
7377
218
8760
9381
7256
522
7506
7195
7905
2829
3199
6477
7623
9903
4014
7773
1920
994
400
753
7539
9574
2065
9748
8547
5101
9530
14
50
667
6458
3201
8748
180
5848
5777
8288
9528
503
868
9445
5282
1982
7243
2256
7526
2523
4499
4909
1789
6603
786
3068
9211
57
5949
9690
944
166
7354
4796
1883
8416
4985
7916
2372
8524
2608
856
3335
1739
1940
7072
9944
7534
8530
6654
3174
7051
5237
430
9149
359
6366
7018
3501
4538
3944
32
4648
8101
309
9114
276
1528
7896
4120
5587
1792
4604
2892
394
7973
6217
4790
950
7877
8902
966
7923
9288
3163
6101
4542
3595
9641
7644
5895
4921
929
5876
3751
4884
244
3444
2031
5393
2687
2744
5159
7162
7485
9190
3719
4561
9354
3812
4351
82
6791
3759
7415
545
8964
3312
9326
744
1867
8718
675
9509
1031
3734
5750
3293
7857
2463
7892
197
9758
8502
7320
2288
8652
9743
5761
4996
4765
7117
143
1774
7789
446
1310
7469
6356
7126
8289
8752
4016
3756
1262
9145
9959
5989
8355
8519
8287
1721
3926
1534
3388
5815
3228
9331
1951
7114
3617
2703
4961
5803
2328
9461
7874
5674
6617
6912
4575
1069
1913
5760
4876
2116
4781
6399
2662
4253
9814
2913
9263
6089
7283
9716
1428
8013
8533
7104
9159
9306
7183
5972
5918
8610
4095
4078
4767
7257
7035
4418
5981
2044
268
3775
7749
6133
2276
3087
4540
5963
351
9897
8563
9838
9614
5959
9803
2702
1196
3130
2669
4653
3471
9538
6060
6685
9000
8839
8858
8276
4640
8164
6227
7247
5038
6170
8814
5367
3121
7606
6293
1210
139
969
9798
2636
500
7681
1254
563
7578
6609
5759
2098
1585
9681
3665
2627
6622
3777
3299
9884
5680
3102
2324
8656
8688
5772
4602
1517
3107
517
425
4760
5341
6017
8018
9688
5425
1217
5782
9726
7676
9996
2827
2072
9573
7281
9390
3470
2198
8970
8938
9885
9569
2409
3881
6598
5506
2004
7855
2079
7713
7540
6953
7941
1268
6720
4453
4754
3490
1456
6079
4322
2339
4038
6413
7484
2858
4352
5518
9742
89
1655
1243
4026
9499
9873
5834
454
2458
7705
3507
2563
9971
921
2140
5078
3480
9398
4783
5124
8862
3301
7103
6783
1324
8831
4969
9864
6158
9139
3980
6813
1498
2491
6952
723
7205
5146
2479
9933
7364
8553
9231
4403
7616
3933
7359
768
9283
1578
552
6887
3143
2304
7915
9586
2904
2836
4511
3935
8377
5966
406
2421
7569
6272
1298
867
3463
7160
649
8535
9706
5549
8187
682
6107
3728
4420
890
4327
7323
262
4942
6154
8959
5664
1154
2749
296
5115
8786
2531
1259
9826
9984
5863
3745
8296
4249
9527
2908
1170
9982
1847
473
5484
2824
8009
6401
9822
1033
96
6109
7926
225
8078
7240
144
3558
7964
904
3983
6776
1404
703
4531
2445
1319
5821
9816
4925
737
4126
6110
5109
35
2269
7006
2653
2737
6085
1010
6492
7060
1890
6105
4389
4600
6818
8109
3103
1457
2153
9473
9172
4887
7881
8890
2484
2765
8395
8066
5694
4633
9113
1064
1795
1218
5134
7054
8523
4888
3160
2313
624
2431
5224
3248
9182
3255
2214
161
9544
5797
2555
5219
1905
6898
717
2732
8193
7864
4521
4395
3083
7113
8789
663
3989
9511
7217
6049
3282
9011
6626
8955
4989
3093
6879
9092
2756
3150
6420
7560
8487
7570
145
1316
8581
6932
6650
5442
4528
4004
3435
9650
3215
5945
5197
6991
5566
8758
2632
388
5466
4685
818
8971
5338
8635
7983
1445
5788
1884
8263
1046
8128
7000
6750
3235
2083
1516
9649
7963
8440
3801
6593
8002
6508
1271
730
2157
3732
7230
2816
1976
9853
4137
7081
1608
8850
5741
6161
4278
8014
5281
8596
4848
3680
6657
7093
9666
4863
5326
8744
83
5461
2564
593
3703
6845
4697
3323
1990
2640
3573
7614
4750
2577
7064
4171
4819
2506
6073
6841
4318
9704
2230
3513
7702
5684
2124
7645
985
7550
2346
1482
1966
6797
3380
3946
6836
8667
1005
319
5998
3661
8372
1530
2348
3754
9471
5020
9568
4429
2390
7237
560
3069
2459
2211
8897
1317
8486
6718
518
6717
3722
6563
3874
8619
2938
3162
9658
1865
2097
3503
2298
4963
8016
976
4159
7188
1791
3482
4591
5336
2671
1584
8566
2695
7012
1134
8052
3678
5217
7642
7144
2799
6811
3403
8000
8717
1056
7303
1476
5010
9759
1496
9318
9072
4046
6778
8340
5836
5055
2547
8803
69
4052
7664
1007
3693
3415
8464
3206
1307
8891
7394
3256
8618
8478
6918
5961
6276
5763
7250
5505
4656
1340
1030
4734
5277
8252
6026
2718
5738
1636
4467
2388
7499
633
9684
3872
4399
3484
2770
423
7821
6851
9715
3603
6817
6854
7478
6351
2856
9916
6405
3520
998
2776
2921
8592
4111
2242
4490
3202
3689
40
3940
1000
4839
5186
8316
6016
9495
3025
2130
8770
4432
3294
2521
9371
2623
7037
3491
9347
7379
793
3788
2217
7568
9928
8705
8075
1035
3492
4235
1190
4011
7058
923
7453
2862
1492
4853
6425
3634
4515
490
1681
1945
9388
8912
8710
9740
8055
4099
5742
8869
726
4194
5406
3422
8834
6708
4019
8463
1345
3404
3126
1858
2071
9455
1944
2234
4293
495
6344
1139
5211
6977
8755
170
4917
1484
1924
8742
7238
375
9232
5633
4211
2011
2318
237
9625
9083
1861
4719
6686
5165
7011
1991
9423
8112
7822
5216
7511
5331
3576
3455
2337
7003
5783
8239
6784
2849
3006
539
3122
9973
7451
4073
7620
6304
8837
3813
9562
1981
565
4190
3854
6855
1641
501
8828
6856
5516
5342
1333
3625
9425
4676
8515
1070
6911
7811
7669
2733
9942
2757
4568
886
7138
7345
3360
2301
4984
7168
4039
5068
5896
1441
5984
2262
1899
60
5177
5855
6102
6587
3384
1868
9680
3117
6108
8776
5673
6522
7305
3412
3259
8012
1571
6772
5397
8242
2592
1054
7533
3729
9549
2916
1824
5376
6070
8996
2289
841
4025
2169
5203
7421
7189
2714
5533
7031
6651
8390
9403
4258
4599
3916
8245
8453
1189
4049
3096
1058
33
553
823
8633
936
8663
1907
2019
9169
2825
3429
1142
905
684
147
5850
842
7441
1285
7073
5008
930
1565
2796
6901
7661
9631
9522
7430
387
7171
7109
46
6375
7960
1987
8232
3275
6562
111
15
1519
9486
2726
9762
6470
2121
9193
2923
4718
6613
7580
8244
9308
610
4845
8779
7304
3716
6462
6604
7925
1906
2556
3672
4746
2456
5878
8878
249
693
7398
1510
7895
8574
7761
5280
2598
2761
9827
7089
7955
2245
863
2918
1744
1931
2742
150
5158
3651
9144
265
2724
7862
6666
9894
3340
4337
6059
5535
442
1091
1117
5404
4838
5835
8
2542
7137
466
9099
7433
3704
8448
2095
9985
408
6277
3198
162
7096
8375
7759
1248
1016
896
7900
2172
7739
1115
4634
4086
1491
7527
7882
9925
8490
5564
3612
7561
8788
1527
5460
766
6159
1361
587
5606
8719
2439
7296
9166
5141
3902
902
515
7350
7766
9497
6687
6194
2399
5446
9265
6702
9980
8329
2665
4463
9321
9502
9689
2720
9948
2803
8221
7466
1383
7708
8921
7950
5076
5529
9240
363
9674
1245
2785
9975
4807
4259
644
4031
3278
641
242
4737
8750
7141
4559
6819
6740
3818
3858
2956
9271
1609
3819
3692
8037
6267
4296
7619
9340
4412
819
2093
4451
2408
637
93
6556
2704
4834
719
6271
9128
1246
8441
4793
588
7295
6986
6935
8357
9890
2374
4488
1904
956
6788
5056
1935
8462
8172
1826
9548
6974
788
9025
698
794
1168
3161
605
8520
3365
8269
601
3602
6144
8065
1908
4529
5542
7387
2396
9281
7735
9183
9692
9776
4964
8103
2434
2155
8338
831
7502
7496
149
745
1163
4930
3847
5351
946
9346
3064
2073
7248
9589
3664
9700
2628
5052
8679
2684
7085
3374
685
2820
2633
7638
9242
2465
9311
5658
7601
5289
8889
5608
4103
5648
1417
9262
6996
5462
828
1759
9412
1785
1642
6303
8136
383
8978
4197
3146
4835
7559
8918
547
6437
2185
344
1541
6782
9207
8323
4872
4944
1294
4287
5906
6533
4744
6323
5004
3173
9297
5160
6595
5136
5365
3046
9821
710
9520
8396
8195
6899
9188
5062
8722
9282
4146
5715
1439
4514
4413
2414
4036
4064
1989
7936
6084
2735
7177
8823
5357
2786
8908
671
9957
9201
4323
600
6335
7989
5107
980
883
3659
53
7374
4372
3864
8481
5423
3522
4263
1586
885
7106
960
3142
3621
535
7933
7958
9808
9476
4840
7477
9888
2487
564
3800
8580
4495
3059
1684
2041
6916
7030
2449
1514
2485
2369
409
5791
2612
1523
9914
2290
3755
9436
7588
2382
3368
1993
8681
8181
9219
493
2681
2020
4362
8129
4555
464
5441
346
2050
5597
9440
436
374
3195
2426
5238
5845
6464
2507
9682
1630
4452
9250
1485
1041
6094
1911
9119
1844
4157
9246
3906
6870
134
4898
75
8083
6328
8526
820
1819
3733
1625
674
9049
1591
2848
7121
1595
5653
5731
7690
845
8314
1020
987
312
9341
4160
2279
629
6623
2819
6031
80
3834
3784
2261
1561
743
2607
9800
3962
9801
9698
5507
3460
5339
6979
9042
6773
6842
6428
5276
4164
4791
9601
8840
2800
8877
4660
2622
483
7413
3518
6325
996
907
6096
4626
4710
2003
5046
9969
2911
7902
9936
3466
7805
3135
9727
3375
8438
7946
4028
1678
6385
2584
1047
8386
3873
4269
4576
3401
7836
6723
2159
8236
1997
8798
8255
4617
6137
6440
5153
4394
2946
1596
2884
6543
7784
4067
8204
6379
4895
8958
5867
7388
6865
8851
3213
1289
1741
9361
4579
8293
4689
9052
8393
5852
169
4849
9761
3324
7853
6125
1550
876
2833
3253
765
4707
7802
6183
9186
3424
9227
3509
5350
3822
6547
2250
10000
7045
3676
6221
8281
6350
5668
1570
3313
4886
9415
5255
8235
1481
3805
5902
655
2534
2127
5132
7500
3475
5327
9927
6591
8092
6111
7508
390
6679
4896
1225
7648
9266
8605
4905
5492
5417
5977
5064
683
1843
7937
8350
2758
6779
8532
5421
5065
7062
7801
568
9769
9163
9524
3180
4316
1796
4428
5944
5293
977
4035
1851
681
2280
3024
3449
6391
6156
3992
1487
2447
6140
1690
2844
4947
4875
9365
5344
4988
3269
6731
9078
7061
9395
3970
1140
8353
3441
5810
3245
2477
440
9655
2089
1660
7213
5939
9577
3030
584
953
4713
879
8651
8318
3051
9607
6535
2562
9813
5823
6800
1011
8272
5474
5584
1093
4114
2889
8100
3233
3921
7169
7755
7524
3605
9974
9896
4846
5438
888
785
7049
6078
927
7284
5830
8339
7532
1082
4775
7696
6762
8811
9598
8670
1902
2710
1501
1380
6041
6228
8387
3476
4065
1862
9391
8434
8941
5974
8516
5000
1640
8544
4320
63
4959
292
6044
7270
4797
4574
7868
8170
9508
4228
7315
4749
3244
9384
6886
6052
6926
8493
3270
6786
5874
8560
8766
1
2067
1675
8200
1988
3448
3261
6433
1394
512
1918
3041
4910
2958
9015
5779
401
1184
4084
3218
6727
3322
2066
9618
1842
333
1628
7546
3140
6823
306
3644
1524
366
6688
7693
1639
8030
7245
279
5860
6028
3629
7253
1318
7298
2417
6889
2146
5431
7023
1665
4802
5749
5183
7736
1666
3039
182
2139
1781
8550
6471
8458
1662
746
653
4390
1202
986
797
7970
8056
3396
6649
4852
3782
5596
967
5890
9900
7405
2708
7519
3017
6312
3273
9978
1155
4007
2745
8898
6246
8512
4338
2586
4295
5275
5766
1518
7208
620
6451
1080
6630
8292
3613
5580
6862
3432
3948
2767
8740
6037
6485
1995
1188
9039
4061
4192
6883
2016
7341
6704
1992
5637
8716
8570
4859
569
2397
3615
146
1475
8826
6904
6320
3593
2205
9212
8884
1627
6754
2225
932
3361
9563
1712
5523
6635
5953
8308
8044
3309
1044
3865
488
4106
7344
8062
8947
9273
922
5234
7586
9875
7795
4083
5210
9757
2375
2792
7355
8867
9841
5769
8107
1075
9983
9720
945
3569
5751
294
3512
2450
8048
530
9891
1094
235
377
8988
3178
2028
4450
1839
8614
8787
8294
9334
2468
8715
5233
8572
5661
9886
2600
3462
9453
1337
1221
2293
6789
6848
2604
2474
4883
3442
8546
5296
6491
2232
3531
7263
5340
3594
6373
5445
1778
7754
5716
51
5522
2362
8887
8168
8819
6639
7553
9881
1859
9898
7090
7591
5270
9599
1970
3643
2603
5937
7185
5273
7391
8249
2739
413
3774
7998
8184
3075
1131
9210
1437
5028
2343
1323
4308
6372
7386
4756
8069
6768
6656
9747
8403
4903
1370
5148
5396
9206
3474
4860
7279
7044
8505
5494
733
9428
9053
2042
3600
5599
1888
8161
7647
6218
9338
2582
3987
5537
7231
2883
6624
355
7311
2620
8735
8042
7140
1597
5274
7235
2697
8212
9003
4548
1870
4163
543
9915
2727
7584
8406
9775
700
8962
8714
7995
5142
5692
2736
1983
8347
5005
3697
1306
6283
7830
7048
2689
8399
9953
4254
2092
7445
5659
5189
5459
919
8015
9469
1363
529
22
2126
4169
9612
8437
5457
9752
775
4907
4066
4645
2039
1548
101
7282
3717
3915
4829
6975
3053
1544
5487
1497
9754
1447
92
1797
4832
5110
679
7129
2691
2333
5452
9833
2295
8637
6868
6869
4088
1829
1191
4430
7730
8427
31
5220
8511
6546
3982
2331
5301
4494
2144
4879
4952
1275
7740
1040
5558
5380
2312
1473
7267
289
1569
8703
2569
450
7447
5222
6135
7558
9284
669
2239
3481
790
257
6615
2365
9645
915
6211
7252
7800
9566
7285
1411
8473
2435
5061
3260
7457
3407
7301
3487
7207
9546
6734
4184
2355
7520
3951
120
9279
3878
2282
9359
6117
3808
3383
9450
9241
5154
8494
6260
1525
9766
6606
1424
9954
7856
869
3352
6257
9464
1219
5121
5011
7634
4349
462
4550
8226
8540
8805
1311
8330
8857
8028
9517
7760
7504
2805
4586
2033
6511
3221
6672
8627
6033
34
1668
8734
6242
1716
3263
9239
654
7992
4705
2551
7383
5623
4755
6890
8743
2285
2781
5054
4929
7744
2581
2850
2143
8256
9187
3303
9646
8198
3749
864
5947
7070
7628
4994
8253
7308
9363
2936
6254
8270
8080
4407
2932
4421
2546
5268
8504
5546
3736
8500
4044
8767
247
6360
3177
3012
8007
8632
8554
6871
4219
6690
5616
4396
3620
3860
800
489
5793
2881
1840
4205
37
2164
124
6766
2455
7007
8234
3832
5740
4382
8384
7362
1743
2063
992
1661
6815
3527
3952
7610
9094
3553
441
1150
5796
2040
9460
8763
7017
799
1251
1886
2519
1065
7164
5486
9804
2853
2380
206
2210
7289
3010
9438
2625
8565
4658
7150
9257
1265
3540
2090
5111
8090
496
9419
4808
2647
6269
7186
9918
3765
8224
9184
474
8034
410
6337
8711
7462
2621
6660
3604
7226
5102
9639
2174
4567
1177
4027
699
2618
9426
3242
1568
9353
1192
6902
8485
7318
5666
5688
8433
5347
4995
3718
3337
7124
7204
4331
9519
6739
9968
4071
8160
3587
7099
9442
2638
8268
7592
9539
4181
4516
8264
9303
1162
433
4222
6834
8230
6142
1500
5649
3138
7565
5240
9723
8611
9603
9090
1490
6461
1336
7901
8039
1096
7679
2109
3246
3452
5465
2208
439
4314
4534
1612
2975
9055
2393
9089
3496
9531
8359
3928
2914
4380
7498
1103
582
9362
2802
3919
2578
2809
2698
2890
7636
1346
6642
3519
7954
4935
175
2452
5429
2978
9434
8499
5016
99
7651
2212
2984
2605
1594
9275
1127
941
1846
689
7193
5958
18
9339
965
6307
7551
8026
7746
5882
5164
9819
9411
362
4127
1901
6735
1351
7715
4962
2257
7153
7743
9988
8290
550
7976
6449
4581
9102
9458
8934
1282
3654
1702
5562
578
8415
38
8644
3685
7605
4212
2424
7102
1853
480
8784
2145
1358
2657
7173
3883
6692
5663
4836
6586
5032
9255
311
1763
6838
3521
7924
3911
6781
8321
6569
173
8966
7655
9679
3387
5920
5501
9406
378
8692
1799
9408
1780
4267
4771
934
3243
1674
5685
6237
1946
4703
652
7775
8022
3354
4115
3157
8800
4948
991
215
7763
2876
4731
2986
4436
4919
3534
3561
8257
5885
8894
7148
6913
7128
5070
8683
2027
6691
77
6900
3437
4068
2629
4503
6553
373
3628
3662
4953
8059
9652
4279
8950
1384
1161
6804
9523
8157
6333
5039
7883
2423
847
6993
6760
9084
736
8764
1359
4816
2690
43
7940
5578
9269
1827
7796
9797
8665
6561
4229
9396
3686
7196
5832
1782
1893
3739
8907
2277
3631
4532
5400
4265
4336
5098
5504
630
3666
4022
9663
7525
3035
7330
8726
1959
4307
2266
516
7572
4082
3829
2492
320
5950
3200
7927
9963
7329
7829
2058
3961
704
5058
3727
7268
748
4588
4075
8400
348
6799
6229
3168
5345
3912
3109
1483
6263
2613
5283
5545
7876
2060
5152
6699
1256
6129
5794
706
6663
4271
8968
9350
2361
7750
7492
3443
8414
6549
2574
4525
9041
3901
475
8243
468
4635
7416
8182
9389
6453
226
7287
4918
4486
28
1749
1032
4980
891
1948
1462
7429
1621
3172
5272
3746
1757
7316
3222
9277
2037
3533
2928
9479
8810
7660
8517
6634
9401
6897
3285
5864
8642
7962
6097
6867
1048
5023
754
9160
2873
4665
2572
4537
6179
4140
1013
8285
4244
3572
1120
7483
7319
2700
4074
2768
8508
1284
6541
5194
2981
8077
5213
9879
862
2443
3333
8122
3877
9964
7555
8004
651
3611
7949
9938
6058
8192
7603
2178
4911
7745
4612
6345
6520
2860
536
2367
6126
1419
335
2385
3204
4759
1053
3794
4501
4647
2038
1315
4328
8343
239
1343
2895
3530
1508
8785
9051
6531
4058
8397
5334
1109
2972
4615
7621
9741
9054
562
154
5814
4343
2922
8927
5829
5241
2131
659
1873
9572
6572
9220
4062
1444
1977
8613
8731
2163
5051
5560
5604
6478
8295
2196
4152
210
9075
6570
221
8655
7199
2673
834
3708
9533
4545
4481
6207
7695
1187
8220
3211
2307
7589
4286
760
5712
4577
5129
3584
5660
8852
8506
2826
9018
5278
7839
2822
6310
6359
66
2677
398
9249
4708
6675
6738
7665
129
416
1330
6863
2504
2469
6644
2642
1364
6528
4175
7435
6972
2462
5221
4050
8859
6706
7657
4632
3590
9543
229
1583
7339
4670
6349
5151
7225
2183
4329
5048
6559
1249
2176
8995
6763
549
7554
4497
3825
3123
7460
2193
7419
8238
4202
4214
4444
9050
9972
9333
2005
1804
2896
7845
9222
8165
4359
6954
422
426
4464
7021
266
3591
6152
1536
5879
9823
6022
7215
554
3793
260
5135
9505
4778
4397
9189
9710
9994
2273
7082
6396
4059
438
9901
6057
8073
3072
3295
9356
6726
6278
3092
7470
2711
791
163
5817
8924
241
5933
7930
510
6163
7618
1765
9036
4241
342
9446
6892
7528
8615
3787
8832
1807
6010
392
3839
2777
5883
4578
6426
2392
4356
1143
8557
5454
7314
528
4462
5242
2068
191
6061
5084
2356
2478
6299
1545
3830
7529
5706
8425
8214
2251
2352
5909
5926
6186
3238
5395
5033
6574
874
2035
8105
1062
6166
9253
3570
2480
1740
4742
1531
8820
6042
1682
6193
542
5891
4280
4562
8420
5758
1291
3724
254
1002
5088
5443
4684
4042
7771
9085
928
8548
1699
6757
3549
5463
9489
4675
808
3166
9763
3633
3400
7258
4743
3586
282
4508
6837
3296
7384
7678
9294
5923
6370
6314
575
1856
5026
6336
6381
910
8121
7724
3707
5173
3918
6448
353
7776
6936
8807
2709
8452
7458
5609
4378
7487
6316
2961
491
3001
9764
4410
25
9571
8937
2929
2510
4242
9746
3317
110
577
1327
1806
4610
9651
2264
5091
2516
1909
5656
5286
2100
2748
3879
364
4817
3502
2782
5256
9669
3042
4485
3225
5250
1808
8965
1717
6830
1506
3657
7146
1895
7938
1567
201
3683
8278
7022
951
4597
3738
1937
8808
3969
8032
6290
3203
1860
7899
192
7667
1751
9878
6354
7756
1119
1118
1887
1366
326
7674
4021
7785
6148
6157
3391
7059
7112
2807
417
9791
7680
2817
8127
6122
622
2113
8528
1632
5185
2190
3742
5849
8745
8932
3136
872
1325
2674
8206
6839
5818
3681
865
5181
434
9112
3405
6551
9035
3219
4023
8631
3497
8666
9070
7209
5643
8461
4506
223
2314
2082
4245
8708
3614
1267
6450
3965
8974
8313
2974
8728
4873
4914
2080
2429
6206
26
4502
4786
9576
581
9007
1729
2723
3548
2473
1623
9140
3996
4227
2998
131
3014
9300
4646
7365
7574
6380
5813
6794
2894
2660
6457
939
3057
2471
6439
185
8495
6725
5337
1479
3207
6069
5735
7692
141
5943
1146
964
3468
631
3091
7557
2493
2575
2734
1947
8624
7326
7833
3781
1871
860
9921
3060
6806
4281
9091
3976
7328
1874
9750
6914
8089
9550
1403
8176
2517
4142
336
8675
9118
1060
5678
343
184
5987
3670
2187
7347
1900
3836
55
3119
5846
3229
8266
4385
6592
1099
4387
5093
6176
7737
6200
7079
971
5482
2430
1247
9130
1592
6504
1926
4326
3897
4557
8201
9789
1124
7637
7120
3893
113
803
1798
4008
749
4332
7697
9485
7170
3258
5118
4311
7163
7372
4248
5147
3367
2221
7600
8479
8132
1357
1472
4188
456
5631
8916
7823
9654
3036
5323
3682
3938
7888
5733
3598
1635
8510
9802
8474
6268
4136
4723
1952
5696
5538
1213
9633
4032
8981
8117
9987
64
321
2935
4668
9357
8914
6282
7219
5801
9606
7631
6664
2182
5096
486
1915
3649
8696
8111
176
7052
4520
81
9772
2104
4405
521
8956
4570
4400
397
5324
8953
6025
4012
7216
6764
6896
256
7814
135
732
5257
5498
4682
4285
6878
8262
9417
8283
9068
6339
9270
7004
8818
1385
5641
9712
8905
4997
8233
3334
5736
6123
6280
8185
9040
5826
8305
9016
4393
2919
2814
3880
3891
3903
6486
9805
4275
6696
7222
9854
3807
9208
3363
8029
7935
117
4927
9336
3190
3249
2260
2752
4533
7071
8439
5856
8669
705
142
9970
2955
9387
6956
9619
8856
9180
7455
8946
3410
2843
3113
4135
9717
8130
5077
2771
5698
5402
6919
6552
188
576
2988
2265
39
949
2941
1919
3086
3638
9368
2017
2683
2432
7846
3673
1073
3356
4510
7910
8824
5075
4700
2160
1758
5532
5179
250
3747
2052
2448
1646
2489
8070
207
648
855
2989
407
2150
9581
8431
5737
833
7002
5927
2650
7241
2403
8684
6843
5693
6801
8501
1329
6292
1502
8050
8447
2676
4072
4002
8299
59
2927
3289
2322
8304
9278
952
8140
4199
4757
1903
5080
7437
707
8167
5593
4398
2125
1169
7194
4945
1299
2580
1894
385
7010
7132
2195
7080
9427
9369
2000
5302
1633
9623
2525
3304
540
7654
8861
2229
9480
3939
7042
3176
6947
5244
5924
9892
2599
5682
7571
6893
9474
4809
6680
4273
9627
5386
8008
5524
7151
3711
5700
3953
4006
4070
7675
2378
6043
3408
8583
6579
5491
6807
9244
1914
8436
87
8998
5321
1389
1652
3189
9818
2791
403
6724
1423
3120
1558
7922
1440
151
4625
6442
3538
9010
263
24
9044
837
3402
4076
7797
5090
7075
1507
2117
5842
8691
9691
3267
5116
3635
2371
3789
4306
7161
5161
2325
3568
9697
3816
347
1876
1183
6945
8240
7663
5781
7174
8163
3318
6500
198
6493
2197
5721
8707
2518
6285
1220
4236
4302
4411
7567
8931
7192
2299
8626
9315
1817
1156
8876
5935
302
8327
1852
8457
1706
9152
7454
3645
8940
9616
5665
8362
4677
8588
8724
889
5297
3037
2056
2611
1958
2985
2364
9788
8864
1677
826
8821
3003
8835
979
9005
341
5235
2840
4530
8899
7396
6802
5594
2861
5359
5249
6925
7861
9376
933
3567
6247
9405
2907
1698
9409
6774
3986
5809
6315
7986
6942
6352
3450
8954
7480
8860
20
4982
4804
9551
7360
3346
8033
882
4480
224
3601
8967
5317
4005
7239
1486
1837
9002
9033
9349
2544
5952
6410
9148
5729
6236
7404
8455
6955
4978
2931
8555
5812
5799
6342
6201
5634
3347
6075
6007
6378
2959
5144
5582
6045
9400
8251
6106
1572
4983
9610
2841
5962
4683
7468
9570
5229
2051
8754
6367
3867
1587
2566
9107
8428
1211
9360
8413
2663
9214
4341
1368
3457
3467
8408
2228
5617
4150
5252
9274
6930
9820
1984
4912
2338
4589
6875
9661
1963
158
7332
6992
1269
3438
3974
2780
3510
1130
7273
531
1968
3526
3768
3723
3185
7087
2069
10
1367
4965
1929
9309
3956
2002
1543
5820
272
3990
7917
6295
4373
2567
835
1644
7467
2248
4766
544
494
4473
7322
5915
2099
9902
5236
2336
4162
1896
5232
3331
9624
5440
7768
2240
8378
9595
7718
8302
5247
4129
340
4605
4218
477
4475
5550
6095
9534
1464
1043
7898
6915
7001
2220
5667
9198
44
1825
3588
2626
8597
5285
1216
5012
1823
1305
7507
3623
6812
5355
7577
658
1468
6077
1137
6647
5354
8935
6673
5827
5889
7624
4549
9043
8599
3564
122
6555
782
5083
9518
1619
3105
9930
2514
1753
9719
2893
8382
7149
673
7594
6127
3389
9034
1738
8815
7154
2428
2937
9542
4092
4637
6394
8207
6138
3537
4820
8738
177
7348
5430
8497
4892
2326
6698
1296
8082
1529
460
1932
514
6874
2078
3978
6264
7368
5049
3999
9194
29
894
2902
328
3332
594
2167
9794
1602
2851
2158
300
3574
1589
8374
8196
431
5730
4569
851
94
7486
1777
5053
7806
5569
6411
1055
7078
5739
7105
4674
2149
9760
6225
8476
6790
7878
764
4717
7175
7264
9738
9213
2933
1925
4740
6539
2001
7662
4727
3578
812
1018
9110
6669
2064
399
7670
1341
6182
3325
3542
7729
9904
8773
6596
7246
2133
6011
449
2617
1348
9433
995
1303
7732
7538
9117
3369
3543
3145
6743
90
6488
4112
402
1309
2377
4122
6171
8777
1750
7490
9150
612
9103
6284
8529
8949
3766
7229
6747
1580
1429
9768
4606
1760
2847
8992
5156
7393
9874
1599
1686
6831
5552
2982
6132
2472
4118
4673
2151
6340
5755
2488
8678
5646
3355
1295
3436
4732
4968
8179
7152
1067
3411
5787
199
9248
6933
1023
9634
6086
8865
527
3031
9012
694
4471
2
6213
8636
7668
7656
3165
4981
5456
5303
369
332
2753
884
2926
1290
9234
4406
2920
676
621
9728
9540
2335
8429
9591
5112
9463
1354
7948
7909
3184
6557
3357
2952
2694
2416
2838
3076
1998
6100
8693
6230
7712
2588
7556
4596
9909
7325
4554
9375
1449
9585
8903
4573
5553
1174
608
1912
323
4784
4692
1272
9867
386
2590
597
1279
7095
4818
3882
3577
806
1171
5226
4960
5171
7442
2376
251
8564
7097
4652
3287
8794
5932
2953
7119
7521
9708
481
5455
128
2536
3511
7288
9657
2900
8115
4592
2648
7959
9638
3675
4132
4738
6024
5970
7641
616
702
780
632
2738
9784
4063
3630
5614
7549
8098
3845
5007
8483
7444
6832
2115
4054
414
2624
2842
5657
4699
9393
5246
5886
1610
3934
1122
8595
3506
3842
3385
1494
1748
7294
756
2007
6212
8348
1108
9230
5908
9993
9138
5259
604
6216
7027
7122
5204
773
1809
6353
3414
8567
6083
7370
3349
8712
2216
4946
7412
4741
6365
2457
4733
3968
5990
4643
5547
8489
9038
6566
4013
5125
7894
9067
4029
1200
3943
5754
3268
7513
8673
8203
4030
6545
4094
5985
9080
3886
74
214
5565
4300
4091
7481
9325
8411
5113
5398
2721
5527
5868
5094
2601
58
8660
3254
1027
8229
617
2712
6621
9882
5936
4037
5162
8145
424
1258
1102
9832
6436
54
6091
6924
6455
3216
7767
9228
5123
6332
19
9837
6202
5865
6265
9031
3440
8765
1392
2482
4224
9062
2558
713
789
642
2233
4789
498
5352
1052
2311
5215
1321
8893
877
2595
4367
8741
6594
8466
2108
1520
8216
9059
7820
4339
7807
3609
8751
4966
6618
9632
3300
9976
91
2593
9557
3557
4572
7402
6112
8148
8477
2411
4831
5743
2552
5548
219
1532
42
8922
3098
3018
9256
7380
1365
8586
4309
213
3589
8926
6066
7201
4663
1701
7410
4681
8331
331
2983
127
1201
3744
2296
337
5187
6907
8459
1066
2054
4931
9251
8549
7254
4776
2942
821
4093
8713
6368
1180
5644
1133
1106
4847
7780
2823
3691
2271
8559
8364
8472
6525
4976
1209
4270
3973
758
1326
873
2875
9962
5719
9703
8579
275
8982
1006
9209
5931
5377
3494
5364
5176
4456
2321
2651
525
295
5182
4445
7475
9229
727
5166
1165
5940
9394
6281
4913
4365
8215
1526
6501
6262
5434
5732
8332
9432
1101
3164
2191
1087
9636
4154
4431
4972
6742
5416
5840
533
457
5551
852
9876
1293
4217
9001
8123
118
7291
3147
5629
8542
5225
4354
6023
4621
3139
3043
5941
4553
729
3181
1603
7016
2461
8753
7918
7752
1549
2310
5713
5428
3377
752
1512
6857
6620
7987
5975
1100
4215
5130
6013
4195
3783
8047
2192
8697
5001
3767
9135
9006
5828
8854
7607
1374
3571
1442
429
3870
8335
7576
1144
3379
68
4125
7967
2610
1342
657
5589
6364
3899
8381
2128
2664
6103
9737
778
6712
7969
5988
372
4472
6821
1413
4208
6998
8202
1971
3778
2181
8991
7488
2088
9081
1460
2243
6969
2303
8594
3904
4347
6039
6509
9154
2075
9111
71
1240
4110
6245
2048
7459
3033
6949
9441
8217
5625
8231
1387
4415
4916
5308
3750
5853
5887
6051
9484
3896
9662
4975
6558
1875
2341
3395
7432
2014
2209
8153
7461
5157
5655
1854
1535
5956
6357
2509
447
8847
9196
1836
4725
8879
6452
7633
1042
8790
1930
3310
988
334
7440
9844
3796
6846
4512
8806
2863
3133
9058
1222
5683
1434
13
9322
7985
5312
811
153
4522
5595
8622
7307
1539
1538
2944
4934
1076
8942
5024
1151
8625
30
2631
5792
1663
5092
7275
4101
598
2147
7472
1167
352
8373
5044
8468
126
1509
8358
3125
435
5335
4232
958
8135
5319
3079
2315
9383
4045
2253
567
3761
5071
8575
6715
8205
3148
4325
8904
9608
1626
8634
4312
6188
2971
3517
2963
3399
1631
6906
5138
5168
1409
8385
1253
3428
4264
2533
8896
6481
7337
783
3769
1084
2466
9535
3007
2655
2772
5954
9510
814
6475
1204
9642
8053
415
9722
715
2763
8833
4580
2830
9377
273
7
6034
4801
3321
3550
6787
6597
327
7581
6130
4893
8704
4151
8783
5436
7255
3671
4936
2897
2606
7997
7033
2070
5082
825
4460
686
9122
2885
9718
9217
3297
2283
4687
9834
2013
5880
4747
1347
6172
3127
4131
853
9392
5744
4546
5320
6755
7671
7523
9299
4661
7184
6746
6487
3626
5228
6334
5509
1157
9235
8379
6496
9057
8209
5315
9924
230
7626
3070
6197
781
5027
9027
467
1788
8342
5145
2878
304
3250
1769
9687
9374
4880
277
3920
17
1173
606
3712
4979
9221
8915
1703
7249
8010
8424
4636
5624
5245
3118
6905
5079
6653
5843
8541
665
7891
8791
7914
4201
5069
7343
6748
750
2119
947
5647
2074
1648
935
8317
4711
3900
1994
2693
2857
1019
2995
2464
5390
8326
2327
6064
5689
4690
4257
7182
8929
6966
1643
8118
1872
3461
4826
8883
5780
1835
5630
6920
1214
2901
108
519
8733
9245
9216
1344
7703
6641
839
3182
8986
2354
4482
8248
4937
3966
1537
9648
7677
6544
585
721
5500
4355
7029
9656
6338
7863
9995
6329
393
2441
8647
7872
551
4940
9593
2576
5969
1335
9177
4435
6355
6629
8011
2438
9247
2728
3640
3430
3500
9711
3888
4523
2237
635
2497
3547
7972
6628
5329
9560
1554
8349
9019
4901
7813
3674
1408
1308
1889
4870
7101
4230
1045
8219
7535
8166
7706
9575
7778
5243
8685
6711
6852
3853
8430
7615
2821
4210
5775
6362
7251
3624
8531
6244
8539
2872
9077
240
2997
9686
6427
9123
7717
680
9105
4622
3451
906
8662
8648
4770
9672
2009
8604
7575
8979
5205
7020
1730
88
3306
1766
1397
5899
4441
9554
8071
4121
7134
2323
6178
6259
5576
5481
647
4427
267
2977
1942
1598
23
574
405
9842
4993
6931
1943
4971
3279
6113
8183
1427
5971
9153
903
1965
4651
2267
5701
3154
7632
8677
7980
8388
7098
8271
6910
6619
8405
3034
5214
2888
9506
7127
8695
2440
5573
9777
1228
2057
7034
5476
3737
9136
8920
3798
3516
9370
7043
1194
3152
7443
4904
9087
5913
9556
4842
4297
2154
5108
9171
2716
9685
6046
709
9106
8855
2924
7810
5471
316
8208
4364
9845
178
7176
1898
8880
7865
41
2743
5921
3097
5601
8659
9404
97
2773
7860
3348
476
5703
2999
9498
5412
9355
9555
368
997
194
3447
171
2047
784
8650
4811
1776
8518
817
2715
2957
2560
9732
7753
9912
9454
5126
2685
1564
1414
7944
8888
9475
7826
4777
8598
7783
502
6861
5346
9313
7118
7782
8944
7501
9629
1941
2241
1300
5905
5449
2091
3065
1261
3960
2467
5316
8769
4974
8984
4642
329
8621
849
3406
1435
838
1810
8475
9191
6289
6361
3843
3045
6020
832
6833
3247
8401
5651
8799
4449
6261
6884
2077
8451
4957
9314
3308
7397
2490
9947
5021
9941
9939
6745
5922
2021
6599
7869
6965
1029
1680
2615
9781
2373
999
6
7261
8460
7025
1878
6514
1783
6960
3000
8188
975
4924
3479
6082
6397
5292
200
9074
6063
9893
7123
499
5964
6885
7945
4216
4439
9414
2680
6761
3341
8736
3158
9735
1821
6030
6419
7764
1654
4345
1722
453
5873
2993
8694
1001
5371
4943
911
1620
4376
3637
9940
1489
65
9026
1061
718
6707
6988
690
4620
8795
2320
1197
9151
3156
9468
3423
4541
3236
6313
9920
5702
1560
9981
6406
8020
8853
1927
8307
7731
697
4792
4611
1238
9293
3111
3320
5581
3129
9724
2976
9137
9131
9487
4180
4455
8868
3741
7893
7595
5603
7838
8333
9694
6633
4123
2868
895
7352
1331
8654
5612
9179
7014
1814
367
767
2319
7602
6134
2940
3941
7309
6894
8311
636
6583
9848
6872
8410
299
6196
2018
7774
9919
3038
7464
2930
9932
3264
3913
5910
4001
2596
9237
4906
9465
8582
7707
7608
3565
7884
2948
4858
3849
3485
9443
16
8649
9705
1176
8341
7446
9635
5770
5914
4941
9597
5871
1372
687
3004
9280
9292
4167
3811
5195
133
792
9552
236
2688
8551
2370
7465
5131
1025
7824
2906
3975
2026
691
1224
592
7597
2713
7510
4824
6705
9664
5472
5415
7115
639
5911
7817
2386
3641
291
1719
7310
6288
1205
6407
2719
9496
168
3760
7211
7848
8578
8143
7181
4457
8275
4226
7988
7197
7218
613
4709
6950
878
5650
9157
5982
4527
8584
2666
5188
8639
9095
668
6074
4266
8706
2864
2476
4335
2686
5212
3997
3770
7366
1277
9503
4173
2446
8345
2263
5919
411
2869
7191
1215
7975
1313
2203
4388
8454
6240
8180
7228
4762
155
1186
7596
3048
1711
9301
805
9047
9596
8994
3566
3653
6149
9192
4304
978
9922
2789
9416
245
3192
1446
561
4433
6943
3894
3821
5085
5499
5122
8661
21
4069
1432
7965
391
4104
1747
5585
1521
1378
8158
5105
9069
7157
3314
3785
6118
45
7232
815
6076
186
741
6301
9811
5714
4861
7069
8730
761
8774
8222
6658
8320
9252
3851
4671
6279
2511
5837
7808
970
9643
8985
7431
2353
8173
6577
6210
2500
2750
8006
8223
7456
6809
4794
8169
7428
2222
9344
2951
6908
6321
8017
900
