6798
5687
2721
4648
7745
5222
9544
2059
6283
5813
7975
339
283
6769
3174
3728
6528
9306
7386
8164
8967
4291
414
5607
9605
7517
2199
2874
8860
5025
8358
8320
4787
8403
8979
9155
9889
1464
1425
5759
7361
8877
604
5635
7018
503
5957
1572
9209
5118
8887
8163
4232
3224
7657
1623
4106
4647
2738
8921
7299
8812
2009
4292
8133
3865
6234
2086
7109
7530
9786
6172
4964
6187
3768
6081
3418
7819
2255
4840
9821
5413
313
9071
4617
3365
9921
5624
2012
8893
3655
508
8950
6956
5556
7694
6424
9630
7134
6241
747
8607
5554
2526
5571
5882
7493
1937
6721
4083
1473
4035
2193
7391
6784
4651
5574
9080
3432
86
2302
2592
2724
5569
343
2291
603
3706
7823
6867
1789
6604
6775
7518
1372
540
9719
1816
6950
8149
2441
3264
9352
4550
7959
891
9785
4577
9627
6204
98
7093
8922
6239
9574
5403
8205
5836
3780
8897
1428
5016
8872
6129
3940
8687
7454
8182
9092
1842
4042
4205
3098
2074
4169
3784
2558
3741
915
4908
6921
3207
4381
4674
4190
4349
4909
3726
3656
5576
5514
3287
9815
2982
5785
405
5058
9228
460
6523
7196
9053
1269
2304
8839
2505
6966
2095
1657
1456
3276
5546
9797
8464
8971
7528
7646
9348
6535
4697
337
7968
2749
7888
4104
5370
6774
1860
5855
6140
3946
2448
246
6275
8069
5683
5193
3579
3691
3878
6888
692
4762
7011
3250
2328
5285
809
9731
9081
627
1966
5717
6698
5035
3347
743
2786
7419
5429
7130
455
6120
3663
4432
7347
7428
6886
1563
6339
8773
5174
4307
3559
4221
1606
2739
20
3765
8421
2200
8097
1710
1566
6305
8457
1829
1348
2616
437
4012
1362
7099
8009
1588
2525
3705
620
8306
7417
1876
6308
452
9865
6121
4690
7360
5923
1360
314
3810
191
845
4366
9929
7080
5548
9112
183
6008
2625
5272
8291
6142
7083
2024
8704
4277
5991
5690
1766
6813
3802
1051
6029
381
8616
9817
6856
262
8316
4561
7407
7934
1560
442
6676
7885
4290
1541
5518
1238
5906
8313
7484
9346
4373
6244
7587
9520
3402
4150
8779
5277
8318
4171
9268
7267
699
37
7450
9636
17
8998
9994
3730
6474
6459
6986
2308
9070
1262
4097
463
1651
500
1229
3179
7385
6993
9725
9763
161
696
9988
9398
4111
9778
3981
7054
1148
172
3799
3517
1795
857
3533
5159
2389
9051
8554
7951
1790
8856
885
1293
4443
2951
3793
4227
3668
400
4824
9926
3534
168
7241
9614
8454
7608
8405
7875
9840
5970
8824
6022
8447
5810
7398
828
9732
4008
9795
633
4219
3484
9452
5101
9856
7541
8931
491
6923
3137
9020
2636
9156
6560
2284
7357
4278
9288
6461
6925
6889
4453
884
8408
9966
415
6124
888
1984
2714
9754
5019
7621
3359
7348
6704
5457
4918
2974
275
5474
4105
7551
1891
1257
7511
4472
4270
9538
2023
2246
2699
3681
906
2076
2720
447
3019
6311
8087
5156
8285
9668
3242
4082
3990
1079
6874
1120
6713
1083
5250
3493
2675
6711
6658
3767
8789
4345
8907
9480
1934
9296
6490
6078
4582
5511
4346
7948
2129
5642
7963
6511
6843
9468
5864
9142
1303
1521
288
2953
3833
1715
8123
2030
5397
1336
5804
1142
7741
4788
5818
5201
163
3022
4450
2824
5241
9366
789
4360
149
2288
5062
5701
55
1922
7676
4269
6533
2784
6296
2888
5088
1040
5012
2848
9168
7680
5995
9541
9028
7624
2445
9745
5675
1306
4508
3399
8873
7809
5351
792
1952
1960
3596
773
9920
8517
1015
7208
8357
9780
2121
8641
1931
2278
895
4608
374
1249
7737
7290
2057
2029
605
1468
4152
9254
1091
3085
6072
2147
2615
950
3409
6043
4541
5378
4557
8688
8506
3547
4976
3720
7244
4225
6731
8480
6810
7498
8632
4294
1701
7336
3643
4117
6200
6702
5189
5384
2331
9716
5579
2388
423
4133
613
5467
9350
7822
9689
7288
811
2605
2629
7020
1100
9264
4862
2080
5625
4512
1750
1944
3938
4328
6553
6016
2904
2355
9772
7610
1358
7931
1449
7524
4167
641
3555
7986
2082
157
6004
1850
7536
8425
4047
4022
1203
8275
6231
8768
8747
4359
7467
6929
4068
5978
2338
3078
9938
3497
7774
5396
5586
472
6988
2155
4814
4516
1718
7852
5648
5394
3686
8853
2033
4802
2398
1484
6149
1550
7499
372
8638
1277
797
7791
4665
6168
2038
3723
9124
384
9225
5110
3185
8823
8701
6969
8505
5881
397
9861
1669
3982
370
9555
4764
8160
7131
8130
2000
8116
3500
2085
80
192
1250
4522
526
1552
7170
5329
9612
8390
8434
851
5524
993
5150
8756
4533
5981
4427
3297
1574
4753
8329
7633
5662
8488
1740
2597
8608
9477
9002
7714
253
9579
2210
6287
9383
523
6778
5947
4724
7826
6355
1520
498
3002
652
8141
7971
368
8137
7705
7033
730
1965
1702
3603
2759
1113
8888
8493
2432
2891
3529
1196
9700
1493
5210
4418
5437
7542
3170
6048
1649
3367
4614
4031
6380
1122
4659
1490
8894
8842
3614
5772
434
7460
7368
651
4731
8289
4021
8378
8012
6507
6235
9154
6811
9911
4584
2184
2600
2817
9479
8709
6368
2162
3748
1763
1758
930
1929
9281
5448
4920
5799
9866
9038
516
1682
4661
4258
6642
3054
3106
9886
9096
921
2938
1774
6538
3524
3918
2311
2060
2508
6003
7236
4664
9344
3683
4709
6791
4604
5166
3699
6470
3280
6136
5589
7258
4369
1294
2271
468
2967
5153
8594
3607
2940
8154
8194
6101
7377
1681
1634
1292
3831
3526
6624
9307
7980
6216
2908
8543
1455
45
4552
5094
9078
908
7495
9713
2096
9542
4395
3050
4656
5248
8460
3591
496
648
3567
43
5806
3003
4064
9488
9573
6147
8876
7653
5819
5578
874
7976
3821
1328
9933
536
1632
2531
390
1224
7784
8597
2655
9066
5387
8976
9448
4711
1726
6959
9793
2834
1359
3089
7247
4214
2046
1197
488
1551
3310
87
3617
3218
480
7942
250
8144
7893
7939
4576
4011
7280
8536
92
358
9798
8435
7438
7
779
3292
6068
4037
4637
8575
6035
9396
5686
1734
7531
5228
5354
6519
145
975
2964
6686
6577
8152
8044
7171
8934
471
2979
1103
5206
2267
3087
3237
5244
7207
3159
8904
62
8020
1576
7240
7936
7772
5671
2905
4480
4163
1584
821
4069
367
1048
889
8933
1762
4098
5972
9177
15
7815
8230
8183
9382
6011
7829
7855
9755
5905
9409
3077
3429
8228
6954
7957
4727
3
7388
3745
5975
1033
2893
4825
2222
7804
8691
5005
3805
8114
4378
8426
7260
5913
4473
6729
8252
1217
813
4771
3317
1020
8173
9380
1826
6378
9141
3283
1558
3840
6394
2458
2431
7070
287
5891
4673
957
9892
6438
5542
8456
6558
8028
7257
2855
9525
1169
7008
2056
64
42
7443
4263
7669
8815
9123
8912
8896
8788
344
3635
4055
2262
3272
2050
2221
7825
8959
5202
4547
6027
9036
684
1895
2218
853
9949
6586
1570
8418
2054
9632
6873
1029
9258
430
9303
4729
6845
9060
7529
5654
2297
8600
669
9594
698
9996
6050
4911
9430
5641
8415
5021
6015
4211
2510
3405
9805
6163
556
9962
3553
9308
6634
2212
7724
1534
4978
8498
3684
2624
671
1516
1704
8206
9535
1116
8748
6458
768
5954
5480
9322
3243
3476
2676
839
8528
4698
5831
5261
5828
4708
6700
2579
2182
7340
5587
5877
2983
8307
2365
706
1696
5249
5595
4445
8619
3677
2346
8970
817
7817
6304
6576
1363
1765
4422
5137
4202
8293
1927
1555
6094
7409
1010
3616
7600
6816
9824
231
7160
3430
1887
1621
190
4494
2596
7286
5974
9433
4633
1281
2411
2391
4823
9129
2646
1266
5909
240
3357
2680
40
495
4446
1297
4145
9537
3291
7096
2443
4615
2797
1507
6449
2992
3442
3337
1994
6321
3803
1955
8799
4153
7112
8177
640
7736
3152
8120
8992
2016
8920
2453
3937
8051
6510
3033
9534
5260
6376
469
1144
8991
8396
7780
2658
766
691
4828
9885
6623
9046
4275
6847
819
3951
2647
4273
6706
9903
3206
1465
349
1793
5347
2790
3922
3711
1824
4655
9771
6300
7463
9206
248
6377
4599
5983
5704
1137
1797
4249
4420
649
6302
7211
1889
1290
7941
3305
7203
2939
7358
2934
9025
3652
1106
5114
711
6180
9012
3541
2025
4330
7139
1409
8047
2519
3158
6074
5014
8340
8570
1870
9946
5433
2832
3371
8766
9474
946
590
719
5933
4423
4628
3998
5136
1814
7800
8401
5934
7120
8884
5419
9457
6580
6233
656
854
7218
294
785
7338
5440
8656
4927
5227
1537
8278
4590
9705
8562
2575
7627
9069
427
5109
6992
2697
2455
9978
9659
4660
6613
4898
5082
6651
7908
5767
7101
5748
777
4201
2451
8782
2289
6817
4644
7466
1841
6476
1596
4300
1258
2373
9895
4479
3818
750
8366
1377
6365
4398
2590
1597
9360
8208
1354
4084
6632
7475
5395
361
9412
1046
913
1002
6313
4218
8108
3651
4728
3841
4276
1873
6734
1461
5649
3266
7665
4843
8147
6416
6398
6868
7382
110
6781
1261
1539
8350
3204
3257
2340
8185
4403
9998
5744
4504
5175
3327
7044
6998
8978
5494
1961
2439
3993
6885
9858
1689
322
9463
3175
2111
3609
451
8138
1351
9596
3375
7106
9629
9634
7912
6106
2486
8935
3140
5388
2230
967
9157
6890
7577
3860
4921
2561
2137
2794
4535
3690
2037
429
1644
8552
4769
8666
1125
8705
2853
6812
6688
5359
8981
1287
2839
7969
982
1513
9803
769
8886
5843
8218
9359
6659
9113
1580
985
7246
4062
7977
3424
256
6970
5868
936
2316
3746
2131
1881
4889
1295
252
3917
5130
4819
5122
8507
1518
9598
7473
216
3028
2863
3670
7266
5996
5010
9670
2970
70
5427
8190
31
2068
6531
8222
2932
9473
6622
9887
5477
407
3474
7677
1693
5252
3342
5139
5226
7699
48
3063
3299
2521
1446
1628
9553
5170
9837
996
7916
9804
6070
2618
5430
137
1796
7219
8786
9149
3893
8966
142
3960
8578
67
9562
5842
3058
1723
1263
9402
9486
188
2299
9767
1212
2400
477
4090
1399
5342
1280
7415
4558
6201
4833
7970
3427
5431
2535
482
2798
5207
8220
7811
1757
513
8467
5458
7844
5814
9416
3648
6936
9723
5072
8419
7900
3340
1684
4758
4600
1225
5869
5953
6693
5942
1951
9140
672
8583
4936
2101
3265
2481
8496
5535
1543
3330
1666
7820
2961
9571
5859
5434
5028
7147
6673
5322
3300
984
4488
5040
2630
8661
7652
3294
7909
2426
9549
5639
8269
7464
7380
5837
4886
6846
570
6425
8783
2169
9302
2842
4897
4393
9925
4402
8526
2696
6350
6821
2010
6872
7755
8382
1061
2237
7273
1491
9506
9019
932
23
4831
1182
8678
9237
6831
4874
318
754
6513
8348
6554
3649
6840
3197
6864
4038
2890
4958
9193
4426
102
8007
663
4160
4203
2490
7429
3964
5142
4967
4087
5377
7287
122
3835
4077
2336
872
6590
2656
2380
2999
8663
8279
4005
3338
6547
3230
1985
5071
5636
598
868
1313
2911
3120
8413
9854
9649
6801
9620
7706
6412
179
7520
3715
6601
464
9615
4279
6717
4779
8300
3789
1729
8542
2139
8232
2293
2557
682
2517
3707
285
4912
9693
7367
9608
2802
6183
6170
4923
1368
7506
2427
6517
8621
8729
4700
4013
242
7998
2013
4866
4251
8166
6122
8240
5638
5719
8861
7270
9529
6951
3035
7838
7701
3522
7799
1326
8053
6145
4997
1457
1119
1652
4703
3397
1385
221
8938
3387
170
6568
8407
8593
7793
7481
8371
4856
661
5486
3629
7306
5157
9995
2872
4050
6656
5617
3095
1214
295
9226
4510
6901
8820
1143
2678
3976
9508
4573
2689
3599
4554
8851
3219
7592
9043
6616
670
5736
609
6953
1737
3173
8214
765
2480
6987
2138
1087
7632
3322
5801
5089
4253
6657
1402
6366
2984
1730
153
4502
3864
5581
1788
4161
1330
426
4942
3862
8848
1099
3546
2232
2779
9595
1869
763
798
4043
7069
7553
2815
6315
7329
3339
9764
356
6334
9255
382
4746
194
3657
9516
4836
9173
388
5713
212
6371
8813
2551
9097
5008
411
3100
8668
5898
1590
8135
3014
6924
1139
5284
7308
7142
3909
6762
207
230
8131
7107
8589
347
5407
6058
4109
6191
6494
2718
5922
5714
8234
1892
1708
8862
3049
264
8002
3757
1381
8048
8625
7603
6645
585
784
9692
9939
9848
835
9015
1494
5315
6942
4200
4114
6093
7569
9681
3957
9062
9626
815
6619
959
6148
1166
4859
886
2347
4141
6690
8155
7421
2912
9105
7718
2789
4235
6257
7401
2202
3083
2369
2028
3037
61
8428
1635
9590
3978
9588
3842
5875
7445
3502
3223
1438
697
6877
5348
767
3966
6579
3041
6349
7630
1607
573
6899
4370
4237
4629
2892
3225
2681
5393
5536
5117
7814
7925
8399
3443
3491
8217
1418
3561
4500
4813
6887
5102
7746
1110
8094
2896
3892
2159
6940
3118
2108
1340
7581
841
9342
6597
9361
2197
7182
28
6990
9633
4928
4390
1969
4352
362
5059
7753
9812
9241
6335
9487
6777
6748
5632
2112
3214
2876
9561
9501
4440
3184
7704
9196
1380
3181
4966
3583
3954
4197
9153
994
1809
8486
4000
6018
2503
716
5335
7166
3211
6600
4657
9635
7764
3425
6572
91
9029
8487
5323
8598
6475
4024
213
8244
3374
7055
9550
3804
7133
9072
483
676
9261
8301
1081
6268
7432
3220
3962
3530
559
4252
1184
9878
5352
2198
6549
6224
5215
9192
6853
5178
900
7159
6509
9331
4858
3531
5737
8129
6930
9122
3030
8231
2926
1496
4556
1554
1011
3483
2776
8952
6891
3458
2654
52
890
6434
3948
132
1746
7309
7828
1706
5439
5125
794
2006
3094
7327
5299
6290
4968
9355
1677
8223
9466
7765
479
6870
8882
5597
4718
9163
6042
2928
3148
1528
4308
146
3828
2344
8481
9624
9147
9826
2002
8596
1434
7371
7331
709
3068
5054
6764
3102
6719
2868
2058
9611
6820
420
1439
7763
5031
8347
6926
7000
8880
778
7193
1744
2569
9800
3355
5257
4059
7684
6705
1194
4621
9262
8565
3845
1042
2216
6583
6112
9162
6790
2762
3364
134
3717
3281
9277
8540
5373
9387
8923
5919
5506
9121
9063
1642
7549
9458
5956
1140
9223
1482
5076
9694
5165
7850
75
19
1345
7487
5047
6330
1655
4401
5034
7303
529
2962
8128
1620
2247
6405
5044
245
2143
2963
143
1436
1942
9079
9371
5187
9952
4937
4509
6103
5161
7263
6540
4569
3739
3732
4353
2273
3551
677
8620
4311
2791
8034
1979
2376
2573
3566
9294
8209
6175
2305
7227
847
5169
5451
8652
6467
296
9863
1239
3107
6922
8105
4798
2204
1675
2996
5977
5152
2594
5985
4071
251
3564
1405
2955
7552
3341
7181
4377
6835
2313
7173
7697
862
6484
1215
5952
8954
9221
3324
1672
274
6351
9552
4407
7965
7944
861
1567
2052
6190
9313
6615
9099
10000
1920
5600
273
7805
3754
7785
7152
5414
9357
749
9009
9148
156
5290
8573
3156
6236
2187
5782
6407
399
8267
4070
4763
2464
2461
8124
5533
2542
4495
4742
1779
5217
6071
3005
4343
7187
3624
4415
9836
7053
3143
1739
8827
6276
2785
8062
8703
5677
35
6606
3959
6502
507
3268
9087
1624
2367
548
4837
3485
2566
4123
8065
4846
7507
9721
7457
3968
9580
6839
225
7783
8518
635
9426
1414
555
9373
537
7222
197
8000
599
1357
5584
855
1641
8063
8213
5512
3769
774
6399
3318
9180
2717
9685
2274
6565
4002
3496
4411
2357
5361
7671
1424
3520
4416
7564
2227
5119
8025
543
2931
3464
5426
690
4712
10
2660
7295
721
3162
6091
8468
6161
1101
4288
8443
9115
9934
4720
782
90
2907
9691
6397
554
9284
5258
5928
5833
6429
5788
4829
6995
6252
2924
4797
7997
1398
3766
2584
97
1085
9822
336
864
8067
4368
3285
276
238
3215
5020
1064
8104
7412
6114
2363
9944
6220
4405
840
1252
1945
4226
5752
6479
1977
6028
4331
8822
1673
6265
4030
1066
1178
3908
79
9942
2593
8008
9801
4723
8441
4238
6369
2321
5376
3916
5761
3468
5269
6977
7122
2918
205
3321
1379
6232
2613
5234
7307
386
1849
1
9619
5195
3580
4743
1717
3109
9524
2723
799
9285
9282
6237
6156
5858
6952
7073
8451
3817
8566
1003
2529
7036
7333
9042
7729
5992
4704
5796
653
5181
9597
7658
6621
2452
7712
490
4892
7707
4848
3144
7081
2467
1305
9852
5668
6602
1487
4295
925
3275
9993
4441
5944
4116
5532
7842
8258
2977
4940
7899
2768
3319
1727
5582
8111
6159
8040
5462
1691
3082
9527
8436
4419
8362
1542
8106
3919
7892
4498
541
6591
9278
3354
4835
910
4872
4707
5710
1613
76
7392
2701
8640
2433
4913
7628
3623
3182
2465
1060
7294
5503
7141
2348
6352
6498
255
8757
6696
6278
7014
7938
3256
8513
4363
3368
4855
8898
4796
4193
9710
7339
2266
3012
7042
7650
3382
7568
806
7157
2098
6653
3867
9867
5074
6971
1133
1784
4613
7190
9214
1232
8188
2438
6493
2489
8189
9343
8098
1709
6733
8759
6598
6421
8840
2515
2333
7497
4684
6743
4702
4631
4641
7232
3714
1254
9174
1756
1248
5183
9101
6000
5163
6179
6045
7272
7433
4640
6282
2160
2737
6134
5504
8473
4677
558
4791
9260
5679
5027
2228
9024
5640
1230
3527
5146
9849
8973
2132
1216
5456
2062
4666
4812
6503
5775
5362
1205
8910
9476
9023
8665
1299
1957
4560
4007
3346
1422
7835
7605
7810
8915
5338
9808
177
360
1866
3633
3778
6301
9504
8446
8113
185
8602
9862
3584
4052
8550
196
3869
3249
8719
6464
717
9246
5296
6254
1356
2241
1777
5274
9518
1477
9868
4539
1108
1475
7399
1856
5941
4254
8913
2987
6805
545
127
6646
7100
3944
4014
796
2051
8243
8049
2190
4107
2830
6685
6471
1462
8604
9972
2671
7242
7532
4591
5716
3470
5904
1698
2826
2493
7591
4503
3130
4715
6030
317
7422
6269
6670
5331
7485
4548
6649
9784
6454
2637
1515
8869
1731
8909
8762
9660
302
7824
8475
8324
3240
5200
990
1753
867
4789
4619
4738
1810
7744
4521
4306
9095
2018
3577
3133
4998
4667
844
3856
7453
4316
3824
5158
3779
2617
3760
4144
1301
6807
1907
112
4822
4679
5238
7985
333
9172
5237
4531
6927
7866
9711
5840
2731
7884
3836
4565
1406
13
4078
8791
5459
93
4980
4900
3625
4063
456
3026
9362
1686
3755
4380
3453
8210
120
3646
2741
8296
5598
9601
9125
8672
5418
1699
1050
7452
9239
2651
4730
324
2813
2760
2170
6573
2952
7609
5327
9679
1519
594
2314
1335
1187
2578
4265
2994
1501
6796
8246
1499
417
1531
270
5164
7462
1806
223
1647
7952
2215
7115
7771
7580
211
8919
6139
9503
4924
6333
9185
6409
6430
268
4740
2077
2326
5334
3376
538
354
1118
8760
4932
565
7355
1030
5929
7161
7315
8117
6417
9734
2492
8531
6126
3674
6884
954
8465
6192
6627
6785
1026
6972
7411
4176
224
3131
7092
2379
7675
2361
4184
3304
2917
1618
387
4456
4606
6639
5971
4468
5086
7905
6669
6013
5173
830
8631
121
9945
6979
5091
2429
6938
181
3438
6522
6716
5708
6379
6342
2711
8770
5637
5965
2523
6837
7158
5303
4139
7136
6174
6444
2339
4434
5087
5762
8677
8961
7060
138
5887
3722
1933
71
3439
1990
8817
234
9386
7138
6614
4374
6739
5208
3543
8601
8463
2850
1454
8516
4338
465
5390
1158
6595
3039
68
3499
4875
4115
4803
4085
50
4907
8092
7121
369
9353
5720
1483
1888
2929
8153
5766
8290
2623
575
7448
972
4392
2884
5198
1586
9103
5939
2285
6937
2735
8997
9483
2857
7278
117
2165
3239
5301
5013
5391
1333
5371
7283
6636
2758
280
4794
5879
1159
5583
8775
1894
2219
3124
1546
624
4170
7245
5758
8344
9075
5880
6894
3996
8103
6167
4752
9558
4452
3422
631
7205
8548
9806
4903
1469
2530
5695
6968
5741
4622
4603
41
7477
3202
6281
8274
470
5115
3642
4341
4009
1595
6199
8184
3630
3246
4786
4676
217
3066
6865
5615
5368
7362
9932
9609
9489
4844
2256
5779
1688
3051
306
6578
3863
433
9016
3016
4933
9178
3358
7570
1174
7390
5738
2260
4464
630
3090
1361
2670
3989
5705
9591
5697
3388
3822
685
6665
7052
2061
5602
5893
6270
4183
5065
5618
9400
2049
4861
7430
4108
1312
1181
7012
4391
9883
1963
8010
1128
116
9436
1427
8132
1815
4355
8523
1671
1492
404
2933
3552
9259
7252
8905
764
1426
2524
2997
1958
5685
2265
8653
9365
2862
9329
2764
5346
7837
9643
715
3847
863
1812
829
8520
8936
9936
2702
2993
2001
1141
995
2567
4274
4241
938
2069
3172
8364
772
309
9011
1683
7389
8342
2875
4575
3099
1210
7981
2539
3188
611
1776
1188
1640
3601
6907
5106
9229
5444
5623
5566
1663
5667
997
5233
8109
8642
8524
1982
1073
357
1511
1646
9034
5310
9481
2296
5557
7175
5412
5621
4239
5422
1129
3244
4749
3850
6102
7504
7949
2806
9651
4333
8559
9169
9074
2729
7795
1111
6105
3921
5989
6431
5313
9604
5886
3738
3270
6292
2708
2571
6019
7215
6318
2410
2773
6983
2968
607
3698
7886
3114
5760
9041
4589
2707
3631
7731
3644
3101
5229
1065
4954
8811
3667
4351
8433
8241
3806
612
8491
3111
803
7065
9954
167
1057
1879
6828
8015
5231
2149
4772
6420
6520
9974
2418
4147
7420
3970
5379
3187
6076
5908
5999
3634
5239
2659
6728
1544
2693
2118
2423
4049
2713
3734
6492
291
3471
595
5267
992
6118
5540
4025
3613
7816
9515
492
4344
220
6857
5298
7437
926
1161
6326
3444
7128
744
6902
277
1090
6679
78
5830
8937
2783
533
6193
2483
6413
5616
2754
1857
9413
171
2310
2207
4435
740
2100
5976
8730
8445
8391
3615
6765
5479
5825
4058
8080
3021
6435
377
8174
4155
9765
9289
8363
7124
4461
8911
249
5211
4244
5446
8643
2559
6343
4795
3356
7907
7490
9119
4751
3756
4530
9276
2211
6879
7455
7988
4347
9128
1310
4080
1206
5452
6508
4761
3528
8499
8027
5149
947
1510
1198
9842
6617
8956
547
2395
2544
431
5897
5626
7098
8527
6800
6543
2719
9652
1783
7870
2901
6909
4074
5777
4267
7189
8115
9240
4034
66
4733
5763
9982
6903
6130
1846
509
1315
1864
9320
5049
3045
5141
5545
9987
1778
6570
5823
2417
3490
3537
7861
6592
7104
3419
1761
352
510
1890
4572
2880
3834
9712
7928
5461
2244
5406
3415
3750
760
4210
3450
1911
5097
7151
303
535
2809
5273
6107
7525
584
9967
9310
6527
7594
5304
4454
5664
621
964
9238
8918
9292
1725
7723
9325
1123
6550
6695
1272
4616
1585
4387
7310
3149
2471
2921
7007
9540
1674
2580
9682
8469
7794
7509
8176
8732
4497
8670
3669
6061
3812
2998
2194
7009
569
4143
4852
1014
1005
1905
2015
3595
6908
9791
5155
8645
8777
7031
5057
2180
7873
9349
2740
4514
8237
8060
528
3460
1260
2919
8143
4
687
5004
1155
3403
8331
6858
1505
7404
9970
5803
3351
3393
4126
688
6647
8374
3344
8022
6957
1636
2956
6084
6367
60
5510
4136
4486
1648
5069
7749
4417
7848
6166
875
422
1916
3447
9666
702
8236
206
3516
7195
4154
6965
9894
2943
6316
1755
4092
9191
8790
3518
7575
8626
2733
8337
6761
4086
3408
7588
2381
1001
9345
5490
1540
3695
8280
7750
681
6441
7194
9498
9893
8369
1893
2804
4748
4543
1976
2634
9005
8497
9084
9231
6465
9753
2231
7631
8466
7719
8462
6337
1752
5420
7728
2330
3852
1495
7320
2078
5048
4361
725
6229
7274
7150
8365
9968
1900
5051
2843
135
5337
7853
7940
2383
4893
8749
326
7132
2487
6875
2382
7416
7599
6249
3627
8584
2371
578
7566
720
9543
9150
8444
9394
4247
8763
499
4127
2753
512
18
8917
3241
1522
1321
8140
9408
6683
1192
5916
8345
7221
6451
484
6410
6804
3420
3830
7935
8657
7857
8054
7225
2205
5242
9950
497
3163
7113
6982
8375
3381
7414
1329
8090
8309
5365
8180
5872
9621
753
998
7479
1565
7924
2161
5943
1854
5963
9321
3343
1047
5124
4124
8326
2777
2110
3138
9648
8969
1947
9364
2122
7156
9647
2866
6340
8549
2965
6433
5283
629
2053
6406
6372
3887
4482
7459
3772
2488
5061
5599
4567
2661
877
7604
69
9663
4094
1638
1526
8261
9085
398
8592
7126
5079
8585
6793
4447
261
9956
4476
8808
6271
1724
9462
5676
8127
8895
8534
5826
8946
8926
1370
1932
8315
3770
7383
9102
4429
6599
9951
4281
4941
5143
1941
2666
1054
4694
905
3161
1545
7803
8221
9923
7961
3134
5483
467
3956
9151
2845
2195
1353
1448
5036
4706
733
7088
9335
6916
4131
1265
693
7758
9263
2350
5693
1659
199
1089
3593
680
843
8361
1848
8989
644
4865
3462
899
7786
2683
2627
38
5567
6054
1533
519
2446
3775
1667
7296
7685
5482
5742
8546
4194
8651
5528
6110
7833
247
6862
1012
7595
406
4362
9347
1179
5345
1690
6261
284
920
8576
4506
9977
9593
8914
3578
5309
4283
293
7792
4257
7740
5725
8503
2761
579
3379
4585
8082
6967
3838
7687
2716
6345
8151
7177
912
9736
8079
6402
3227
3995
7550
8422
7806
2157
3332
5495
9132
8731
5847
6238
6697
3112
3027
334
7647
7920
9602
9265
2913
9120
6819
9722
812
974
6750
7441
5168
2706
84
1075
136
4847
3687
6064
4172
7672
9589
7369
9600
8692
608
6049
2835
6745
9751
7851
9110
7496
8325
3110
54
1525
4340
1999
4574
5673
1527
6375
3417
3139
7781
5092
7199
5369
5281
3191
8449
7906
4198
6009
9392
7865
3509
4189
8519
3849
7626
8039
5644
9410
4314
7408
2287
7503
1803
5288
2644
5751
4233
8647
8273
7271
2312
2631
3902
9077
1514
7048
5308
7277
7261
2145
2239
6143
7982
4601
2746
6661
3953
7435
7378
5652
6752
355
3904
6363
8458
2469
1906
2270
7226
9248
8990
8052
3735
72
4325
2722
7342
3329
1207
4683
8078
1282
695
9283
7606
8681
9437
3004
4054
3545
9490
5790
5326
9779
5314
4545
2976
6585
9877
3774
6277
4984
2509
1043
5098
2852
5781
9055
1936
8831
9616
1909
9224
9965
3816
493
418
4905
9429
2645
5344
1417
2687
6587
3506
7790
1713
8889
4741
3196
1733
6756
7251
6284
9059
7560
9183
7183
8568
9339
7046
6994
4061
9249
1712
9743
3671
4248
8577
5325
8891
9980
9374
4309
6154
8764
4623
5356
1650
2562
4046
3876
3542
7233
6539
7074
6021
3024
126
1466
8385
2725
1190
9644
2106
3744
9286
9469
7436
9485
6759
668
7735
2801
9777
9623
4389
5927
8440
944
152
3688
7573
4636
6099
9531
9521
3169
1668
7864
2368
6063
5537
4529
3792
3495
3764
2407
1430
6037
2359
3303
8857
7071
6354
4245
7659
988
3749
4598
1476
8900
4744
5932
1189
7921
7710
7097
7836
2234
4970
8718
5661
5979
2747
3435
4130
2116
335
963
9675
5100
7017
2545
9898
776
6518
435
8397
4705
1435
7005
8838
8450
9975
5463
109
2851
8564
6373
626
4689
6974
1084
115
4357
432
5399
1344
2130
8404
4917
7282
5450
8582
9536
6678
5592
229
5601
9460
3724
8259
4537
4067
9964
3571
7201
9875
103
732
5795
7035
39
8169
6230
2437
7235
3560
8680
3116
1349
7693
1311
9610
5438
2536
9702
1088
7262
5534
3619
9677
6881
5197
9928
911
8046
3055
9333
3641
2360
6710
8557
2778
3550
8993
8521
8985
5003
8610
3971
5293
2264
9669
7268
2814
3879
7354
3290
4974
7847
4296
1914
1504
8121
2867
8372
4256
8005
2537
5045
7365
5920
9384
4827
4518
3115
2191
6975
9870
3073
5711
2664
198
741
9179
8317
3693
195
6735
5703
5263
8367
7423
2748
6477
269
9717
1822
6165
1168
1109
8833
6079
1055
2581
7023
5565
530
7001
3958
9188
3498
2819
1767
8751
6689
7543
6643
4777
5357
6723
949
6272
4159
2209
7359
2811
2134
1948
2937
4804
7041
7314
8859
4578
100
6506
1331
6667
8248
6753
7545
8377
5865
4688
8101
9989
2103
8305
1384
85
7191
3827
4965
461
5756
8968
7930
5199
4444
7918
5366
1658
8806
1068
1347
5948
8003
3795
8529
7114
6834
934
5508
8986
3761
705
8733
9802
8825
9381
8314
4301
9583
1745
2679
7316
1883
6931
9896
312
3286
7691
6381
5380
5660
7300
4620
1633
4120
4285
4324
6014
4671
7601
1529
4904
1834
703
2318
879
1835
7356
5134
8170
4534
5318
9275
5060
2633
9603
2223
4793
6062
4680
1885
6718
3839
634
8225
8953
771
9271
2973
4959
3282
6772
9022
9354
8927
3267
494
3923
6169
7202
751
2498
7143
2548
4409
4356
7239
5747
4350
9665
5784
9135
2372
6210
2755
860
1343
6046
1953
154
7830
7200
7929
2577
9698
9831
6626
9013
8327
5633
2782
1553
1930
2690
22
6279
710
7618
9657
4915
1692
21
9907
2268
5408
9052
8850
4439
2272
2795
3178
6776
1389
4102
5889
8011
8982
7999
2127
8096
5317
3015
2710
8224
4428
6115
918
7558
7305
7945
4602
2705
6327
3664
1559
1983
9941
4792
254
7834
6980
2514
4977
9654
5254
4303
7874
5611
8178
8251
7983
5330
3853
389
642
5791
7879
4118
9388
487
9606
795
4696
7596
837
9131
3020
6708
5822
551
7370
4626
8203
6401
7801
8676
9997
6023
1027
6437
5729
4299
9242
2958
748
6521
158
4868
1022
5502
9146
2251
2975
7512
7289
8156
1383
6251
6782
673
473
9200
173
6997
2520
3882
5154
3157
4282
7612
7469
3446
4260
1858
2261
3952
8193
1517
1910
5807
8846
5666
9213
4293
2421
7381
3171
5853
7021
7557
7617
2399
7635
3301
16
2877
9565
7313
625
3456
3316
1355
9511
2245
7616
5312
5854
4699
395
8346
1386
5295
552
5182
2173
8974
2043
2586
9584
9572
756
4066
8787
200
3289
8612
2254
7645
5856
5498
5465
3411
2728
9421
6541
574
9948
8146
7248
6563
9695
8257
8494
679
8801
6020
304
4222
7072
1421
8186
976
1234
8690
9823
9351
9406
2151
323
2003
8175
8739
3008
2606
9453
5214
3924
7526
6544
3064
9166
4379
5871
6047
5167
3069
7673
1867
4553
3823
8694
9269
9076
9992
2094
282
9422
8994
2990
9899
3261
6034
7037
1102
1320
5306
3333
9083
5372
1201
8560
6297
9851
8264
9680
7284
444
8711
4979
8004
8754
6663
678
1754
7217
3125
4759
7019
3209
9021
8233
6556
1964
2906
1193
5561
3395
5774
6905
9358
2954
3380
757
2635
9450
8630
6737
2632
6742
3504
9010
3070
586
7135
5038
2402
5126
3472
2092
150
4726
7787
7932
5851
2751
739
6744
9273
6426
9332
2428
5253
4481
7869
2406
5172
7127
2390
3621
1562
8816
2414
8743
6152
4186
1107
7016
3186
1593
8459
5279
8453
457
5631
5404
1917
2946
2810
4991
2097
6749
4187
3519
7901
1176
1508
2102
6934
9440
1150
7990
5138
5081
5878
5895
1578
7163
5650
1031
8650
9161
1591
9203
4884
7629
9843
9908
9564
8599
12
8001
7778
1177
4511
6488
869
7192
7324
7223
9557
5489
3141
7397
7405
5547
4609
4952
7039
236
8392
6898
1472
8338
7343
6322
7149
9312
7318
3284
6861
1830
8750
9194
2603
5699
9762
8903
4039
2123
2233
3053
4635
6799
6033
6662
1557
2772
9073
201
3855
3886
6247
4775
3622
4774
1817
8219
2154
3362
8712
2188
8532
2133
3132
4151
4001
7709
8649
9298
8603
7254
8125
6400
1622
2516
8036
3570
8761
1069
6949
4477
4542
1441
2412
5849
8304
9646
4625
1811
5268
8410
5405
8932
8145
7302
1450
2694
7954
7214
3907
5780
901
7797
2945
3034
686
7051
5382
7578
9088
1836
175
1808
7984
56
9570
290
1367
2604
2065
6219
1459
1463
131
2042
6546
1940
8996
3536
1171
9835
816
4209
6920
9116
1126
6198
2991
7402
2538
2090
7004
1376
8892
4180
9389
7204
8949
2550
6681
8389
7090
5220
5570
7725
5768
9091
8263
6052
7349
5289
2252
5475
6788
3075
164
9379
6132
4213
3190
1420
9309
3704
57
9528
9985
6294
7029
917
3987
2329
7396
1382
1973
8841
6205
8662
7403
8588
5424
9186
2927
7234
1831
5994
4119
8162
5400
8667
7748
1408
8673
2192
4717
2745
9587
5278
7125
9218
3096
8490
4807
8737
4960
5937
462
4023
7238
7249
1865
2436
6664
7129
9220
1536
3385
6222
6985
6263
3195
4228
5787
7110
44
204
8196
9749
4243
923
9781
664
1243
7832
3611
1013
8963
3903
4950
8074
3898
1661
1579
977
1271
646
8855
4382
9114
6561
3320
4250
3142
65
3751
2067
6202
1267
7119
9301
6830
6842
8239
3925
2662
1751
9819
8671
208
4926
2258
5959
1630
5186
8854
6348
118
2031
6933
5343
8299
4103
3568
8328
6456
7688
5523
3335
1366
6692
8142
6358
6312
2829
77
5888
1000
4969
4174
1616
1416
7027
5070
1346
7006
2752
7301
5839
2837
3441
3373
9160
6608
3787
2816
5973
1714
4818
9236
107
4045
6536
3080
4223
4649
3192
2055
6357
1592
2401
3311
4692
2607
958
7169
9581
3785
4853
2532
7923
3126
9244
3666
9093
1082
1401
3473
2422
4268
689
1097
8702
8871
9617
3007
606
6359
6325
3494
375
2736
9319
7144
3645
6291
8571
5527
4784
11
6151
5793
810
3573
2614
4079
316
3871
1268
3721
1259
1950
8479
6786
2135
7717
8018
7089
8254
3897
9204
7451
8319
4737
6714
2840
7681
9730
5219
1117
1121
5381
2513
674
5282
3588
4801
9592
4630
1452
4040
1251
2727
1235
1993
5873
2091
3296
5845
1288
2466
5776
1086
3475
6323
6859
8633
6055
1291
2178
1619
3117
1202
2823
8660
6827
7154
6466
3716
8266
7987
4611
7947
101
345
4490
4672
3255
2366
2726
7298
8613
1324
2781
2847
218
3400
6958
3298
311
8148
6010
3396
2220
1996
3736
3654
9526
2026
1213
9869
616
7995
2236
1697
297
3576
505
5757
5099
4854
1170
9931
424
9232
9195
8303
5734
8283
549
9405
9790
2319
4540
8287
1063
3794
3455
3328
5204
2
4987
9696
6530
9272
7827
8772
4400
4885
408
1241
3413
2828
6007
203
3486
5319
5691
2948
6119
3331
7535
4365
4559
9337
5496
1007
4525
8826
9411
108
6440
9056
8746
6298
9578
8829
1915
7720
7304
520
1154
3392
7439
3854
378
2500
2022
7846
3198
7410
5936
8461
4906
3334
3928
887
7393
7164
7831
9502
1350
1847
5530
3905
6792
1163
8195
7091
4322
5516
5188
2168
534
7882
6620
4142
8045
3788
1134
7695
714
3521
9642
8265
1928
6534
5177
1115
8198
3313
4173
8714
8158
9139
3168
2115
7776
2553
7933
9847
4081
8752
7066
4881
3771
2541
2986
7519
3781
3977
8412
894
6919
6069
7654
6499
3482
5950
6415
7978
8522
9181
4929
3390
7155
3278
8572
2183
8310
1145
2476
2935
4766
5727
2425
5609
124
1743
8398
3436
5340
5670
3203
521
8030
3258
3314
7068
7667
3042
5930
7664
3572
3153
3180
1792
7974
4075
9768
1680
7442
4523
8948
4931
5958
8356
8055
8035
2865
5800
4716
9243
82
2650
759
6638
353
3700
3088
928
7880
8563
524
882
3612
9175
301
632
2409
4888
5104
3569
8478
3222
3043
1431
7213
2416
9494
1325
1946
5084
9891
6928
6825
350
645
5018
49
3416
6497
4691
1479
5915
9567
2208
3713
1407
7641
6213
9311
1394
4465
2242
7777
2608
1056
3155
7352
5903
1919
8245
25
8906
4321
5415
5140
4168
4242
1458
4437
9316
2925
4922
7840
4524
2114
8595
7446
6836
2275
7973
1687
8818
4986
7898
7024
5023
3326
8802
5620
2709
4642
9245
14
7782
8832
3747
8769
591
5464
3481
5575
3662
6056
5894
3201
5360
4204
4734
9505
3421
589
7862
2257
219
2124
3575
5499
5862
6496
5564
7761
7103
9291
4895
9655
2568
3758
3136
3288
125
1339
3221
2148
8795
5205
2460
4091
9044
2214
8192
4492
755
3665
2120
726
838
758
3251
6883
7291
6635
6946
2944
3694
4297
5485
7692
2295
2248
7622
9390
6184
6360
1594
8032
6631
2743
6978
8420
5603
5095
5127
7752
2622
8793
3406
9414
7638
6981
2610
7108
5460
3135
2900
7713
6173
2619
3967
6584
5728
4790
3122
4838
7094
7547
7228
9257
1747
8717
1719
9971
1009
1028
8308
3558
5892
6090
560
5628
1780
1298
9065
4571
6390
1819
6411
51
2420
5824
7418
808
7565
4286
561
9050
7556
8682
3809
436
7876
3929
1722
4722
4018
9586
2972
1300
332
4808
7350
74
3366
4177
7025
6036
2620
1764
5216
5363
2450
5411
6060
1276
5770
7478
2663
7220
4334
9661
7883
9770
4650
9270
8386
602
9057
9577
8400
4181
5935
6483
3091
6286
6738
9782
3920
7424
3232
7366
9385
1968
2039
6185
3440
770
5383
7582
5946
1378
9917
2980
9860
1703
7769
6414
5235
8071
1195
5500
2669
5297
5911
577
8429
1871
2704
1509
9107
4583
2014
7682
580
1124
3894
5075
3052
4955
2808
6715
7548
1183
3208
26
9773
7256
4710
266
9253
267
7747
655
5966
9882
1904
6900
8041
5746
5731
7387
5559
5428
820
7186
2394
6336
5212
7334
3811
3632
9037
9727
4505
8179
7229
896
8200
1903
4388
2818
9814
3038
7910
2156
29
1153
8271
4592
9625
9164
833
6763
4669
8835
3121
6575
5987
9955
8227
3988
4851
5838
6767
6077
5765
6671
7843
5808
4515
6057
6915
286
8484
4754
4470
5416
1307
2511
4857
8085
6944
4287
6720
5487
4778
8537
8511
6917
1419
2800
2897
8683
8716
3710
2971
6306
4507
379
7515
8742
2692
4195
1786
8088
6346
257
81
8941
1801
416
3513
5805
4869
83
4985
1711
4864
6320
8644
8512
2249
4860
7972
9047
1429
675
8431
746
1486
596
4845
8867
2309
9947
3467
2496
9872
9007
5543
8172
8341
1637
3445
9266
3212
948
9969
9697
9737
4323
4555
5771
4132
5682
2071
7062
2887
8819
6059
8360
8929
5333
3372
428
7281
8211
8207
4280
2805
6108
7275
5955
2456
2300
6228
8547
9152
7562
6218
752
2027
6780
3791
6116
5470
8286
9435
5750
6532
7726
7674
1665
1861
9774
9067
9256
2174
8706
7926
1980
3323
8879
7216
1274
3360
2763
3123
3610
6293
1070
2518
5821
3378
3511
8726
1998
4448
3857
4376
2985
5213
7858
3487
5792
8655
9432
2812
4871
2920
5
2035
5551
1396
4137
4993
3846
3969
3813
878
6125
9456
8262
9143
7470
8229
1573
8474
4654
8380
8253
9184
3074
8878
3386
5522
6826
9742
527
1077
4318
3931
1506
2988
307
4939
7849
6757
3200
955
1374
724
2434
962
6472
2415
7742
5605
215
2902
6589
2393
151
4271
1781
7759
105
3868
6910
9871
7230
2609
3423
6726
3535
9290
1785
6256
7049
3000
46
4826
9599
7721
9252
8533
4830
622
9134
6703
9678
6141
8834
7474
5593
2403
1318
1556
7789
7022
3689
6747
9513
9217
341
5050
141
2378
319
7877
786
7293
7057
7950
9279
8951
3934
5896
6730
1095
3166
8713
6542
924
232
3056
8715
3659
4880
4564
5481
4882
321
6404
1612
9752
2447
7644
3844
9902
5552
2454
1185
5276
6203
7690
1156
2916
7937
9006
9299
8987
842
7111
6882
5090
2292
9089
5402
5386
5672
6555
6851
4157
9
9960
701
8669
4961
2793
2087
6212
3703
7743
1481
5423
3478
2171
4944
7802
8995
4060
140
9040
7444
6285
3548
1308
7602
6041
4096
8432
8658
3927
409
7494
9158
8383
95
2324
1695
9082
807
9888
6652
3901
7854
4971
454
8700
3404
2522
5577
4916
1805
5160
9136
6225
6396
4528
4449
2730
7896
4901
7668
3773
3605
299
1270
5123
973
9111
9846
1074
3563
2533
3293
6939
7554
4089
1023
9622
3216
5129
9464
2612
3832
5925
8197
2473
8437
2879
3783
3412
8083
2301
5773
4053
3032
5692
4182
6123
3585
6709
3640
3277
2327
1787
2345
1775
9728
3949
1332
2337
4815
4687
6307
1800
2770
1283
6895
3236
5367
3972
6824
6085
4646
1773
8181
2643
325
9674
1453
8084
4313
4930
9667
7966
587
8881
8165
3349
9653
9478
615
6559
8247
2665
6032
4685
2479
58
2472
5700
9638
5938
5006
2105
6732
7279
8334
5931
3060
5484
1132
1837
2742
3594
8745
9442
941
9094
3933
7253
6722
3029
3556
5606
6948
5521
4632
7105
1991
8800
2140
9673
2732
1008
4747
1317
9676
5108
5052
1605
3815
871
9118
3885
5151
4100
6468
5287
5302
8686
8574
939
7426
228
2674
6044
8883
3067
4457
1943
1614
8830
2588
6189
2688
1981
3508
999
9853
6073
4394
909
1242
5009
9496
9613
9341
9672
5421
8427
2552
9576
3598
1700
956
7038
9650
929
7078
8038
4240
1322
376
243
658
2250
4156
639
6863
3858
8646
6482
443
8373
617
3454
8698
5132
6844
1738
9664
542
5986
1913
7895
9769
2796
8776
2941
4873
4943
9340
898
9545
328
1898
3459
3984
723
2969
6947
8627
3870
7117
5820
9297
3797
7607
3210
475
5883
3369
7210
9415
9054
9049
1939
2048
3515
9117
9699
6223
9086
178
7063
2351
1643
9424
4414
1045
7265
6571
9222
8042
8984
8056
7015
3939
6160
1096
5706
818
4770
3307
738
8803
1019
3150
4404
6654
1078
5870
2685
9834
5093
6245
8100
9216
6945
4026
7118
1818
3076
4044
7807
7534
3581
7030
1227
6771
1799
6849
8611
1222
5305
1770
7079
5043
7640
1532
1935
1059
3911
6803
5902
6809
1021
568
1868
8281
6250
4610
6850
4513
5678
5328
7045
3679
9210
159
9759
6442
4298
2886
8395
6668
9708
6961
8727
5505
4821
9197
6403
9454
292
7323
9334
4455
3097
4483
4863
8095
3505
1896
2263
3947
2668
659
657
5538
4122
983
2873
4612
5850
6918
6452
5680
572
9336
1285
6443
5171
4262
1369
1839
9035
8064
4638
8943
5218
3231
5951
6962
9844
3151
9546
7661
5827
3312
8541
826
5961
298
7991
5967
2765
6384
628
6755
9126
4839
2864
8102
3582
7162
305
7868
4820
8809
2648
1549
7642
9724
6448
119
643
2032
9841
3479
9439
3763
1302
2807
4501
9662
581
2923
4196
6374
1694
1884
8722
2084
6177
8629
666
6504
3433
1392
7615
3213
5526
3592
3712
1470
7483
9133
1221
3229
1247
9914
9880
8728
1660
7993
566
8525
5192
3017
5236
7818
2063
5262
160
8944
8794
2323
4354
7050
2771
5507
8235
9441
4662
6266
5573
4212
6347
5739
6031
9820
7449
9919
4396
4877
5266
4076
5493
8483
7732
1432
1995
8821
6053
9472
5223
9816
9039
3899
166
6529
1720
8999
979
6209
5339
3733
5243
5256
1603
660
3119
7292
6002
7394
8567
8059
8875
2534
5453
704
2700
8167
7914
2384
7056
8470
2152
8901
9314
1146
3979
5492
9839
3414
1497
3129
2104
8738
6138
4413
1512
3586
2626
9901
1413
4364
9684
5745
3926
7379
3079
8509
8804
5689
4471
3370
9788
9631
8965
6309
7696
8471
8807
544
6038
3540
1639
5945
4686
5111
5722
1175
5449
6246
3637
3910
8037
2601
7264
8675
7250
9159
3072
5473
6255
4129
4879
6674
365
9445
2673
5990
6370
7788
3936
7434
5121
8902
3872
5112
8964
9905
1561
6221
592
4627
9760
6481
7491
1316
6240
1901
2854
7922
9375
4714
9983
4817
8609
4519
9913
6024
5176
5435
650
272
8960
8414
9818
588
6017
5732
2957
2858
5834
6109
5659
1498
2322
1338
4785
2279
6913
6131
5912
7678
8336
3914
9451
5590
4849
8384
1908
2277
5374
4421
5103
618
3302
814
3469
2981
2146
8539
6385
4934
155
3731
4027
601
7590
9267
7540
866
9419
7760
7010
8335
4229
2163
4776
8302
3889
4192
5596
6445
3488
4562
9915
9706
1862
4399
8781
4467
5113
258
3011
3383
4484
718
1988
6026
148
6418
453
8581
2064
5783
279
315
511
8312
7087
5445
9199
6666
6226
7751
4317
4230
331
3874
2821
1769
2556
4668
2217
5998
6687
2628
5107
9138
2803
7546
8099
4179
1371
2540
881
6208
9990
3675
5797
5042
8339
9532
7878
2499
5133
5209
8476
2682
8029
978
9001
1978
2482
4816
2543
8814
6100
1092
6746
4304
7716
6273
33
5184
6574
111
6607
3260
4164
2070
3658
8353
8725
2642
6808
2341
6088
8845
2396
6144
6564
9484
5247
3025
5230
5817
3167
9369
5812
4199
5321
5794
6625
9656
1319
5568
7465
1049
7708
440
1485
5478
8381
4992
3279
7702
4767
6486
5755
1395
4485
4810
9747
3930
7913
4593
8586
5332
2083
7979
9735
8013
7593
5563
1571
916
6644
8368
2136
850
836
517
6754
3081
4536
6039
665
7521
3401
1309
831
2158
4329
5203
3608
5191
6675
2440
504
8330
402
9300
6727
4458
6164
1041
9568
7634
3974
7082
3253
8538
8394
9048
9687
1821
8016
5778
4438
4832
9234
7655
969
4451
6331
3639
8741
5375
4332
8068
3702
4781
8359
3263
3059
1855
3776
8260
3628
3477
6852
6111
7034
373
9961
1273
7767
4983
562
3875
8157
6633
8136
5844
2189
9031
1524
9399
8579
5232
5196
7620
3183
9906
1608
9215
966
9618
5627
8925
2203
5555
1678
3961
5612
5068
8843
6162
856
3503
3457
4713
3226
9832
9235
3994
186
4948
4990
5353
1872
6648
5185
7651
5286
8455
7666
3449
1304
7639
3428
8805
2167
1443
8899
3092
5307
9775
9003
5531
7796
1388
1589
2462
4110
1342
8699
7146
8796
4162
5726
9986
2459
5294
6794
8724
4910
7013
593
4588
1782
834
8376
9799
5316
7486
989
6460
3725
6524
1599
5179
9548
4870
6153
9783
113
1656
2468
1152
8482
2281
7698
4947
6768
6422
8591
3235
3295
4206
914
1489
8057
7859
9027
9247
5513
3562
9855
4896
7364
734
6195
3389
7363
7322
3271
5867
1575
6274
6818
9715
5753
4842
4099
5280
5924
7538
6450
3047
8242
6999
4305
897
9645
7579
6427
5544
8070
9756
9838
1375
9533
144
7597
6386
4782
2546
1038
531
5914
5764
5866
2317
7960
1954
8654
8983
3638
2294
458
6505
3377
7212
8771
265
4412
8411
858
662
1577
7461
5355
1112
1820
2528
2565
4876
1645
7346
5829
9628
1925
4036
8858
9726
8606
4579
2413
3348
2527
6462
1296
7625
486
7872
8212
4935
425
2335
9327
3888
2677
278
3437
2306
2353
952
7967
3306
5030
6171
8452
128
9491
6258
7337
4430
883
8122
1218
7798
7058
7297
7285
189
4246
5743
2280
8710
7341
7043
5798
485
623
5634
722
8863
3036
2649
5646
1771
6206
3165
6941
6551
1279
7488
383
2397
7662
4883
3363
1875
446
5718
2506
5655
8916
9517
4581
1219
805
133
3177
6545
1679
2638
4695
7841
7958
7754
3189
4475
7471
7584
8277
6897
8648
6211
4463
476
7555
3620
7328
6395
3808
4799
4914
8664
5291
7513
1530
1004
6066
6783
7537
4148
3740
6382
1583
4166
9201
4410
9991
4146
8119
2563
1838
7643
9207
7544
9741
5969
9363
4138
9509
7197
9026
8238
9703
8940
5802
3108
9250
9658
1986
790
7095
2206
8501
6001
6006
3061
8297
791
2081
4768
4140
9090
5558
1323
5509
3881
9304
6960
823
832
5653
1825
9447
6188
6051
459
7047
371
2641
2117
2502
9559
3762
3895
8947
4319
9393
1289
4946
7611
3891
7319
9874
2040
8928
4375
7002
4095
1052
5147
7927
7576
439
4682
2841
7614
9176
7773
9539
9556
7863
9900
1547
9170
4607
7243
1653
9554
9794
4337
9367
9356
7738
636
8624
7839
1971
59
30
846
2827
727
3837
4231
6457
8118
4745
9377
567
1352
1581
4436
4894
7919
6428
6618
5984
2362
9032
919
3040
6964
6393
88
6137
7468
4756
7185
4264
9733
9718
6682
4474
3154
892
2695
4693
1314
1852
7067
6680
5389
4088
3234
6215
351
8774
2377
6973
394
2089
6892
385
4006
8387
3851
2075
6253
3145
1410
4739
47
3843
9033
7539
9639
4261
410
222
4899
638
5358
7994
8298
1676
8558
7722
9493
2229
1736
3557
3900
4004
2290
6447
4750
3262
8352
5901
6478
4220
9637
5144
5645
7733
5080
8977
8758
6264
6089
1341
4371
1582
9109
2358
9404
2017
441
3587
8868
4549
3309
6640
683
1523
9145
1131
9514
2501
5515
6605
4538
1451
6455
9740
953
2820
2750
104
3398
1032
9443
2831
3448
2715
4015
5619
3672
449
1327
5225
1880
1018
5702
6650
5698
5032
9551
762
8561
3127
8945
9323
2774
557
3935
9030
8514
2099
6383
3718
8723
327
3452
9984
7259
8637
1662
6866
2079
2860
6133
2283
2404
1053
36
5073
3269
2387
986
5007
9507
1480
1488
4618
7172
5022
1138
5002
9829
1813
6736
1080
1670
3492
1568
5517
8685
2914
4902
9230
8024
1275
5663
9165
6157
9910
6806
4670
1598
7508
6080
6196
5890
1365
4834
6567
9738
9729
6098
9100
2882
564
4951
2385
9407
3883
6760
4736
3336
239
1840
9378
4284
5809
3233
7943
2005
4994
2463
5364
1924
1200
1851
2507
2595
4658
3084
8693
5658
9211
713
5608
6150
5553
6040
1874
7821
5550
9500
4207
8489
6603
2734
5629
8628
5588
1503
502
4208
3105
2364
8031
2564
9744
4128
9171
3692
7032
3391
8288
3906
3650
8110
9471
5341
7955
1233
8697
2512
4158
5120
7889
5988
8402
1500
330
2179
859
1807
4327
4020
8226
5026
8161
235
2072
5669
4643
3248
4981
3590
4945
8635
5735
3708
1716
8707
5885
3489
5769
9368
5733
3013
4442
7137
2766
8870
961
2870
2177
8256
933
8388
2164
1832
6082
3932
1604
5311
4048
2320
1034
401
5385
6741
9953
2756
6514
9563
6328
6436
825
2150
5436
6610
1255
2125
4406
8864
8089
5053
1899
7255
5980
873
5410
2846
2757
1627
1157
1165
6906
1926
1240
1625
2166
5300
4113
1062
8780
9017
5643
3589
943
8810
8908
3606
4962
6295
9295
6065
4652
6758
7269
6984
4597
2004
8785
9758
3574
8215
1902
5681
7953
4841
8075
8553
8284
6067
5811
5539
7813
5529
7180
5861
6075
2883
3800
7076
8721
184
1886
4336
3071
4783
2405
6361
8438
3325
822
6182
5949
3727
6491
3345
9845
3394
5488
9130
4938
7689
6628
9058
2861
6815
4982
8159
3465
2176
5135
7317
8530
412
5816
4773
907
2989
3848
8962
281
7458
6701
1732
583
3353
6677
3565
4867
3384
5789
2430
8216
6303
6087
6860
4645
6833
2589
7527
802
3861
1130
4963
5046
2885
2225
3160
9376
2019
7174
8618
9008
7413
393
7739
5083
438
8250
6280
2109
7894
4041
4386
7153
7335
4532
7502
5730
3164
6473
6537
9004
2684
5468
6596
6086
1989
8500
7670
6423
2276
728
9428
619
1209
1245
7585
6963
6848
9683
6569
3259
5846
180
981
6779
1390
3975
5398
1918
4460
3194
8736
4310
1136
7231
6117
2910
6227
8276
736
7184
4019
4466
6955
8406
2044
6341
8720
8472
9748
364
708
8477
7102
4999
3866
6214
1600
8423
3790
2881
1997
4234
1246
5024
4433
7572
5857
2560
289
4033
9061
7867
7860
5874
7571
4101
9205
9979
5501
6932
3678
8958
7756
5815
4149
227
5067
5841
4586
3086
6552
6869
1844
1972
5647
2491
5657
9690
3539
366
2066
3128
9873
3057
8322
6878
6388
6113
9403
2007
4236
4112
9827
6012
5017
1393
7489
4725
237
2788
5162
9467
2334
1748
2898
4520
9338
4326
1654
2034
4217
1400
233
9879
9766
9000
5962
8171
9922
73
3819
600
3604
6829
2141
9104
9470
9461
6641
781
6463
2587
7559
1877
5001
1412
2243
4681
6893
4175
3176
3514
1173
7656
3913
5585
3238
5270
8006
745
6699
5917
6911
8349
8674
8268
6446
3743
1404
3777
9372
9127
8784
3523
2769
5056
2602
9924
4605
2201
870
3431
2008
4989
8639
7887
3709
6155
8502
7425
576
5469
4339
8416
209
6389
1236
9585
2107
4765
7727
7649
1535
1433
9455
176
8282
8778
1364
2698
7375
1611
506
3742
970
2833
5066
1735
4121
8202
259
5580
9789
9796
7188
5417
8023
5454
123
9293
4051
7636
1617
5665
7373
7561
5148
937
563
3676
8636
3245
5064
935
4335
3997
5740
4224
2470
1921
6712
7472
4367
9233
1220
2235
582
1149
2799
927
5674
5560
4956
340
3361
9106
6832
2196
6802
448
1615
1602
3945
780
1286
4639
7563
1975
481
8975
8086
4073
9425
5271
7167
5594
9315
7856
8021
2259
6566
7845
801
6871
7779
4806
5848
6582
4093
7026
7812
5320
5275
7501
2286
1897
4134
9326
9274
8695
6025
391
6362
3510
3999
2021
4499
5723
824
7730
5712
8485
5105
7510
9881
9704
5000
5039
2949
6789
6841
6419
9182
4809
5033
6996
4493
3992
9897
7613
1006
6329
5694
1845
7915
3786
9482
1664
6914
9701
3618
2591
4811
1794
2342
9973
2253
7061
1721
4425
5684
865
1772
9918
1025
783
9957
2045
9560
5884
8634
7321
5029
8191
3859
8510
3814
129
2856
922
9251
450
2457
114
8439
263
7598
1127
9018
1728
2585
4397
1949
4342
7400
3752
3963
6562
8614
2332
9431
8515
2930
1882
4719
1151
1828
6260
7911
4358
9427
6740
1191
5786
308
5447
1959
8295
4135
9850
2477
3205
3759
24
478
130
1974
4949
9999
6356
2570
7881
9108
8865
3451
7374
9927
2343
342
1437
363
271
169
8844
3093
4587
2859
5292
4178
4032
1442
7003
6353
2224
3942
348
2871
9787
2269
6487
8555
8370
63
7492
1741
6766
700
1223
7330
7353
3044
8866
2849
3113
6207
8569
7619
942
2298
2352
965
2652
9640
5441
6097
8587
731
3501
8050
3626
3661
8734
5835
3350
2838
9739
3782
6344
1749
1253
6314
5696
9582
4563
7179
9825
8093
4735
4185
359
2909
7332
9641
8955
7964
4459
3719
3062
6262
5259
9959
187
6512
2307
525
7480
7992
7775
9884
7075
4701
8492
5852
8980
6516
694
3915
4215
338
6612
1759
320
7583
7679
7482
1226
8836
8187
7140
1569
4259
210
9208
5190
3660
27
9792
9328
2113
6104
4491
9859
1626
5613
9098
8828
9833
1833
4551
610
8765
5255
5240
2504
8072
6083
775
2484
2303
2392
1478
2978
6904
6432
8061
5349
3701
3991
6838
4462
5194
7586
5656
2419
729
991
6526
7683
1071
7523
4383
940
9714
2574
9958
8379
8249
9523
5525
5476
3228
6439
4546
9305
2598
6989
3410
5145
4995
9438
7395
8544
5055
5604
7871
1923
3673
7165
9811
1072
4489
2653
6724
3647
2444
597
3512
2172
5128
421
5591
2915
6525
2325
4028
3103
9940
7077
654
5131
4191
5442
5863
4165
1204
7766
445
3480
2895
971
4755
9014
2960
8508
9707
8255
226
5519
4760
8792
1186
7447
1337
7085
1447
5630
2899
960
5572
9446
5900
6691
6
6823
9746
3549
3602
6495
413
3600
3254
2903
1471
8890
1037
4570
2375
2554
5324
202
6773
8622
6289
7956
2093
7700
2386
9401
9688
9686
9459
4805
904
4408
3685
539
532
8091
5721
8535
1076
1992
3696
4721
1768
788
2494
945
4544
2844
9607
5907
241
3884
3682
7311
7891
7178
4017
800
2572
6814
1147
1962
3986
9202
9935
9510
6480
6135
6943
1264
2836
9318
8424
3985
8767
7917
2175
3315
9547
6770
2947
1791
4266
6096
2787
8744
3950
6797
1629
8689
8112
9943
6935
8014
9324
8623
9064
5709
8972
1601
7344
3826
1685
6217
162
3104
4975
9890
902
9444
5562
5350
5011
7198
2047
968
5707
2621
4125
3980
2691
6332
5251
1843
2119
8417
5749
3009
6880
9045
1853
9167
99
260
3199
2894
4348
1256
7406
6408
6324
7637
6637
4678
951
7686
2128
5993
8354
6364
2144
5968
7224
9227
1970
3983
4624
2474
5015
214
8659
4029
1804
2686
5651
3466
7996
1403
8797
2435
2485
5715
6594
6557
346
804
4996
8939
8033
1104
4478
3065
1707
6655
6391
2282
147
707
8753
8393
761
2408
1423
5336
4988
165
3538
5432
1863
9434
392
3801
5041
7648
5997
1391
1017
737
5622
3807
8043
8409
466
1742
9280
8849
9137
2825
5754
474
4057
1827
5063
6178
5610
7209
6319
4887
4973
522
6469
637
1208
106
614
8073
6310
3965
3273
7312
5246
1956
6896
4302
2878
7084
9497
1538
515
7574
5392
1609
2354
6453
3308
6876
6630
2036
9068
8168
8495
53
6338
9397
329
9420
6392
8930
9417
8351
1244
2126
8605
7500
1199
7903
2142
1548
4527
1705
1334
6822
8150
7116
1587
9198
7176
6005
2640
5425
1387
6194
9976
1237
7456
1411
9370
8204
7567
489
827
4757
6725
8017
6593
6609
8924
7326
2775
4800
5471
5116
8708
4188
6660
1024
7989
1036
1460
3890
4384
3046
9864
9190
9809
1167
1631
8504
903
6127
7345
1938
310
4595
2185
518
9423
9395
3636
8988
7514
8355
5078
3829
2088
4272
7768
6242
2356
2703
6976
4424
9916
8077
2011
6991
3193
7376
3461
2639
9963
8081
848
9449
9830
8684
3247
793
8430
1373
5264
3880
8556
2475
2153
3912
2936
4957
3023
1058
571
4568
8837
3146
3825
7040
9981
2611
8755
9671
3426
9418
1135
2226
5085
7715
5940
2449
5401
550
6095
2995
7086
7890
8798
8107
9189
8615
3554
8201
6248
3031
2744
3407
8
6500
9912
2599
4580
8847
3729
3252
9212
9465
4953
4780
2442
8272
9575
4016
7897
8735
9810
5520
5724
8076
2073
6501
3006
7145
2583
2950
3597
9530
4385
8270
4594
9876
182
7427
7440
3653
1467
9761
1094
2478
5918
6515
8696
2869
4919
4891
8957
1284
3434
6485
5265
5964
2780
7962
5910
4653
34
9807
1162
6092
7351
4431
742
7325
6912
6197
4925
3147
4496
2238
3873
1397
1093
8332
3973
9930
1231
667
5921
8617
7522
2555
2966
7762
4634
3697
1474
3010
8026
5221
3896
4065
3877
1912
9857
735
8292
6128
8580
6787
4469
2374
4526
8551
852
8323
987
6751
2547
5409
6387
9750
1440
7904
5224
2370
5096
5037
5549
3820
3796
419
7589
7206
6267
4372
1180
6186
2549
1564
2657
4010
2889
4003
787
1211
2041
3532
1278
1044
5497
9720
514
2582
1098
9757
8942
3217
6146
7516
6259
7757
380
8590
1987
1444
7533
931
1859
1760
1802
9287
3798
8545
6489
8333
1228
6684
3018
174
9569
32
3941
7946
4056
6795
6855
9566
1823
3352
5466
647
3737
5982
9317
7623
403
1610
6707
6672
7770
7476
6288
1445
9187
6181
4487
7064
8321
1164
9937
2792
3463
5688
2667
1105
6243
244
4289
7237
8852
980
2576
1967
5180
9519
5926
2497
7431
7168
8066
9391
876
1172
7808
5541
9219
4663
4320
1798
139
501
5860
300
4072
2712
5960
1016
546
2020
7663
7505
4566
9909
5472
7148
193
6588
5832
7660
6854
1502
4255
8740
7028
396
4675
4732
7384
3753
4216
712
5614
8294
3525
7902
2922
9776
6158
2767
2822
7372
3943
9495
880
4517
8019
8679
4596
553
8448
3048
7711
2672
8134
1067
7703
8139
5491
9813
8199
4315
9499
5443
2186
6629
6317
8442
8126
7734
4850
2942
3955
4312
2315
89
7123
3274
1415
6548
9475
4972
3544
7276
5245
9330
6581
2959
2213
1039
9828
5455
8058
3680
9522
4890
849
6299
2240
8874
1114
9492
2495
1878
6176
5876
7059
9709
9904
893
2424
6694
96
8311
3001
8343
6611
94
5899
1035
2349
2181
1160
5077
3507
8885
4878
9144
9512
