1490
8777
6980
7196
6916
9698
9883
9642
8459
4153
2691
9234
8070
4486
6833
7610
6371
9821
8428
8821
9523
3803
1607
9737
9938
1264
6992
4991
151
9452
1505
1020
648
3966
2894
7477
9981
7471
3759
5794
2250
8488
9113
1388
720
4321
8429
4349
247
657
978
729
3857
5350
218
2025
8871
5950
535
3758
5486
3396
5883
9133
65
7727
5152
5854
131
3196
6462
9587
9353
9570
3639
5297
9448
9967
7306
3990
3482
3481
7283
2418
4121
9872
3138
6290
6374
4992
5698
1919
3757
4114
7365
2602
5846
1067
5117
7996
7645
6963
2395
2492
234
7333
6355
411
4197
1811
3228
3885
8573
8954
9467
4387
3466
4263
6150
5524
950
6069
9458
4811
7939
5980
7178
4818
1474
772
3463
7931
6440
5919
1717
3249
8590
3698
5044
6219
9000
795
512
3733
8544
9381
7929
5095
159
8594
8516
5789
4382
6062
7370
9379
9315
4449
4415
5056
1650
1656
74
9711
3297
4104
6342
6635
9510
1477
5827
7961
4806
2814
1237
4061
7237
7830
577
2886
8022
1261
8874
6422
7330
9686
6906
5975
3801
3438
9366
2671
4307
1740
2523
6835
9416
527
5596
773
7648
2848
3521
3125
5683
4292
4873
7108
5124
835
492
1434
5217
6060
8876
1902
6643
701
5928
6136
1528
7618
427
2146
9456
1299
6141
7915
334
4752
6179
4889
5116
3992
1658
1809
61
4859
3404
9105
6979
1725
7117
6871
1647
6977
8335
71
8402
9515
2977
7811
9212
7173
5396
7758
1229
1550
3224
1945
1032
9011
9894
6354
2454
413
207
7511
8359
3522
526
314
8745
6427
4932
9516
1721
7554
8950
3020
2631
7846
7557
4356
6123
3575
347
6344
7141
1166
5055
7744
8027
2443
4339
1050
607
5467
6016
6520
7014
9078
2668
3273
8694
3370
6821
2913
2677
4732
864
8601
9961
4525
9307
530
2302
661
4523
2266
9054
603
8135
5405
4205
1094
6618
6867
7872
3920
5894
1688
2549
6781
9662
4929
5444
3378
2695
8361
4038
4566
6098
6056
3776
7658
9150
7963
9310
398
4579
6366
9620
5192
2862
3349
1268
5133
1211
3986
1070
5564
2723
3298
8727
476
290
1581
9963
3574
6934
2354
8675
2319
1436
9461
6596
1638
1220
7836
2306
9312
8473
1962
3691
3323
5896
6911
7738
3497
3212
4652
4095
5203
637
7646
9294
7517
8961
6154
8209
7233
5494
2617
5407
9593
5778
318
3171
8685
813
2157
6605
9359
2911
5781
3638
8313
3819
5869
1575
7470
4786
8969
4031
2087
1165
5462
8014
7660
3503
5379
3007
6459
4945
8612
889
2838
884
4445
3830
641
8997
3644
4474
2424
5720
5689
6414
8155
5815
2952
4907
7156
3907
3916
43
3470
7109
725
8909
9159
5172
2980
8851
4664
3134
4896
6858
4465
6220
5210
8640
132
2967
242
1593
3862
8935
5267
3172
270
323
3152
1231
4832
8995
5500
3774
6266
7035
5294
4105
8302
7513
4428
3063
4333
9335
2728
37
6027
4600
7257
1478
7264
8142
494
1912
2301
1754
7392
2220
3293
5531
1849
4196
5969
935
8877
4009
775
6703
3415
2311
3331
1751
176
5684
2340
5229
8927
3772
9994
4277
9483
5545
6007
6958
7783
8784
712
4895
6085
2003
8963
475
2279
650
8474
9181
6826
8405
1075
3165
1961
6247
1555
5688
3617
8227
2244
721
5847
2965
6231
5315
3572
4254
7432
1797
4448
3709
9252
4085
968
2037
9732
2325
716
2783
9166
6891
5593
1131
4888
4127
9987
1649
3950
1654
421
3174
7588
1246
3126
7111
5915
5240
5262
3158
953
1149
6357
8201
9221
4847
1508
7924
3713
2282
3275
1071
8275
1454
1265
9142
8340
6401
8364
3373
1489
2518
1309
8870
8054
2289
4830
2864
2442
9696
1860
4034
272
5604
8774
9993
3608
1289
5536
3796
2720
5059
1972
8508
9652
4560
7918
714
4632
9104
1910
6304
9657
4645
5484
6786
7756
9226
1816
3700
4970
5323
8339
8983
7099
470
3744
2195
9107
6227
945
8002
263
8321
5801
3
6935
6053
6013
9957
3852
6959
2702
8232
6101
5071
4633
4245
3507
9798
7500
8111
7982
3779
4442
9445
6541
9882
3673
8761
2882
7102
9131
4864
9494
1451
3283
7206
9253
2428
7405
1746
6768
7682
7218
479
150
7919
7922
5504
7891
171
9931
1146
9659
5342
6941
3271
4123
9370
8120
2064
7153
8092
2318
574
761
9975
6198
2257
5247
5409
3735
9579
732
6448
9653
5092
6937
9959
9739
5017
5620
2574
7878
2110
1344
1058
3799
2091
4742
5184
1226
5624
2927
7401
267
5534
8801
9155
1773
9650
8099
6273
1768
1378
4285
259
1587
8447
215
1300
6972
1252
5012
5434
6946
2873
1938
8293
2803
583
6157
538
8180
5926
7862
9476
9121
7356
7255
7960
6529
8772
6331
9067
9870
3609
5657
5699
4152
8349
2750
1437
1093
6196
4549
1348
5648
7151
4311
3079
9062
4116
8041
2214
5844
490
5796
8794
7202
5045
5457
8559
1083
7829
7841
178
2705
2905
4903
643
4149
1150
1303
7087
4516
8322
3302
1114
6535
3009
1929
4048
3898
5727
9568
9046
1250
8724
3558
601
7051
5651
5373
484
8731
1652
4060
5073
2219
6860
7865
3137
9968
7127
6774
2224
4699
6168
2396
1521
1286
5250
2706
2874
2713
7555
8049
2764
4780
2744
682
8646
6184
1712
8610
4682
5377
6901
9715
579
9518
1438
336
1990
9395
6637
8
7240
8958
4517
8841
5696
737
3430
1409
7498
7457
326
2457
7124
4021
1101
2711
442
2203
1399
891
8194
9551
1660
1239
2391
3433
6051
6312
9029
228
4681
4450
283
8835
8647
6314
7593
9072
3096
2575
9609
8494
7633
4191
9666
7287
6671
830
8333
7778
5779
3545
7506
2547
925
4669
4359
8015
8993
3701
9622
1038
2787
9552
4702
8094
7626
4000
7236
4855
5558
2252
9871
3866
6557
605
3658
9449
5678
1340
6191
7263
9506
6487
7825
5270
9667
56
2571
8763
4743
295
5766
5001
2020
1749
2613
2978
4365
7268
9205
2072
5345
4328
2953
6375
4618
1642
5984
8546
8918
8702
4194
9360
8238
6135
8093
9041
9251
6625
3230
5454
2551
9329
5094
2260
3844
3936
9375
1586
1503
5948
1633
4329
7573
8204
1771
441
4829
4178
4305
7383
7347
4438
9095
4586
4824
2797
8069
2137
4537
9040
3510
2834
9749
6607
117
1932
134
7665
1887
6206
1927
8848
9725
6259
6498
7510
1791
540
2517
2659
6898
4801
5069
6491
3201
5049
6028
6067
5420
8136
3833
7698
4422
7345
2956
3439
3486
8434
8055
6122
9318
257
6876
3209
6878
6842
7123
937
9148
3504
2258
5169
3882
7239
6175
3766
5132
351
1117
5693
3402
6924
3394
15
9924
6985
9654
1279
5489
9778
1603
6617
4057
8592
4576
1228
3108
1415
7341
2351
6678
2256
2819
6083
7540
105
149
9050
9169
8032
8714
3806
915
6722
9909
3484
135
8118
9576
3707
2582
5709
1386
5040
7695
6780
9090
7859
606
9692
4544
5735
2604
6279
3672
3128
2912
7262
5572
291
664
1236
4961
222
2124
992
8071
7820
2345
8461
9479
93
265
6644
4614
7056
9581
3025
7853
212
9288
9158
2081
5253
1617
6877
9940
887
5539
7342
1008
6726
5491
3835
2409
4249
8709
255
9460
537
7653
7566
8755
9348
633
5563
7327
6336
3563
4783
2647
9826
628
2278
5072
1597
3069
9800
1425
345
3669
7780
610
1259
4088
9032
7374
1500
9691
6049
2625
260
5118
3937
4103
9602
5144
6203
7781
2462
1336
5758
1680
3410
1370
9454
676
8860
1446
9983
7225
859
677
988
2579
3223
8040
2560
5806
1781
4910
4872
3028
8037
2810
4343
6214
5849
7752
2116
3974
9230
1931
297
821
4163
5178
2156
8641
1129
4927
9512
2661
5066
5362
1835
3361
7073
9784
5702
4763
5502
3991
2608
5265
9225
805
1557
5805
7219
8443
1016
4049
2494
2588
6046
4218
1803
6668
2714
6785
4730
8162
5956
3399
1612
6880
2458
2606
6966
6482
2822
9137
8931
271
2026
5995
2544
4789
3527
9023
6929
5803
1476
6461
6103
4139
9421
4935
833
1468
8472
5357
4726
1258
3683
3879
3153
8123
621
6115
3000
9844
2356
7505
7702
6516
8451
2125
3141
1950
9621
846
8175
5661
6383
4446
8001
8342
4352
7976
5496
6697
5560
8773
3084
9266
8549
9241
2935
5569
2701
4745
6588
4533
1198
279
6944
5482
1709
1055
3722
3840
4936
9840
3584
2738
638
3059
452
3197
8139
8507
5785
9442
4162
9186
2485
5019
5850
8878
2439
7292
2112
6900
5287
8816
5816
9864
3931
5182
7113
4239
8510
4150
8757
3109
7639
3442
2752
2870
9574
8384
8739
5181
5734
2922
9269
4414
3886
5468
4065
499
2583
6875
3309
7980
9296
5148
2970
1241
7172
8458
9093
76
8737
4087
4340
6773
2776
4275
2034
1384
5161
4211
730
3856
9527
5839
6522
594
8788
7763
8775
617
5904
9829
939
6318
8108
2954
5833
7947
3409
5375
4440
3858
3878
18
8514
4813
7259
3654
6372
6864
4891
4709
2943
3534
2006
6955
9405
6612
3098
6397
3397
1449
569
6512
6960
2916
5209
9060
5771
8693
486
2131
4625
1473
9586
9233
4187
6589
6059
5487
4814
5761
6688
6753
5930
358
9020
4590
8269
4388
7578
1690
3189
4604
3675
2938
7115
4505
47
6234
2682
814
4575
1196
513
5470
2566
557
1104
1144
7687
9974
1928
6727
1442
7315
9902
9756
6814
4995
5509
129
1541
2332
6504
2888
1899
4610
4900
9246
807
4546
6197
4384
1862
2058
7602
7824
1155
6012
2945
7936
2188
4130
6464
3834
3491
8581
9045
4567
1545
8533
2297
8843
4134
9830
2413
3914
200
8532
4677
563
4074
6035
3750
2304
3220
8809
9177
9042
8624
2123
2388
6045
8450
9505
5723
330
8892
2654
810
2352
9758
1901
8168
2968
5647
8842
8683
214
1342
2584
6810
9802
3143
5622
755
804
4555
2818
9804
2628
645
8509
845
2394
9287
2069
3589
547
8820
9781
6017
4817
269
3901
7556
8470
7275
9401
4923
7917
6382
8271
183
5366
6283
6041
8952
1836
5331
7386
3113
9861
2931
543
317
5905
6866
369
4766
6811
4253
3335
440
5510
4286
5166
7458
3269
9928
5555
8096
2495
4672
5448
1968
618
7278
1123
9932
2934
5755
6689
4704
1251
6466
1027
9979
612
6857
6885
1783
9450
929
7451
2000
4453
4083
5937
4206
9799
3519
4527
4826
1775
4690
7755
5576
4090
6521
7286
9868
9723
3050
3101
401
9903
3447
6892
4092
3248
1843
2507
7907
3483
5463
7438
8700
5078
7514
7983
6369
1760
296
8218
8011
1605
2951
649
2321
4655
2095
6323
8733
5932
6564
6006
3216
1039
8823
3870
3775
8436
1141
6923
1975
7466
3263
6228
9838
9873
6232
7773
947
2288
9390
3029
1491
5168
3535
9103
6609
2160
7951
8942
8718
4540
3087
4146
2102
7691
3998
8379
1201
5996
8047
4519
5819
3295
5598
5411
8178
7463
2524
8318
9441
1941
40
8265
8754
6040
7612
9038
7246
5675
9744
4654
962
9273
9729
4912
5142
8154
8751
6828
6429
7349
8048
8916
8770
7643
3264
5993
2101
3606
1948
1706
8480
2071
8919
2710
1270
4956
5276
6778
9211
2641
5477
9783
1168
7920
5551
284
3312
6080
7607
1714
3204
2390
3489
9240
1564
4412
8376
8967
7523
8932
7992
863
7086
7938
4454
1273
987
4863
1002
544
6110
2985
1643
5667
3381
5387
1552
9259
9796
4367
7688
2832
3593
6789
9721
5582
403
5367
8638
2795
1411
2027
4476
2721
6580
7975
8056
9192
4836
7449
6082
223
5343
6751
6237
9484
1193
3781
4195
3250
3662
7579
5566
6117
4234
7541
1291
5640
1875
3613
3363
2218
1066
5236
4089
780
2467
3876
7793
3773
7775
1615
3887
3357
3414
5291
6698
7205
9316
7055
3156
7209
3551
9245
5634
8085
8197
4612
4803
1301
2466
5271
8949
4624
8998
9446
2995
8803
7443
92
9997
400
7197
6201
4738
9648
5398
4192
5213
2275
8759
7088
9268
6126
4310
1049
7799
8212
189
8104
3968
8893
5964
4787
7515
3091
302
6709
7586
5646
2746
3377
1154
7441
556
8066
304
1359
673
5595
1213
9768
4851
5282
3102
3139
3457
4390
9569
3464
2375
8563
5232
313
2577
6540
2568
4758
8173
5940
5339
4120
4056
6084
5214
897
1963
632
7788
2393
8115
8437
8101
2008
2771
245
4951
9530
9500
9207
7447
580
2651
8226
8050
8589
9728
1699
6128
639
5393
7253
83
8038
3076
5344
3319
2561
1874
2033
8849
1530
9736
6376
6793
2541
5363
9955
5893
9947
894
1429
7373
1863
9613
3086
3670
985
3205
4648
250
9427
6484
8267
9592
8332
5570
4348
3291
9695
3358
4350
870
5831
9173
7632
9383
9669
9880
1379
5548
168
4014
6651
597
5035
9922
2369
646
6425
4466
6796
3351
9356
1274
1994
713
4073
2680
5034
8382
9406
393
7305
7954
8917
1799
7892
899
5445
952
4122
9473
7490
2007
2202
6138
996
1724
7562
363
8281
9282
6662
3804
881
3693
4084
6897
7587
1240
184
2974
9780
8531
7267
6264
6148
3314
8181
9925
2426
6845
6055
4940
2550
7059
546
9344
3690
5249
5196
414
374
2222
8930
4327
4182
7937
6863
4427
8900
9007
5550
8355
788
4237
5310
3568
3367
2679
6192
718
9831
9243
4369
1967
8016
696
273
6275
6365
8377
7371
6740
7049
5820
1052
9504
9914
3177
911
7080
7512
2672
7792
8067
4551
7806
9301
2031
8237
8698
5986
1044
5767
2082
437
8186
5983
1716
7611
2227
8734
3222
1134
6665
4004
3953
7107
6225
5304
2192
5618
809
3187
6313
560
8017
3195
4432
5371
8236
8177
4707
241
3741
1691
7395
9939
9750
6003
8383
1569
396
7026
6759
300
130
8834
4562
8867
3026
3913
8163
5260
740
4458
2962
9517
4077
8179
666
5109
2050
3245
1325
2373
7873
993
6824
446
6433
4621
9566
7726
4673
7444
6215
3881
2217
9503
765
2096
9321
7422
6494
4564
6562
1913
3922
3533
6769
285
4421
4582
2381
727
1997
9553
1393
4251
5333
1624
6293
1302
1498
5450
8499
5610
2843
8432
1672
9290
4397
1596
3705
8064
7145
4521
7651
2793
6412
251
141
3418
8886
8743
7100
2777
9065
2299
6093
3265
919
2972
758
5293
9646
7525
4759
6469
1904
3786
3479
9180
7887
6112
7425
587
5015
496
8764
4081
1
1881
9328
4276
8495
99
6630
7911
6451
3908
6195
2295
8369
1993
3365
5007
5097
4515
8453
6317
2630
9420
4794
6938
8253
5131
3993
8947
4278
2754
8273
6848
4868
6271
9213
7974
5574
1160
5866
6334
6817
7502
3441
7454
5
9927
8673
8829
7455
1487
946
1839
3778
2855
1420
4725
7230
7581
6111
8628
5759
6927
7007
254
9678
5212
5024
3650
8222
5868
2189
3459
3509
7369
5313
4807
1125
1207
2740
1041
2134
6957
6449
4212
3257
7129
9380
8033
9209
7624
1857
6887
4290
7751
7496
9377
3244
2511
9300
9039
1353
3480
4032
7747
5451
2401
9591
4430
233
2009
8288
346
1662
6399
1319
7537
7708
5180
9764
1488
1015
9817
2505
4223
1687
2772
5695
5670
7170
5460
4651
3582
511
2377
4407
5173
6999
9424
8468
6058
7361
6528
6558
2241
1312
8327
8351
9682
847
5464
3268
4559
3529
3960
7380
6620
2243
5900
9807
4508
5743
2263
1496
651
550
967
3681
2294
7858
965
9632
6443
4845
6822
5157
415
9836
5706
389
5942
2047
5621
7314
3848
355
4592
2812
1307
3110
1551
6207
9261
3089
1814
9818
6599
456
769
8401
9189
1326
6240
5907
4982
7668
6695
3897
4791
3047
6687
8426
6299
11
356
8191
6421
9705
2329
5257
3058
3180
3718
9385
6395
3247
6542
3601
6736
7468
1723
1787
7570
5165
3421
5752
4853
4425
8711
7808
9546
981
514
5466
8512
3083
5446
7893
7282
1295
7329
9433
7722
9892
9151
7736
2634
6720
28
4023
2035
4502
4322
9030
6129
3412
5888
5909
2869
796
9680
2440
2479
7590
3678
5685
2866
219
8289
6326
4335
8018
1565
6377
812
4728
750
6089
3528
3569
5649
7351
4761
6341
9563
2276
1869
1253
4451
8285
57
4036
4979
7754
1506
7446
2052
6258
5436
3021
1389
8656
8292
3932
8445
9066
3995
2506
1705
4368
724
797
1082
5102
2893
7749
6965
9419
2434
4963
6915
3677
1777
7804
8681
3072
745
3508
8771
9976
8978
3237
2501
7346
439
7105
7337
6146
6465
1976
5278
2851
7281
7010
5777
2715
8487
2367
2648
1322
6441
4740
6450
1964
6783
3894
5583
2703
4362
4250
1583
3737
9313
3813
7483
9340
8793
8413
6353
1017
7106
2002
4913
1522
4331
7659
5754
4520
9311
2272
2463
4413
1514
2315
6771
3740
749
9196
5465
3867
3315
8391
4893
2966
8660
2955
7731
4447
5910
3767
3977
1148
9973
4487
1287
6903
4933
7745
9146
6074
1572
3798
3448
8529
8105
3780
8420
6798
4838
7606
1405
8119
3965
5712
4822
5966
1486
548
2163
6766
8728
8753
2450
8035
19
9026
8417
5004
647
9447
8608
8006
994
5011
6152
659
7272
8463
3544
2835
8306
2346
759
1137
1324
4577
280
397
2961
8103
559
5505
9858
1834
7495
7732
8966
8042
31
4015
6839
2205
2326
5033
3847
8246
3353
1333
3720
4439
9524
4141
2538
9930
3524
2813
4687
2687
4193
9676
6147
3623
6070
1011
6379
4008
4643
7955
5083
3808
9980
8742
2982
6806
8308
6632
4596
8959
9354
1290
2765
8729
3277
959
6063
817
3579
6600
1509
500
2947
7740
5037
506
9671
2521
243
6174
3423
9006
1028
2175
8386
6794
5797
3155
6262
2187
1733
6888
6623
5630
322
6144
3839
4142
1882
4475
4452
9439
7453
9325
4351
5408
3618
5821
6127
4522
9267
6171
493
6244
1479
6109
9197
8556
8566
4989
1588
9672
8574
5129
5443
8858
8708
7619
2716
3280
8767
561
7323
931
9097
7709
9952
4385
6236
4535
6561
2234
7923
4396
1694
3944
2497
6592
8706
8521
7782
9507
1225
253
5617
3624
1635
6694
1068
7867
8778
4431
4499
3401
8898
2932
3526
6282
6647
1630
4067
5418
2881
8309
107
2307
1533
1217
4176
5416
2749
1957
3919
8701
44
4703
7706
7448
1045
5522
876
6874
5989
9599
8053
2164
6943
2201
5029
760
6199
7791
1707
2427
7136
9237
104
2678
7620
9915
1758
6177
2884
1000
180
1180
2987
3845
9907
1536
7760
5395
2206
1805
4619
1266
3443
6919
8134
578
4071
4735
5326
5835
1841
5082
9361
4920
7214
848
1953
9487
9397
5843
1677
5701
9773
5488
7932
964
683
6636
8695
5654
1792
9815
7317
8535
2122
5889
2807
3595
5318
6229
4308
3454
1136
7199
4059
7533
3723
5403
5275
9018
1965
3140
1077
1772
9099
2242
7574
8632
680
8567
2412
445
5469
6799
1345
2011
8501
1035
1283
9820
4279
3929
1090
4132
7279
4281
5155
3391
924
5738
8328
671
386
4513
1646
4960
1535
7019
1761
4041
6914
3680
989
6995
8378
6563
7228
240
2989
1974
7553
8792
4179
3035
3080
7116
5906
2226
1757
1212
8200
9623
9867
905
5058
2126
4706
6669
5424
4098
5185
7353
5041
9457
2317
842
517
529
2770
9540
2057
5325
7638
8260
2370
7320
1377
7876
2425
264
6310
9048
7518
2400
5962
9601
7256
4965
2019
828
9478
1403
4877
6022
3206
6204
4501
920
1057
9187
3851
6416
6295
4410
6025
3917
2190
669
5741
8126
4657
7520
5664
9009
6502
3895
8925
2925
1959
1877
979
3994
34
2159
611
7671
3515
7842
6061
6224
7388
7681
8804
906
1776
824
1738
5449
9165
1520
515
2639
5592
8348
3403
5955
2689
9069
1611
8945
7229
9352
3170
1447
1917
5792
3157
5515
5065
3100
9912
9833
1833
5707
6993
3793
8026
9227
5594
63
3131
7594
5354
5335
467
1589
9393
1221
3458
3051
3938
4309
5093
6097
4204
2964
364
6962
7491
6047
7134
4785
7191
1424
109
2733
5080
5285
408
6700
4570
3615
1271
3382
6339
9101
2712
8885
9724
319
2097
1308
1115
3979
4457
8988
4131
1823
6100
516
5219
7831
966
9718
4607
9215
6910
7442
4884
6925
6949
2708
3317
1139
2200
1026
3627
8826
395
4628
2758
2074
8528
3324
9788
4
5311
3384
2240
1441
9257
2868
6506
9893
6292
5625
5149
3235
2053
6319
2897
6064
3928
1383
5967
9887
829
4264
9036
6634
7469
6182
9043
1208
8560
1774
4199
2398
7479
9357
1556
8653
1580
5864
4345
8506
6316
2482
8241
7175
3947
6883
4691
9834
5351
8477
4665
7845
3597
9726
7029
3600
903
5899
8171
549
6598
8482
4675
5527
5127
2049
6073
1394
1671
4217
2901
3706
1693
8756
4885
3692
2231
4225
5851
2804
5002
6928
1329
4166
8403
9351
2753
1517
4821
997
9508
8329
7614
9489
3747
5380
1192
7551
852
7603
9869
6748
2349
3956
7211
7067
8248
5361
8991
3253
9911
1858
8812
4698
9636
3685
4597
5162
2410
3765
6218
8750
2595
1750
3081
975
4255
3676
6569
6572
6090
2725
9661
844
3114
2636
3149
553
2474
1655
7095
9769
7890
7077
7790
3738
3290
188
1346
2093
2622
6130
4164
1864
7710
7190
7800
2928
286
4748
1422
7372
6208
5810
3022
1954
4300
6002
722
8914
3511
9247
5977
8455
600
4320
8569
5855
6872
2652
5201
2196
7733
3039
2745
9499
1248
4260
8004
4934
707
1222
4411
489
9013
9888
9663
3514
8366
6816
8951
4616
6881
9139
9198
3052
6742
5733
457
5961
8476
5991
4980
2348
8897
139
5279
9079
2526
7971
6298
5324
8010
1361
8343
6834
9055
3631
6947
7061
7621
2915
6257
5091
774
3256
7817
8974
6094
8881
7711
3809
2548
5329
7849
4890
7235
8617
7757
6628
904
4775
8059
2941
5426
1095
3970
857
5202
8654
9425
1209
960
3823
8113
5532
8905
4042
1682
1439
3306
6895
98
238
7576
4018
2083
6497
1335
8276
9322
2111
8153
4722
7589
6779
5266
5535
1696
236
4470
1905
7249
4542
4173
5439
6004
303
8090
9795
2960
9501
2330
6200
9590
2042
1304
4248
3013
6068
4170
6537
2847
566
8295
2181
7481
89
5199
7655
4198
6452
5283
3815
281
1281
3963
2324
9567
203
4784
4240
3342
8697
8765
6721
5098
6159
5740
1430
2737
7652
866
5853
5128
6077
8465
8572
6253
885
7879
6524
8406
5231
3226
8883
6593
9949
7475
6009
914
1544
9794
4043
9432
7598
5327
4680
6601
8853
6113
4534
2760
794
4364
5008
7580
8936
2061
8785
5137
9008
466
1513
4662
5808
1263
2590
3762
7816
8602
1794
3969
7991
1548
2546
4016
2665
6854
5307
7802
5523
3596
1024
9319
9899
9228
9327
2343
9596
4925
2589
520
2640
5639
7022
8636
8008
616
7403
5775
6328
8639
3163
2875
3674
337
9033
5876
8686
8174
6650
4467
8626
660
1458
3785
1578
6435
1926
1163
5901
1481
6686
1471
6764
1935
7492
1354
5364
692
1456
908
4609
2825
8934
387
757
7284
7339
8392
5891
9115
1700
1298
634
5737
7545
9437
7135
1861
5280
8350
1744
1582
3787
7426
3517
956
519
8079
1524
5003
5277
7023
8824
7126
7499
1085
4774
6823
2930
1005
3147
30
5237
6020
2092
9002
4113
2359
6653
2283
1169
7964
9334
7213
1147
3334
5897
5732
2075
6728
8899
7753
6268
1023
6390
3822
6555
9561
9309
85
6092
5694
2627
1029
4543
8065
4066
6202
2054
2005
9707
8831
1734
2453
1161
2451
3422
2162
1639
4232
5235
5281
2107
1815
3350
8301
6752
2
8263
3853
7326
9898
689
7223
8887
1675
3488
698
9498
7550
3243
7472
4507
6251
7079
672
5813
1947
5289
8315
3311
5526
5824
1349
4133
3485
1812
7801
4876
816
3541
6571
4977
9194
9140
5317
3902
5126
5642
4086
7052
2806
4489
6675
5309
2619
7965
8923
5878
1531
2017
6642
5174
3111
6661
3645
9857
2246
7034
331
3405
2921
6646
5062
6238
5521
2736
6153
6597
8044
1538
1558
4490
2139
5453
1516
6818
4477
9345
4135
5580
1152
6693
5064
8666
1256
3376
6213
789
1559
1764
4267
3999
7054
2090
1576
4266
5934
4020
2197
5681
2320
7650
2184
1110
2808
2540
9056
3146
2514
7926
5023
3347
6567
1876
8370
3055
6071
9533
2305
4361
3964
8102
2046
9037
3186
8469
3764
5644
3789
431
3048
6581
1056
8868
4638
9075
6976
875
4809
4481
3354
5417
6052
9017
9365
2984
8213
917
8986
7835
9278
9157
9270
7435
5656
7004
4099
7717
3333
9292
4840
3888
7476
7823
7737
9745
793
410
5587
473
4572
2940
763
136
8682
818
9100
4848
6583
4608
1098
6654
7666
1939
9543
738
126
5021
6702
5372
5399
4915
7487
5046
6907
1891
5263
5057
8621
1037
6367
6670
9970
8262
5798
4381
803
7946
9916
6149
9374
77
1915
9486
3218
1577
7318
1755
3513
5013
595
2387
1427
4342
778
7882
66
495
6054
9418
9573
3492
6434
702
1111
4493
6507
4463
8298
9877
2697
5870
1112
6176
6982
3708
8669
4659
8725
3637
6655
3375
1729
9554
6680
6552
629
4274
7071
2831
5063
6301
9276
3301
3585
4764
896
6468
221
4082
4941
7779
9761
9286
4052
6719
3912
4647
7486
3868
9378
4302
8130
6476
101
8140
4143
4841
5916
309
6825
9790
5769
6078
9978
8705
4946
3743
974
2791
3663
7549
8251
1018
1653
5474
3731
7595
9281
2060
1851
5089
5633
5528
7504
7979
8760
2166
340
4062
7437
5447
6546
8605
9363
1956
573
8840
8182
2908
4887
1769
7430
3559
3583
6121
320
5529
1382
3714
9199
2174
9929
8272
4552
5512
294
853
51
5099
5710
1610
5156
9595
2335
8779
9470
1951
5378
1004
6107
5397
2854
332
5795
1260
4953
2363
2761
7120
5244
9272
3431
1076
9149
4629
836
1825
3621
9811
5933
7166
3056
106
2555
5054
8937
9679
5606
3578
6641
3304
7355
7096
1255
1310
7577
1728
4110
9580
5391
1356
449
3957
6765
5390
8250
9635
5608
9016
3591
5481
9144
8752
7765
9585
2151
591
5898
6193
8145
3090
4080
1609
5084
6861
4436
7528
5800
9
913
2389
6808
3292
5562
4244
7114
7617
3846
3425
3824
1973
9407
6496
8486
3040
2077
6525
6373
8584
8028
1946
8131
665
252
8539
7539
8164
9167
7485
4705
6305
6456
3982
9089
2245
8254
5663
2168
4257
7221
4998
5308
3703
8797
6392
8107
8875
162
7943
3570
5346
5865
8435
8913
6114
204
6481
2449
6685
367
5862
8704
5857
4734
8611
7378
3679
6160
6990
2999
8385
170
3636
2895
8587
7597
8780
4177
2438
6684
1215
1830
9886
2422
5807
1532
8454
8655
508
2113
1224
4591
3865
8553
5636
6560
751
2856
8156
1128
6549
6608
2405
6645
3860
5218
4441
5322
9582
5999
1073
1942
731
9434
7724
9860
3316
1525
1366
3413
2176
8522
2080
7068
9493
6595
7640
5682
9392
800
5718
6619
316
3655
9025
8943
2145
5776
4506
756
1143
9943
9879
6431
6447
9681
7216
6532
1543
624
142
5834
2624
855
4216
474
6163
2799
2707
7718
1599
6554
3276
1040
5112
2171
5511
6453
4605
5700
3308
9656
4778
8334
8519
2768
3106
9777
8176
1320
4602
6289
5773
5074
893
9660
6933
5927
851
2629
6081
6166
6787
4909
1048
9061
5944
710
6553
2059
1321
2798
4188
2614
5672
4483
670
5334
8305
3630
5190
7750
4741
2983
1978
8658
9956
87
140
9202
5638
7247
4635
3816
5355
545
4510
5552
2455
1060
6189
4954
3103
6573
8172
6155
380
551
33
4875
1033
306
576
4408
292
5788
4316
4464
1848
3656
2207
4459
2121
8637
315
5382
3666
7973
4500
4295
2312
8645
7340
3310
5793
3213
1759
6173
5518
3756
3294
9172
7664
3202
6356
6348
3792
1230
7547
1788
5211
8915
1718
6398
3478
1306
8150
6000
112
2531
4220
3118
6797
7494
6472
8607
8904
375
7118
9114
2415
274
6639
7311
8830
3783
2939
282
4181
3812
6988
969
8061
4550
6246
3231
5988
6340
9001
7396
1898
8747
7909
8901
8545
6899
3659
4306
478
602
9195
7714
5790
4810
1742
6359
819
8373
2362
5036
7
4788
275
1900
9608
9936
261
3287
32
6859
2281
8404
6485
3299
7953
3729
9982
4950
7250
9697
1892
3874
4155
5386
711
7741
7072
2148
3588
5077
7605
2666
2513
4435
4671
7797
9578
3444
572
7288
4017
2270
8084
1164
8282
9550
5360
5516
6656
6300
8125
7415
7746
8100
8859
9277
9583
9475
3182
3800
3760
7231
8622
5514
114
4118
8719
8791
3095
2465
9164
8662
9466
3494
2899
5191
1179
9805
480
4409
2303
1043
2169
6309
4571
7227
3440
4666
7704
4106
5782
1313
6311
4338
7818
6974
7636
8147
868
2605
370
9984
3406
3602
5658
9291
2601
2043
1960
7274
3252
9323
1845
277
3635
4426
6329
8221
9564
3910
2236
2664
22
1987
5669
3075
5911
3341
7295
7508
983
1739
1859
7189
2447
2519
23
2273
1570
7670
3078
7266
6281
80
1188
25
6578
8844
5268
4800
4649
7713
278
7393
9803
4739
7212
8457
7678
9371
3500
3829
7006
2786
9423
7482
4029
7157
4685
9464
390
693
7850
2552
9490
6306
7389
7025
7344
4631
9988
1061
4357
5817
5110
7357
8902
4623
7987
8676
2781
555
3724
9208
8524
4496
7313
7321
6584
7855
5832
6699
6819
9410
3360
6501
728
5298
8862
6005
7350
5000
3175
8880
1925
9021
9859
4641
5591
2223
9996
2837
4772
6610
8089
8525
1402
9738
5376
3625
3948
4914
3539
5581
2946
8412
6405
8946
2261
3967
3467
7921
3144
7575
619
7962
8907
5188
2237
9386
878
8582
7635
4341
7473
4729
9615
8699
6696
8865
2030
9640
5892
6137
5579
7251
6987
9989
1293
160
739
1072
196
2213
1126
3603
8678
4417
4315
5370
5561
4993
9431
2649
4010
6830
4849
9081
3120
7819
7712
927
8097
4901
4808
7585
3178
2470
1462
3432
3988
8941
522
3176
8283
781
9684
1159
8438
4380
463
3877
6018
360
786
7730
4108
7410
7654
3446
1511
4373
1852
4314
7016
1804
1088
8758
4712
7092
3261
448
2993
9614
9643
4012
1895
9388
6732
8623
1995
7990
6066
7629
4002
6510
4404
5848
4938
6343
703
4324
4816
3859
6509
9275
7018
4313
747
5554
2690
5179
7998
1657
3238
5272
5976
8712
7768
420
9854
2748
6378
785
874
4478
67
7132
9491
4318
4906
9014
3286
4214
4079
2535
6457
4545
459
9547
7069
6172
3495
5108
7188
2789
6043
7354
9625
4585
8129
3251
167
2780
6438
562
5614
7131
5886
955
6403
5154
3320
1103
6975
7686
3763
6483
3755
7544
2644
372
9814
9391
8722
9992
383
9284
1726
6738
7091
4939
4094
9024
8534
834
8661
7207
5549
5992
871
4498
8604
7815
9716
1784
3951
4994
6968
5637
787
1081
4584
2655
4580
6500
2739
5498
2769
5025
9617
2909
9852
7343
3148
4908
507
826
2471
464
6332
880
2587
3254
1242
2621
9299
1692
5953
9083
8229
1186
1933
6851
6024
922
9305
3586
2430
6545
6621
6036
9153
9703
8558
9687
7501
5419
3634
5541
7163
2734
2767
2353
2333
5903
2284
7700
62
5659
7195
3471
8407
694
4790
599
1695
7174
2238
166
6360
2846
2986
8832
8717
3207
6812
5107
8183
8259
3837
4185
9004
7795
1897
4494
4366
9324
9862
4973
5473
7905
5708
9884
4093
1732
4750
6762
2949
4360
7822
8762
6712
6868
3978
6754
9513
2615
6437
2347
7296
4524
9604
6526
6683
3985
3696
6692
4111
6370
3428
1418
8336
5881
1025
454
6981
5736
942
455
2016
7772
5412
4045
2545
164
2896
4115
158
8972
4471
8245
8933
5877
8861
2997
7002
3066
598
3616
9694
9792
3232
4332
7464
4781
7335
5147
8585
9120
2732
5772
3788
9455
3093
3587
6577
4051
1604
8394
9787
1837
2018
8291
5935
4898
9819
2567
3512
4978
2036
239
5571
7743
9412
7452
1034
3037
2417
4200
2491
2766
7285
8137
1350
20
9951
1006
1177
4213
2013
9748
8542
7119
9336
8503
7703
7634
1119
8576
2559
5747
4969
8346
869
26
6411
8815
652
9279
4186
9714
8277
8062
3880
2751
4971
8249
6737
9034
912
1463
5288
2130
7139
8668
7423
2055
8396
9638
626
8338
5965
6131
1021
6209
8483
124
6543
5568
1568
7144
5584
4272
9526
1357
854
5177
9519
9271
4392
6333
3984
9019
3185
2534
2663
6442
872
3918
1686
6216
9941
6735
4207
7622
5150
3024
4615
539
5458
8409
6657
1183
6467
7742
7774
8243
4710
307
9184
2155
17
8160
6346
9598
9683
1380
9689
84
7770
1621
8879
368
1765
1235
4711
8122
1392
5537
9603
4881
8953
2165
8203
8537
2094
9747
6439
3905
6477
7885
4613
916
5943
5167
4731
7125
9058
6921
7021
1190
8987
1087
8548
3199
4231
3307
3064
2004
6912
528
443
7089
1819
4754
2969
4879
5565
2759
7057
2255
8856
2692
2211
3810
5791
9558
8696
8095
9674
4418
8896
9088
4460
127
1908
5070
1269
4554
6730
7600
4437
246
1590
4078
9712
6518
849
6939
2172
568
2564
36
9816
5256
1284
4637
6233
3961
7459
9201
2948
704
4958
4568
7162
4210
1406
1401
6590
3924
3008
4326
6807
9330
4383
9881
231
5081
4386
2698
4242
1036
5842
2937
8944
7465
2385
9673
1328
5830
5841
5438
5829
1022
735
1460
5442
1720
8274
779
4926
2600
2891
8920
8354
1267
604
4265
4999
1958
1450
9188
6387
4905
3952
3660
8723
7851
907
7133
1894
4509
840
1806
5427
2860
2991
5823
5780
8311
1327
7941
8619
525
2775
7065
175
3889
9600
7408
1318
2456
1674
1598
6396
3240
5428
6640
8375
6384
4070
7667
5567
435
6894
9828
2269
6890
5990
4230
3794
4301
7762
8981
7839
3863
2473
1151
9584
7942
9693
412
2070
1494
1079
8735
7484
7037
6986
6125
3355
7128
7784
9521
6515
3620
2268
5359
194
4861
8649
7424
2357
4180
8912
7303
5221
4857
1184
2038
909
1614
1014
2262
4280
7406
91
7167
1475
7679
3958
6106
2684
8479
7176
7684
3748
588
7927
9264
8231
5246
4583
2355
5908
9430
7384
1216
235
5441
6277
5187
3849
2229
8562
7431
324
349
1996
338
1391
1537
5207
8550
9465
9935
8554
4072
8307
7734
4025
6252
2103
1648
3339
8082
1331
7672
5873
2191
2675
6321
8077
3390
7078
3434
6902
9685
9302
9436
6706
5096
1896
957
4317
7569
6756
9655
6582
8058
6019
3646
8515
7871
2127
3715
5680
4548
3127
9337
7005
6267
7599
4101
379
1013
6118
3236
4746
2576
9577
9453
5662
7567
4530
6574
8433
9052
2334
2857
8692
767
5299
145
5585
9822
348
1779
5589
6841
7560
143
4601
5716
121
7418
9429
762
9849
7970
970
9404
3525
3629
4228
5979
9178
6307
4171
4529
97
4145
9396
4284
2917
7988
174
6351
5060
3061
6222
5224
3784
6602
9435
7840
27
354
7814
9222
1305
4091
6705
6820
4337
5269
5193
1084
3004
1846
8908
94
5402
7033
9538
5913
5679
6973
6169
697
4055
2476
8395
9548
453
3461
7101
7359
8890
7130
6978
7884
5960
1443
8170
1698
2998
9481
1683
7201
6475
3336
6104
1822
8948
1096
8813
9136
9789
9785
690
2253
6
8397
5575
6513
9480
7564
4233
4626
3697
7563
4068
6142
4398
7810
4660
1480
9170
7097
1453
4027
8278
9827
6855
14
9409
9823
5525
2481
4289
8979
3426
858
771
8235
6707
1585
8798
3372
5840
5586
1466
1969
7307
3445
9295
9463
4541
719
823
7534
1122
399
5925
7526
8326
5786
2286
7387
1916
726
5728
5332
5383
9918
9626
1292
2419
3592
3161
7198
1369
2525
5356
311
879
1998
6030
4377
205
2528
110
3015
695
9639
5867
4684
3395
8481
928
5255
6674
4358
4140
1367
5746
7827
3097
7103
1244
5686
7509
5519
4126
4588
9462
3121
6770
3909
4219
4724
900
7843
542
8161
5303
133
2380
5296
7081
5544
5312
3711
1130
1254
2014
120
305
7673
4455
2557
6493
8540
2152
4820
6945
5227
2656
9753
8789
7789
2876
4733
7224
225
6096
6750
5974
4172
5914
4047
6029
1634
6749
5216
8965
3217
6893
9122
5228
5895
825
4834
4423
6767
505
2883
8418
1417
3997
2836
4658
2880
3115
9991
9619
7532
7450
4495
6048
2755
9106
6523
9190
9644
6033
6223
4227
4799
6044
1457
5301
1121
2537
9760
7210
5600
244
7906
4330
9220
4346
8489
6242
7402
7916
1574
1276
5687
7316
1708
9706
206
6575
3162
2990
2185
4797
8526
1469
2683
5760
7896
9094
8310
9958
5860
1782
2599
4768
4719
5475
4128
2212
7940
4620
1174
2763
3598
8256
4902
801
321
2029
3258
3190
2699
8408
9492
137
1410
9145
3191
4395
5226
7364
873
95
4701
3761
3453
9096
3668
1883
3566
4804
8975
1979
4842
5085
8072
9057
6603
6239
6922
4771
9853
2800
3560
4831
9082
3987
211
7957
6659
6486
6124
986
1623
8415
3408
6032
709
308
6869
9317
1529
8586
3135
6091
1390
5714
9720
1631
4378
7986
1592
8634
4611
6495
5111
7245
4011
4835
8393
9999
890
9841
4401
5239
3923
2259
6723
1542
2436
4776
5183
9771
7301
8114
3477
6741
3640
9070
7852
3019
248
6638
3099
8286
7017
2533
8960
567
4156
1602
1078
2898
6499
9303
3939
7012
8580
4109
2742
191
4574
9597
4899
5994
6095
1789
7155
1089
5146
827
708
192
5859
2489
5251
5406
8133
2204
2461
2378
8380
8493
2062
9218
8368
7024
1181
5490
3023
1214
7934
596
4473
6882
1182
4844
6324
1502
7060
3770
8060
2693
6970
3728
2108
2358
6718
8839
4947
5389
4468
6140
2642
9249
5476
4815
2366
7837
344
4209
2643
4753
7883
3036
7352
5106
8888
3313
1275
2331
6701
4683
8264
6409
5176
1670
5538
7148
10
6406
3564
7798
9742
2167
5254
9560
8287
4183
9216
6432
13
1175
9472
7417
5369
1133
7074
4033
8316
4370
4189
9413
5320
6490
5629
209
2817
1790
9664
8575
8541
7366
9219
1373
190
1448
4557
3010
9944
2280
6102
1364
482
5653
6265
6745
9946
3580
5858
1347
3119
6708
963
7433
1330
1907
8255
8330
9536
1233
7785
5205
2079
8749
2735
4650
5306
843
5650
2230
7930
5300
6263
9333
503
9966
1059
9364
6358
6086
8345
5542
1012
458
4773
2239
5671
5627
663
3622
3933
820
9163
7901
7748
1613
5676
3359
3934
9127
8688
7860
8730
8787
8439
882
7507
6303
5825
2942
8814
4376
3150
7868
2480
7993
6327
8266
8258
4986
232
8970
8652
7244
8031
4770
5495
2719
1053
6587
3241
5365
3633
3183
2572
7615
182
4962
4058
3345
5009
839
991
5757
8230
8422
7950
2339
6286
8219
4802
8214
4046
9878
8962
1567
6884
5321
5429
1419
4246
1483
2852
1703
7336
3003
9801
6436
3012
7363
6455
8036
6761
9537
2914
7596
3164
9575
3769
4224
6014
6715
2833
5230
8667
7181
9403
2310
7474
4169
3571
3168
7028
2858
2309
1243
2100
7015
791
6534
4833
9474
3085
7766
5533
3388
148
9611
4639
6704
7548
7238
6967
8312
8674
6849
7462
6954
5982
5122
8220
4157
9837
7776
4511
3610
8416
1546
1358
635
4221
468
1719
4678
6711
16
8388
9314
3475
481
9572
262
8766
5067
6633
8124
2520
2878
9901
7952
2182
7949
5194
3721
6681
1871
1665
3505
4843
901
3828
4667
2565
2871
7543
7085
1074
586
6788
5787
2274
9415
8741
1396
3871
7397
9347
1619
6099
4268
4757
2488
5479
3538
7895
7864
4469
918
9343
5171
9235
9074
1676
7769
4922
2824
1689
971
8802
2407
7948
7627
1504
3661
5119
3734
9855
7121
7699
9068
9411
172
6604
2503
1616
6181
8825
3281
3340
266
9763
6015
185
7729
1629
752
5048
9200
7041
8795
9477
3556
7159
7252
7863
7039
4674
784
4606
9727
8583
948
3476
2088
9793
3429
8543
6804
9174
938
12
8497
8973
2926
287
4144
8884
3338
8665
5998
5433
3468
8690
60
972
7832
5153
1854
2717
227
361
2323
122
6158
7972
9469
5497
8964
4862
1940
3499
2328
2887
613
3651
6076
615
4203
2988
1157
3827
2904
1808
622
201
4812
5836
4769
7908
24
1363
2429
4229
3869
1669
3702
8158
9204
4024
1679
558
7273
9514
742
1492
2416
3745
5503
2673
3169
1371
6547
8732
8076
2929
7094
8300
7966
3379
554
325
3684
3045
2291
9162
6034
9059
9160
4976
923
4894
7680
1988
2823
4456
6548
9372
6873
7538
391
6710
2509
7583
384
8347
9256
1440
3392
6458
3543
3042
3911
3016
9141
2802
1867
78
2073
8716
8021
3011
2616
3710
8427
7705
268
7716
8323
518
8744
333
7656
2023
3807
8568
3030
8650
6682
6931
2158
8903
9607
1821
1827
3797
7967
1651
1086
5186
3067
2153
9534
2183
3730
9509
8431
4354
2920
409
9511
341
108
7803
7308
3060
8769
6568
5603
5802
7715
5208
2650
5394
3173
4389
6444
4393
1404
7184
8571
6896
1715
9027
6471
7875
1512
155
8847
8390
8109
6165
1644
3746
3959
3501
7559
7889
2406
2432
2863
2498
6248
9767
3732
2669
197
4372
8448
2726
7165
9759
3214
2563
6394
1625
1343
6364
7112
9627
388
7609
6566
655
1210
6010
3043
4695
8498
4374
3329
5388
1368
4539
7944
4069
5559
9387
8112
2142
3385
6870
1334
9797
4918
2722
982
5506
2570
688
5261
8086
128
6241
2815
5812
2790
9917
4943
3107
9746
3284
4270
7725
4828
2532
6747
3352
9128
9610
2235
3540
6840
1178
9326
8165
9358
1828
2788
1645
4798
2265
9488
5088
2141
3581
4686
8873
1091
3327
1801
447
2180
8852
8228
6245
6930
6614
4148
2910
5577
8444
8783
3611
2254
5828
3057
3996
382
2215
4005
2801
2504
736
3332
423
4924
1314
7568
831
4796
4174
1234
2829
6652
72
5274
9263
6997
1132
5957
3132
541
4538
3054
9813
103
7412
8353
8570
6023
6664
4708
5415
4124
2379
2051
2809
3068
6423
7143
9910
1064
7661
2865
4988
776
4347
462
3027
2392
5258
1414
7866
798
1162
3872
48
589
3549
4147
1840
5493
9485
4573
7984
8808
9451
2402
5435
7063
5845
3116
8929
8239
1187
1065
4795
2670
6417
1622
6994
8169
2104
7833
9562
35
4561
9229
6667
9522
9091
9147
1681
1627
3460
3371
9926
5811
9741
2774
8518
4967
6918
3303
9688
9923
9258
8157
4882
754
498
5626
9350
1365
9606
8609
8216
3225
460
2136
782
7404
5954
7334
9839
6320
7138
691
7701
1697
9675
153
6673
6725
1109
1802
8818
9482
4636
3112
9731
152
6813
4461
7082
3356
2850
4749
2805
1102
8968
3424
5432
2667
3926
335
9400
2676
8976
3820
883
5206
8192
4656
1785
8811
9846
8648
9995
5673
4030
1042
3554
8284
1142
2729
5243
2109
8630
3325
2021
1884
4756
1099
1400
4558
2681
4762
8776
3326
5421
7899
2558
7886
2569
6969
5022
7293
5978
2845
6795
9885
1007
4966
7467
385
4819
7050
4075
3420
9734
8110
865
5822
4256
8496
5750
6105
5615
5337
3590
8121
8075
4050
1618
8185
8599
6511
5485
3943
3768
5818
1311
3891
5655
3435
933
7075
432
8217
6729
8167
7591
4587
2459
2374
9369
8984
1507
5349
8387
7521
9384
3383
8616
4429
2900
8299
8223
7289
5430
7826
3694
5971
9900
856
6389
2133
8005
681
7489
2794
7137
6212
1888
9084
1351
9135
7027
8440
8517
5103
7601
3893
2350
7377
5195
536
7322
943
1606
3221
2468
9175
4222
1172
3018
3272
350
2161
9012
7325
941
5215
8127
8149
9845
1920
5163
3657
1135
6419
9998
838
7761
5295
5929
4721
49
7360
7928
6402
808
7488
6961
7180
9191
3941
8679
6221
3542
4287
6167
6792
4399
9092
6315
9977
5381
7298
3632
7152
8671
2906
4865
8279
7277
4715
9368
4640
1873
8331
8971
3437
416
8188
4578
1813
3145
5513
1339
7276
2512
6815
2414
1046
8025
1374
2522
7897
4013
7376
8564
8233
8928
2118
50
4241
6385
3861
3642
123
8247
9206
8362
6971
8500
5160
7413
3726
2811
862
7480
1485
4670
1360
4694
532
7310
9722
3053
329
5204
3976
8363
9865
7861
9539
4599
4581
5852
1282
3233
8296
5643
9063
6185
5725
6011
9670
7312
4137
3133
1930
3752
4837
6663
4547
2209
1376
1730
8618
7898
4406
488
2762
1534
777
877
1977
6460
7461
5729
3344
7723
5158
2300
8206
339
593
7694
2849
6031
656
1778
54
2510
6886
8190
7912
6393
5290
6254
608
4363
5748
3362
9044
1395
9047
2598
1872
1595
1918
9123
3565
288
932
4119
1553
6420
5938
157
7160
3983
9152
999
5530
8446
8588
2963
9138
1767
5431
6404
8872
1844
9921
2228
3496
4952
2371
1408
2322
7546
7434
6270
8419
9293
5921
8087
2089
5917
4565
6335
9704
5774
7429
5973
5425
1515
1232
8810
7561
2076
6763
6772
5121
1539
8320
8511
6161
3883
1937
2067
9262
4737
5751
4112
9254
9003
1659
2177
8940
4839
2626
4716
3682
2502
8837
8651
8484
3200
1140
9110
2475
75
8000
3790
9119
7933
9260
7122
9986
1218
8357
7375
8924
2114
9919
9896
9116
1980
9904
4154
2117
436
961
4400
9549
2596
5941
342
301
2464
4793
5902
2657
3875
5113
4472
6908
3166
9589
8024
9633
6473
3041
6038
45
8290
6057
392
2198
5164
6338
9035
2144
2773
9117
7721
5414
4944
216
68
6856
6844
6905
6039
6805
5005
7981
4165
9942
7847
1944
6190
7935
6410
3548
6591
9890
3368
4269
7242
9071
4617
9774
6616
6956
2251
3088
4949
8866
3826
3665
5384
70
2452
5601
1573
1176
3903
3278
7720
2140
6362
7631
6733
5556
343
7294
4238
58
8430
29
1153
9658
3753
1879
584
9545
1540
4644
5242
4273
1472
3288
2012
6991
7226
9809
7084
2826
6926
5292
2638
3498
9776
7066
1278
2933
4371
9766
5674
8895
534
1842
9743
7582
2411
69
371
115
5540
6658
5918
9304
1092
5959
8721
4532
5336
668
5742
2637
6853
2383
4433
6162
2404
5086
8057
1413
1853
5724
9847
2623
2290
8374
3614
4252
88
8817
6829
5238
6508
1189
6536
8215
2208
3653
8713
8889
2493
2316
9331
1455
8994
1780
9770
9080
8341
5410
8606
5666
3366
6942
1197
8013
1756
1397
8906
1763
5631
4125
3546
8052
8442
2885
2529
6594
5981
6503
8490
8360
9677
8152
8344
6108
7222
8977
7299
187
9775
5368
8891
8304
3864
5027
2336
934
623
6550
4959
6391
3346
7032
9791
5134
6606
8578
1628
9651
7592
9308
2084
2445
2099
1421
8644
7535
9531
1107
312
8819
3836
8280
7248
6755
3940
2536
5632
2709
202
3400
7110
4001
2066
8505
886
3628
7269
4291
5455
9631
3321
9863
5452
6676
1467
6256
6613
4236
940
3260
6296
8863
2861
2580
9565
3002
418
8074
9126
7070
2186
4403
8410
5611
2992
7881
1547
7690
6381
9782
5341
7234
2499
2472
3825
406
1294
3935
2065
276
9073
3473
5223
5259
8838
2700
9154
9231
1127
4420
2293
9086
5471
3289
523
4846
46
9398
9559
8148
4344
7194
2435
8565
7271
3904
4744
210
237
5348
973
8159
4298
9471
3736
6037
2360
5946
7683
3300
8726
5711
3972
3641
8846
5573
7385
2741
5882
5641
2877
9810
2408
249
2361
9843
4630
7786
3742
8691
1640
8199
6777
5963
944
9702
7844
7641
8091
3094
5123
6470
1069
2674
1745
4288
2686
5374
1943
2063
7794
1158
5492
9895
4880
9842
653
5456
5578
8020
5665
4634
3532
3550
5198
3687
7956
8324
7805
8452
2178
6790
8046
4981
3899
6631
5880
4823
1736
9010
8689
8257
6325
8009
6488
4054
469
1584
6731
1903
1030
4553
6139
461
3033
6291
4942
7217
4044
5141
2397
1223
9700
4102
850
2216
2757
5722
3374
1499
7297
8854
8462
8151
9571
9848
9542
116
491
3123
9889
8530
4294
3530
4100
8193
3855
125
8547
3727
4503
2610
7098
2976
6260
3688
5245
8720
42
7796
1982
8833
7398
799
1316
2782
424
5189
4416
258
6624
6445
6862
8270
2591
644
7043
8414
7959
1047
138
5756
1826
4972
21
5507
984
6178
2287
5314
4825
6832
3181
4312
8684
198
404
9468
4040
9210
7728
5547
1626
8536
3208
2593
9102
1249
4488
3393
450
4491
4035
7302
3246
8144
9948
8926
3873
1704
6116
6134
9182
7838
9832
6984
1637
2486
5115
6744
8738
328
8938
9965
9495
6424
6551
2936
86
7900
1727
2594
3073
5319
1632
9874
3450
4462
7192
2277
6782
5719
4526
6380
5200
6050
3006
5947
4319
2483
1664
9588
8635
472
1752
1465
3203
6284
1105
733
3038
5691
4747
4484
977
1118
8591
7572
4097
706
2010
9161
9525
8629
7064
5652
6852
4531
2975
9765
926
1824
6308
2233
6533
7642
7677
8423
6505
7040
146
1886
4202
7894
1001
8234
3607
4167
8620
7771
949
3719
1106
6350
8068
7692
4957
2957
6075
9555
5874
2718
9985
5135
156
5799
734
1407
6288
5016
3296
3267
2581
2179
1497
6586
1992
6802
6337
2585
5931
7529
3167
6800
9440
4688
2578
7379
4226
1116
7676
4916
7674
5404
6492
6517
2731
6463
2150
2115
2924
4700
5139
9496
5837
8078
7807
7902
3884
1747
9647
1199
5392
8205
477
6559
5039
9171
1985
9937
2859
4184
4720
8184
5352
6297
5018
3154
4129
582
3927
9906
1385
1817
1372
5668
1003
7381
6775
1934
1924
898
2792
3198
7400
4767
7968
2612
79
299
7348
627
9239
6672
8045
7193
5920
5517
8425
4303
8990
2484
2994
4937
2041
9719
8600
7869
7571
1986
9897
8982
7787
6690
4892
2944
6847
5047
4870
7558
1923
631
2138
3065
6936
3274
8527
9285
113
5783
6739
2586
3343
2341
9394
7649
7531
3034
1554
7104
2086
9085
3971
6269
570
5030
3255
4391
6776
1666
1063
5890
8029
8195
2421
5273
6538
7009
5744
4419
5952
2460
1868
2830
7187
5233
1297
111
7142
434
2193
1010
9962
2796
6474
1452
684
3369
764
1641
8252
394
2444
2132
7046
2996
3553
6565
2039
1412
6660
6210
8781
2820
5031
6784
9289
7857
8615
954
790
8411
1185
6132
4006
9497
487
9077
7362
5170
4692
3285
5543
5079
425
2971
7697
8996
2821
4867
7647
5605
8088
6622
9866
5753
10000
1952
7164
2573
5286
4160
2068
90
5715
8603
9367
4151
9950
5863
4569
8456
2032
2635
4175
9338
3493
8955
1743
3305
6952
770
4765
3712
7008
678
565
3077
8595
1741
4858
9630
2024
867
100
9130
405
7497
2386
9341
8491
7613
9971
2120
8365
5721
815
1770
154
4878
2828
5616
419
6164
4293
3518
792
7058
2143
1362
5090
1762
1594
1337
4827
1636
1375
6626
6143
5053
8504
1431
6920
1227
3594
8672
8597
7183
2314
7997
7304
3725
3942
2469
4593
8297
7168
6352
5884
533
2298
2840
3490
1981
2607
9972
2841
6514
1661
910
6837
4563
2448
2853
6330
3520
2508
8117
7020
1838
7707
4642
6998
2248
3215
9015
3717
8116
9969
1748
9502
3105
4479
9954
2085
6217
1731
585
2423
3962
4556
8319
9111
2646
2048
52
5478
2327
4676
8294
3771
9541
5731
7411
7243
6757
8372
1678
7999
7739
6079
8768
6454
9143
3695
1202
7693
7821
1262
5861
2267
9444
3838
1893
509
377
2907
620
1518
822
9740
7637
723
5130
1108
921
9443
8625
4282
7888
9414
9856
5104
699
3194
1355
6065
1080
3210
3328
7030
8421
8857
5939
4883
6743
2368
6843
199
8034
5423
1171
7154
4713
7828
951
5042
2515
5765
9274
2285
9629
2597
7013
5328
6280
8003
6368
8467
6801
9389
8492
3322
1523
6187
2879
7625
4283
4997
2658
7945
9129
4402
6953
7456
4968
2842
9755
4866
3946
2918
7985
2431
2044
3561
6809
3547
1999
3465
4019
9618
9637
5061
1737
4595
9248
6400
1870
4434
7147
2688
5762
4856
169
3667
9786
310
9224
5087
8552
2527
9934
5401
9422
1156
9665
6386
357
9779
2603
3270
1288
687
642
8956
2001
8670
217
1566
3070
1195
6734
3516
7382
1495
3049
9772
9428
64
1323
5730
1793
5413
6648
9342
3234
5014
8083
9762
186
7011
9179
6361
4679
2364
640
3046
3980
3502
1914
7182
6480
7076
3192
1922
8080
5422
6909
8007
5305
5749
4405
7813
5248
7427
3896
7169
1921
8710
8367
3782
8957
1444
3930
7215
7280
7090
995
8555
7958
9649
4919
3136
9185
9132
3599
3989
8922
9031
1191
2902
3122
8999
2660
2827
9028
9349
2785
4485
6194
3900
5175
5400
3417
1984
9168
4353
7854
2040
9875
5619
2903
9250
8980
6287
4917
8828
1194
2210
8187
5050
9265
7877
2382
6205
9751
9806
9339
161
3577
213
3567
2308
888
3906
8460
8146
4022
5220
6001
298
8910
1423
8261
5241
3626
3671
5697
3821
1560
2553
4598
4536
6042
7367
7331
7440
1798
5520
3474
3604
3456
3831
7764
3017
8557
8030
7445
2730
7904
7493
429
5690
3699
6407
8598
2653
6716
6250
8520
1865
7261
8687
6285
8593
4964
2437
2704
746
8424
5159
485
8352
2154
571
3704
2399
5635
6746
2778
1831
5068
3074
3555
2135
3754
5461
2292
9556
4504
181
9408
7657
9933
6072
4697
1277
376
6758
6272
6951
1459
8664
7524
7503
3082
8211
2539
679
8740
7048
9125
173
4869
6349
6544
1510
407
5949
743
1445
3487
4987
5875
3242
3130
860
8746
8012
9426
4696
438
2923
7767
5958
6950
7368
6211
4996
9382
2892
3749
5006
7407
2015
6120
9306
5197
2694
7409
980
9851
3791
483
6576
4375
8039
8677
1663
2441
1906
3219
3348
4653
3337
9757
497
7834
7270
2384
3259
6865
609
9362
4063
7516
902
3649
6611
5623
5076
7439
6226
4930
4053
501
3842
3092
2958
5143
7552
8680
7848
9641
4661
2727
3811
4262
8894
9193
3648
1398
1911
1955
6846
4911
3044
8063
8389
9255
1579
7258
3266
5612
8371
373
8786
8631
5032
8827
5114
5459
3552
5838
3814
289
4297
1338
9717
2478
1684
5483
7419
9544
5936
4985
990
6347
1051
5987
8807
73
4779
1257
9735
6531
451
1971
4028
9713
4646
4355
7628
2919
7399
8736
7416
1204
7062
7903
1889
4296
1685
1219
6838
7220
59
8782
4928
5597
6724
7995
8992
7290
9953
7662
2490
7149
4727
9908
8400
7031
8208
3795
5222
5704
1019
7696
5234
6294
6570
2592
3227
8381
4589
806
7675
6691
9087
144
674
502
2199
4751
5302
9529
8643
3921
1341
1484
8800
9532
9624
6579
365
1464
1501
3854
3455
2516
5100
2743
8596
6170
1795
5739
5763
6904
4860
8106
195
9005
4663
581
8019
3472
8703
4159
8748
2170
5125
7565
7083
3386
1031
3954
2645
8657
8196
3557
2271
8538
3892
3330
8224
7200
2609
7047
5043
8633
3469
8358
9402
3124
7171
9824
7977
1124
5885
524
9156
7669
1608
2173
6145
3436
3160
3619
5440
6615
892
9964
7630
9520
7044
8485
9320
8806
1563
6489
2477
4594
9108
226
1673
4235
7460
1711
8989
4921
9754
9242
2496
1526
220
7390
4168
6418
3179
6026
2633
7689
6989
1167
1713
9945
5499
327
6827
5745
1482
9051
5717
3817
2376
3389
5553
6913
118
2487
2611
9835
359
1205
2338
6243
7038
7777
9064
4850
8864
7608
654
9134
531
1796
5872
8836
1991
3159
8314
7000
3915
4668
7036
1549
8466
8325
9528
630
9557
1855
3686
6917
3573
444
9223
8614
2981
3647
4714
9645
8882
6446
9280
3973
1461
2225
6255
9459
8850
1120
3612
2149
1936
4444
9668
1519
1800
4990
1735
1667
4323
1829
700
2337
7358
7914
8579
9098
4984
4007
705
5871
2221
4334
5347
6585
8268
4622
230
7527
1885
4117
1970
1100
3279
4718
428
4424
8845
1832
417
1435
2685
9049
422
748
7874
6322
1818
3184
6478
2554
119
7232
6677
3188
8642
3239
4215
4076
1880
147
5353
6278
1493
5692
5105
2105
5599
6186
8613
9417
6803
1807
2724
3005
3014
9112
3282
4259
717
7338
4138
8551
3506
465
3955
5764
9960
5264
8513
4208
9708
5338
9913
9701
1317
895
2562
5252
6717
4064
5010
7913
5809
3716
7260
7910
5613
976
8790
1983
4955
2129
3562
8303
1332
7053
8198
3193
9183
7812
5028
9920
4897
1470
2344
9214
861
7478
9053
7146
193
8921
1296
5713
5052
3449
4782
6831
936
2045
8225
6479
7428
165
7735
7161
8081
5225
6527
4247
1247
7522
5385
2372
5546
5501
3117
3129
7150
8141
9022
3151
1200
7332
9850
402
2022
4886
6666
6530
6183
3531
8464
1272
7093
4379
6133
6261
686
6627
3380
3031
3411
1820
5879
8478
5609
8799
7319
2342
8869
3536
3537
7616
3751
1426
1850
5887
802
6713
8073
4190
1062
2403
5038
8043
4394
96
1527
4854
1949
8523
5316
3805
1206
2662
2446
7530
6629
6983
9283
9355
3419
3001
3843
6230
4271
9332
3643
6932
5814
2247
2098
6426
7179
1428
9109
179
8023
521
1238
3416
9891
4514
8502
2979
5784
744
2078
4243
3664
4336
5138
5151
837
1245
426
2264
8855
552
9699
4871
6249
9118
7870
7003
5588
1753
1668
8240
3605
3925
2632
8132
6363
5924
3689
4261
9203
8242
5645
1381
2420
9733
2056
5768
7158
6539
1387
7420
3949
6519
1097
2365
8398
6791
811
353
1890
5856
4003
5120
7309
8627
5826
5508
3452
1710
7994
229
7542
3818
7265
6428
8317
224
5136
564
636
7644
5970
55
1766
6964
5677
930
4792
7604
3832
7663
5051
8337
4497
8128
9236
362
9238
3062
4693
4299
3981
177
741
5590
3462
5923
510
2249
4107
4689
7186
5968
5951
2433
6021
8051
8707
8166
3427
2194
6889
2542
3387
8098
3739
4723
8189
352
4039
8911
9990
6408
841
1856
4874
625
8138
3975
685
2106
9808
9376
7856
8985
4805
3398
9438
4717
1722
8796
3850
5284
4492
9124
3071
3523
1280
1561
430
5145
7623
6087
7394
5660
658
2128
1847
9297
2890
6008
381
5480
6679
1620
5922
5026
378
1416
41
1173
6879
9812
1878
1909
4777
715
366
4325
1786
2872
4480
4603
2747
2620
2556
8210
5705
4904
2500
1810
471
8715
575
1054
5602
6119
1113
4755
6430
1145
3032
1315
1989
4627
2784
3407
5140
9399
8207
1571
8659
2779
5985
38
8356
7989
9373
2232
53
6276
8561
7204
3104
7241
6948
208
3890
9535
5972
3777
2119
2889
7208
6156
6415
2618
5340
7685
2867
5358
6274
1562
958
6180
8805
4974
9634
614
753
4852
4304
6345
7978
5020
9690
4443
3364
3451
8471
9298
3262
8449
7324
9076
293
7759
9628
2950
4760
7328
3142
5703
3802
4512
2973
8399
6850
6836
7414
7925
7001
7969
7185
1591
9217
5628
8441
1432
592
5330
1600
4161
1138
2959
9612
6235
7042
5997
5437
7584
7436
6151
1433
4983
5726
4518
5557
1203
5472
4201
1866
433
3841
662
102
5912
7519
3945
9176
5607
5101
3318
1352
5945
2296
998
7421
3229
8244
2543
4931
3211
6088
1966
7140
2816
1701
4026
7809
6714
4736
6760
9709
7536
2844
8202
6649
2313
504
9244
9876
4975
7045
8577
2696
783
81
2839
9752
9605
768
4528
9616
766
5770
667
9710
6556
7719
2028
4037
1009
8822
4096
6413
39
6302
9905
9594
1702
5804
1285
1601
8143
9825
8663
9346
8939
4482
590
6388
2756
5075
163
7291
832
1170
7391
3652
2147
9730
4136
4158
7880
82
4258
6996
9232
675
2530
7203
3576
7177
7300
4948
256
8475
6188
6940
7254
