5712
7980
9708
6294
6091
3528
6341
3303
1755
4355
9238
1646
8487
2928
211
3610
3017
425
3806
9235
5902
9777
242
2585
2393
7038
5081
5007
4916
448
4101
5376
1387
9731
3526
9218
4325
2346
4273
7334
4037
2245
6565
1475
5647
5732
8875
84
498
2818
6242
1528
9053
6507
895
5510
5245
4599
7568
686
5308
868
7751
2960
6625
3309
8109
321
9014
2317
853
4055
8132
4316
7029
3443
9739
1295
7126
5854
7198
6692
670
4379
3550
6531
2862
7806
8878
1990
4639
5664
2085
8738
2473
1655
5808
9884
7230
3131
4150
3966
2635
2459
7599
6367
5989
2364
8968
6612
251
4103
7286
3636
4195
7463
5236
4865
2507
5680
6588
9440
4496
8314
5209
3890
625
4449
5320
2790
9709
1745
5241
9948
6382
2059
737
2744
7602
6929
5689
2826
3471
5437
1013
9691
9243
6702
1732
1918
4401
5265
6530
5639
9417
7568
269
1651
1649
7159
3546
5443
1860
3880
7978
8137
122
6063
4944
9664
7640
288
8351
9445
3364
8075
731
4197
9865
9870
5911
193
7684
3731
1879
1328
9876
5727
8948
9966
3755
3497
806
814
3829
4700
6622
855
8255
4263
6660
9011
631
9442
8673
9254
9452
3899
1802
5129
1230
4700
5556
9291
6297
3462
2293
1546
8814
734
9888
9450
327
2634
9711
3121
9790
4314
8530
7955
1340
1870
6290
4106
6822
7518
7389
7131
5692
699
6039
7093
5823
2052
6093
292
7044
8906
4750
2385
4370
8539
7095
9902
1185
5279
7180
5297
2371
4755
6563
2832
3271
6214
197
9258
3630
8277
6441
8298
2584
2653
2439
1852
2263
1582
8754
6450
5847
5107
3481
9147
782
6175
6510
5826
5207
2297
1339
4662
6204
8255
5171
2337
6741
2910
5602
5167
378
2433
491
8753
5123
3775
7649
7205
7828
7081
4214
5256
999
4777
3425
5075
4036
8388
4272
9627
6096
6819
7224
6126
7912
1973
9369
5939
3724
3741
534
9105
2420
3134
3496
4606
5243
9341
8852
1944
2609
1872
7148
7295
9771
216
5871
6559
4945
7807
6431
6545
2332
9408
8978
2974
772
7384
711
5774
8106
1820
7686
8459
3210
8929
9260
2576
785
2991
7329
2622
6277
3075
8720
5786
970
6343
107
5105
7316
547
4563
7217
2494
129
4085
125
4271
8856
2010
4439
4416
6895
2700
4770
7389
6212
154
9704
9196
3647
908
1725
8330
2430
3762
5312
6370
4862
3864
8972
9839
5665
6343
9185
6190
9330
8018
7489
4817
4217
361
3955
6714
8069
7913
2280
6036
1632
2814
7497
3259
7194
8961
6796
3686
7228
8491
4514
2663
2855
8288
7967
821
3764
4368
5475
471
3911
658
9703
3499
4167
2413
3242
3879
4959
5286
5057
8527
2329
853
3121
4219
4003
6550
2068
4283
762
9542
2088
6906
9955
8446
4926
5681
9657
7151
4553
1111
4927
2623
2167
3907
4940
5478
8426
1308
7862
1029
9967
8358
4670
6022
7236
6969
4002
7480
1752
5084
963
285
9054
9621
2511
4787
2668
9343
5601
6267
8346
6067
4381
9230
6653
8320
7316
3635
2994
7026
8918
5422
7468
6549
992
2656
1304
8052
9002
69
7564
2658
7316
6440
8778
118
37
7833
628
1133
6985
7888
4355
729
3578
8004
6576
1327
6735
6171
2365
9697
7363
7258
6604
8800
4056
4961
3936
3491
6450
9596
6445
7663
3870
8092
3260
3816
7982
4337
7960
8583
7008
4737
3225
3079
7771
5396
1767
1070
1160
618
1519
3046
7370
9429
71
9684
5134
7268
8753
8086
407
4641
8491
3856
5417
3250
878
9824
6944
5063
2
5443
3643
9249
3906
1849
3976
701
6879
3849
4853
1521
8241
5798
3762
2737
4229
8512
9310
207
9554
4654
1346
1949
3095
455
1491
4088
3665
5275
5832
8814
3822
5369
3857
4600
7386
8866
2594
6902
6451
1618
8883
6761
3277
2415
3058
2648
2435
7546
8764
8081
212
1018
9305
2843
6197
5935
9438
4259
7598
792
1776
5334
9874
5435
1840
3546
1282
1895
2508
4772
7291
4967
1286
8807
8478
18
65
8079
8109
1192
215
5268
8926
1441
5171
3466
8294
729
3605
4501
8142
5841
6384
4377
9121
3736
4336
6913
8727
3853
2342
4928
4606
1952
8036
8959
4889
262
5406
8394
1999
5208
5127
6140
5926
1830
1065
9305
9179
5634
3193
366
9621
965
3142
9450
4128
2418
5970
3440
373
8216
9391
1991
6878
4225
2205
6478
9150
8960
362
1884
2235
2566
7838
6081
5440
4103
9506
7316
7670
4120
1538
1064
5612
8569
3334
7756
4137
1987
7393
2711
5046
6448
2184
1496
7779
6871
1593
9558
7219
4956
7688
6516
2719
716
7940
3706
9739
6534
8408
9695
8309
3594
7092
6554
3821
8121
7953
1799
2674
9986
143
3290
4410
5023
1197
7085
2651
5945
5959
6291
6347
5221
5042
3615
4354
9459
109
8652
6725
3194
4802
2283
1574
2448
4581
8528
3751
5705
1383
6768
7574
5224
9409
2823
7343
3059
5648
4794
2928
8960
5495
6304
9168
4150
7328
2144
9543
3878
185
9787
152
9571
7104
1616
6849
2129
6797
948
1486
669
8085
2656
4114
5643
372
4513
2262
4119
1326
9822
1165
2295
8807
9354
308
4397
8334
7764
7471
7790
5818
1623
5188
7626
9674
4092
201
8640
755
6242
8710
1555
3220
3499
6049
3899
2830
5533
325
2233
6217
7124
4589
7191
7533
9301
9522
9339
9138
8784
1847
6186
8186
9234
2371
5951
6740
670
3099
268
3031
5585
5134
4204
7016
4245
6510
4746
6587
8142
8062
4107
3101
2427
5822
7068
853
5928
7523
374
5232
4496
1989
9317
2162
1374
1439
5737
1157
5094
4225
2396
111
1841
275
365
5993
8340
5567
3370
5984
1166
123
3922
7955
8227
7504
3690
7389
235
90
4524
1293
510
2709
3096
7206
8222
8220
7584
8510
9403
3129
4595
3544
271
6634
173
8711
9862
1243
3075
818
1463
9239
6864
6923
819
5936
2412
4186
7561
3679
8700
3478
3590
6096
2962
309
2078
5841
6867
5035
4582
9413
4332
2983
1443
1190
1556
2802
6755
6193
2924
9792
3597
9636
9142
4114
9897
2358
1487
2654
5478
256
2777
1412
3375
3933
5807
5383
4996
3411
6404
9988
4873
9526
4482
7219
5531
1834
8310
4236
291
5346
2874
5305
8971
8930
2511
3596
1360
5630
8985
8407
7625
7498
9841
9002
2020
8124
7413
4180
8413
6833
1306
1701
4615
6341
1678
6759
9699
5719
227
6766
943
8797
3160
6565
3162
6337
9448
2762
1327
5018
3120
6444
805
3878
2680
685
6873
6036
8651
7093
4547
7808
9678
1532
7596
749
2188
3022
7263
6214
9086
9016
3421
6930
1600
1890
465
2799
2497
2308
8275
6115
2005
2230
6260
2124
3029
6468
2650
3568
731
7927
4503
2249
1508
3082
7133
1587
3487
9580
624
6893
1534
3317
1553
6958
4986
5182
4482
9914
2977
3829
2933
2816
8739
8440
82
8743
9599
8353
4605
6383
7132
4273
8163
7674
3683
820
8019
9182
2777
1308
5334
3436
4366
9241
6955
4561
7192
1740
9001
4191
8590
3973
4169
4722
7479
1334
8285
3784
3377
2553
380
8647
4287
5089
1538
3082
3641
7186
3752
4766
9862
1635
2616
6814
9367
2848
4200
6836
3803
6484
8311
9885
569
6600
7413
9409
2384
5569
6873
8011
4360
6433
7248
1111
963
3173
654
9684
504
6016
1496
7690
9299
6336
8941
9969
3495
1804
9875
6633
8249
20
6780
264
3328
2557
9723
6175
3457
1981
495
8954
268
7842
2428
133
1534
5831
1557
327
6245
1029
5404
7628
5669
2571
834
325
4912
4045
13
4188
4388
4801
1437
8191
4006
9988
3624
732
9650
9321
4612
646
6134
9391
2100
2863
4938
8720
1852
4065
489
6504
1110
9048
5868
1012
1195
7471
6397
4691
3910
2530
8326
2799
9794
6291
2417
9486
5690
3871
2496
1064
3409
7776
3154
4424
3384
4000
4778
893
5037
7426
2779
6266
3379
7780
9091
9315
8529
8026
2557
4125
9828
1809
1698
7814
1909
1528
5667
5221
4981
3160
4375
3890
7352
391
5530
7835
4973
3046
6483
856
5364
7040
5814
1986
4947
478
4456
6887
9665
6229
1909
698
9840
4095
5987
4441
6745
3356
7929
3482
3111
8602
460
8950
5667
2625
1117
5480
9251
1201
6358
5686
7544
8341
4672
1417
6919
5508
6029
5624
9895
1588
9378
1697
9704
644
8469
6879
6800
5074
4131
6474
8069
8487
9974
8572
9619
8916
3478
472
111
5778
6929
8180
3710
4136
8086
4397
2862
509
293
3197
6538
4838
3483
1932
3219
4582
4518
9156
8187
9201
7909
778
6722
110
8637
3820
7963
2400
2158
9946
3080
6568
329
3904
444
7051
2561
588
5253
4652
2973
5728
9189
4239
308
8106
8700
4716
872
9387
9907
2078
5157
3771
95
4305
9147
1798
2070
2814
2532
9954
5873
5300
633
3457
4476
9382
7281
9774
6784
9305
1528
5245
8878
4502
2347
1313
4068
4294
6533
5295
278
4759
9309
8287
9559
3774
5691
7368
3239
7006
4337
1392
478
8939
8942
6756
1249
6500
4022
498
2461
3156
5979
3665
3303
1262
4611
7192
6370
4994
6326
2019
4903
6653
7918
9098
1422
8151
7394
5308
8435
4752
4720
7166
4333
8053
3737
4522
1197
8339
43
1734
651
7771
1376
8825
575
7733
1830
1767
2417
4269
8009
6198
9367
6974
9082
4456
5195
9558
4943
7770
1359
3795
6721
1956
77
4259
446
7656
7071
2758
5168
4503
2338
8174
9951
7514
8057
5347
5963
4611
2778
2744
7850
9553
6150
893
2008
1368
4139
20
9566
7122
1869
7857
6266
4926
2820
4921
7983
8618
9794
997
6682
3431
5142
4376
9635
8851
1215
4830
2670
5732
8208
4426
7027
7245
7539
7574
6562
2316
5707
8554
4221
4076
1618
6061
1990
3189
3299
4082
1184
4477
2546
420
4027
1026
1303
6920
4717
8803
9344
9915
7656
9134
3132
4807
9340
3102
9129
9332
9680
7805
3708
1839
4110
7513
7129
7788
7893
3964
507
5119
5041
4780
577
9343
1880
6580
8943
107
5735
8176
3717
4106
2398
2900
747
4561
9153
9459
4978
5571
2854
5922
7702
8134
1955
6041
248
4464
7517
3676
5241
2652
4281
1600
40
635
451
6836
2263
8560
9875
3808
2101
9241
3311
9580
2990
4023
4615
4990
7184
7724
4594
7986
9722
2175
4974
1492
9599
5432
2225
3618
3505
6773
2015
7509
5875
215
5964
4255
8638
8542
3525
4526
5740
8622
9484
5740
1205
7333
3614
6916
5680
6587
47
5563
3441
5709
4129
5162
2602
1446
1137
6469
225
8769
9669
300
1580
3424
683
7204
5255
623
6268
7545
5771
6873
709
9406
2451
3064
5441
6918
8937
776
8688
9335
944
4932
500
7479
9269
7045
316
317
8362
9755
8735
771
6065
2317
4117
9562
5317
6513
1658
9984
5722
990
2729
1380
4370
1341
9594
9364
851
4668
6724
7520
8152
8873
2614
1220
2788
5342
7092
6434
5790
2341
2508
911
9999
9724
8044
9998
8688
639
1349
2086
8427
7497
177
3692
832
2508
2624
4398
3787
9395
3443
2045
7656
7318
570
2236
4378
3486
4717
6491
8988
1781
3065
2007
9806
4073
9956
6021
2167
4997
7187
6689
582
762
4733
6463
1692
5769
9086
3438
2855
8575
2841
8993
8123
6003
8794
2530
9406
7460
7826
7247
4369
7915
9328
8804
5468
3628
3257
8132
3071
3283
2931
7506
8523
4900
2150
1620
206
4398
6144
3387
9430
383
7250
707
7559
8512
7993
9879
8881
6485
8709
6934
5649
8599
5806
4529
4276
3715
8356
9305
8501
6542
7991
4799
9171
1005
9692
4574
8225
9935
8799
7415
1441
6578
2714
6582
714
1334
8316
3475
1588
82
6481
9219
8454
5943
3532
5155
271
2751
789
6355
2225
2676
534
2029
3920
8146
6074
3205
242
2240
8040
135
5193
4390
4460
7058
7053
574
9852
3826
5992
5866
2353
9977
5583
1323
8646
9783
7111
4718
3970
162
5415
7806
2708
2190
5119
2510
2549
6386
9571
8498
1442
318
7622
2269
9774
7404
6301
6709
6962
5548
9860
2653
642
8034
7806
4636
1240
7229
195
618
9825
7922
8398
7496
6071
6329
2113
4210
2836
1006
9904
3501
1256
8776
1229
8319
8446
1550
1778
8103
5467
2434
2287
5313
2815
8328
9325
8307
6546
2030
5078
636
9375
1370
2334
2446
9115
280
7679
4221
1495
7065
3900
6078
9420
2248
1633
5179
5645
8557
6834
3792
5328
7572
6635
5158
1819
6038
4068
4843
708
8859
615
2158
2417
9198
605
6246
1140
3200
8955
3436
3094
9
3511
7077
2544
1826
50
6688
663
725
434
9028
8167
2493
3559
5990
5066
9625
5147
583
3607
1989
4511
6079
6986
7238
551
3672
2937
5888
7676
5858
9229
9289
4885
6965
8928
7437
3244
8182
3636
8024
8816
6265
6469
9083
6103
6137
1069
5184
2361
1788
3091
8441
6883
4942
3686
6117
9049
9688
1256
7882
3528
7300
2610
2274
5904
3509
1588
3121
2030
7639
2910
9389
5107
1337
750
1985
5350
5966
6780
9565
2486
5969
9305
1780
3933
1054
1611
9073
7926
1956
4286
3921
5329
3972
894
6059
3900
7934
8823
8700
2000
6621
4427
4649
2703
351
3491
2730
3672
2504
6180
1361
139
3810
8291
5077
8146
2596
135
2982
4323
515
6601
7361
746
627
1428
293
2798
1341
2852
6731
7017
2431
7402
9449
8676
8718
4506
2156
3678
264
4664
1962
98
6739
878
1225
7025
8505
2280
5128
1251
3608
8524
8152
8808
4866
4
1421
8262
6988
4455
3911
5406
1350
5277
9405
7233
929
735
9784
221
531
5533
4686
8465
3710
3597
2984
4936
7710
5471
5395
1640
6115
2805
159
1661
1843
4325
2072
8243
9478
3327
7716
7743
7535
5892
570
8585
6043
6996
6078
1054
2128
1141
4734
4899
8251
5965
5716
920
6252
1224
5042
2875
9097
8386
7284
4005
1276
7942
1279
7052
5806
2802
2927
6304
8065
4682
1695
4446
8117
8281
5997
105
3029
5800
4492
1819
8874
9956
569
248
8463
9239
4670
6828
6833
4256
121
9211
209
2033
4702
5723
6228
1230
1150
7165
428
5348
4218
8277
8509
1530
4656
8233
3054
9270
9891
6881
5638
1015
4138
1575
5886
5881
2356
8439
7759
8303
672
6599
4048
9794
1648
8131
2064
6642
885
9112
2305
1060
2323
319
5770
9871
2022
9901
9695
3462
4733
7726
1471
2931
1017
6768
2301
3641
6410
5545
5772
2530
410
7338
1820
4452
7982
5471
8839
5629
1146
5988
8301
6341
6884
6370
1387
8482
101
7342
1624
321
5863
8447
6747
1009
229
1518
7736
7735
8420
8188
1514
3311
5684
5170
1353
7367
4619
4582
5727
7790
1126
508
8404
9152
6976
9341
308
8031
7744
751
9257
9247
228
9899
4396
2015
89
4723
494
6167
7591
7647
7137
5601
5812
4587
9638
7516
9730
4084
7864
9120
3903
5619
7217
4314
1602
3128
7583
7389
9220
7858
2302
2852
9806
6143
924
3023
9790
2035
371
8081
170
3593
2105
8865
9540
334
8081
7841
1240
3363
4280
9009
2852
9444
6742
7478
2937
4175
8066
5863
8517
1757
4326
4668
7286
6870
7893
6780
5943
8293
3236
4999
4336
1347
1148
7485
6068
965
6295
6062
2352
3016
8594
729
4764
3361
1733
5319
9631
7318
3390
6681
8611
6314
8120
3572
4815
3452
4173
6712
3317
3856
8668
6062
413
9834
2206
1017
1332
2487
9776
7177
5616
1853
787
4146
502
2447
6479
1071
6046
8327
7789
986
2568
6588
5673
4716
7055
4563
1666
2049
2386
2332
7963
1379
7776
2061
1702
5965
1023
6517
5817
2975
8800
3734
5368
8287
3491
2509
5266
7469
4215
4856
1854
184
3769
5113
9486
4517
7987
5379
2384
762
4082
9304
5847
2367
8985
6741
2427
1185
8947
7788
8502
1250
1098
2365
2757
6946
2362
9791
9882
6089
5411
3881
119
5414
5039
5955
4546
363
8017
4937
4801
6159
6712
3490
4956
3191
446
7616
2518
7888
1882
1874
9952
4351
6461
5425
3558
4200
7061
2943
2994
5374
6991
4297
3971
8635
2010
3994
5534
8721
2504
4913
3850
1412
6077
3337
2864
2405
1290
7486
637
4570
7746
646
9341
9735
4505
533
9595
3632
9290
6808
1301
4693
9141
7685
1046
9309
6730
1960
5114
2700
4456
145
5686
3920
4030
9783
2108
653
662
9760
251
1830
7268
3519
7103
4304
5397
4754
9944
3124
8653
2407
160
2921
537
8454
7944
5675
9567
980
6468
1886
2171
6258
5757
2086
7854
4041
7496
2390
5797
6499
5077
2974
7345
7423
3013
4151
7818
7028
7081
4685
2485
569
3105
1918
7915
4624
7671
6613
1866
170
669
9031
8895
4339
3086
1335
1484
311
6259
4817
3525
9238
4954
9476
6268
9467
4193
5201
2225
3714
4872
7064
4145
482
3523
7101
3302
7881
4523
4762
8539
8806
7497
5718
5121
9098
520
449
9851
5264
6092
4754
4785
1177
3074
5024
7066
3224
8119
7830
2124
8301
6328
2828
7573
3405
1838
8747
7362
5856
239
5118
5523
8184
3108
1429
1029
3267
606
8410
2890
8160
863
7152
4978
3251
1844
3077
8475
9551
1965
8639
1244
6146
5739
3339
3368
4053
9624
9703
7940
8789
7995
9493
2028
7868
9878
6091
36
2559
8139
817
3671
7409
2931
990
3342
2204
1544
8391
8304
6459
6468
4995
2092
5615
931
5140
2096
4439
7300
6968
6529
1618
1483
7102
6660
3089
9010
2570
2969
8376
7766
6405
921
7051
5136
5437
4698
3314
1604
2132
5339
5763
9717
3710
358
4325
1816
9323
4552
6832
4774
7995
3737
5264
6564
2656
8401
6356
4132
4744
9077
7221
4134
2864
9005
4435
1605
3351
5
1316
7473
716
4722
2630
8492
1177
9990
2842
1805
4294
2347
6278
2040
3459
4989
9159
6391
4942
1876
8773
7125
7229
6211
9038
318
1577
3280
9987
2520
562
8583
5065
8091
8390
2153
2719
5736
4326
5070
8740
7677
7110
8163
9473
9758
9038
2196
6350
9383
7024
4188
1280
9861
2169
1001
6292
4571
3547
9291
5804
6334
7312
6186
9754
4201
6788
1798
2233
2199
9062
272
4904
2044
1987
2271
6130
2350
2265
4739
1902
1719
5408
6305
5439
3668
2891
4809
651
1770
7951
5795
2169
9381
9966
4510
8027
5974
9301
4678
451
8114
511
7174
4302
1585
9455
8900
6341
1406
9650
1236
7098
6701
6201
3995
6621
4590
8057
8916
4304
6919
3784
7836
8084
560
2469
5935
1626
8108
5830
27
4765
3581
7740
8980
5677
8593
7171
5774
1880
1074
3353
6761
9454
7754
9960
609
9205
8570
6043
1277
7442
9467
8359
5316
4980
175
2478
691
9497
2859
1804
1742
8326
8802
3680
3341
900
8929
423
4639
151
5099
8282
5456
977
6309
5737
7640
1680
4654
4059
4175
4465
1269
1217
5596
8736
2833
3043
3551
4698
7812
4462
9691
9883
8757
3254
7400
9354
799
2543
7750
4751
9366
1341
5707
1961
5191
82
496
3168
378
9224
6299
5208
7121
715
7531
8879
4943
1754
3126
2342
3550
1153
9304
9865
9893
4535
7300
7036
9349
6974
5017
8948
6022
1982
692
7480
7442
6861
8990
2846
7436
3341
4921
8782
4519
5239
6855
1371
379
8526
2299
54
2604
940
3706
565
2351
1963
668
2056
6519
7814
8347
7090
4351
576
3180
692
3909
1597
760
8067
310
9054
4303
3585
9216
5899
4786
5774
1949
968
2804
1296
9137
259
1013
4396
7714
7365
1217
7543
2981
3505
5133
150
9868
9380
6248
6417
7155
518
4651
4003
4392
4228
6836
7688
2425
5041
1549
3370
2379
4114
8879
7040
9835
9054
2518
1297
5635
3942
6630
4771
2130
9243
4828
369
4479
9918
6986
9709
3947
2228
5104
8567
2027
8069
5101
4524
1420
810
802
9409
6369
6449
6221
9214
636
2038
9295
3109
2074
8189
4502
7936
5713
4154
998
8558
7568
1162
5849
2747
2797
4085
7508
3769
5898
6675
1235
6867
8198
3474
4257
7336
3061
2992
3907
1851
9670
9529
4803
4996
293
7332
4100
4294
147
7734
2472
802
9462
5732
6365
2460
5692
1889
5558
257
4403
3863
1965
3055
9155
5632
3823
5169
8004
9168
3532
2523
543
2931
3380
2582
3624
9525
1291
9868
5179
4051
9927
3640
8558
6775
3195
7939
3199
7364
9822
4329
8049
8287
1068
5205
7406
5513
1929
8975
6707
7755
3128
1110
1467
1849
3896
3252
1322
3123
428
1532
426
8862
5836
793
4629
664
604
2456
1738
3641
5199
4895
7428
6061
8547
1845
3000
9766
212
391
3989
3587
4111
7892
7161
2913
1923
5126
8120
9180
3706
932
6234
8448
6179
1786
8729
4009
2862
4628
7388
6055
3044
8346
8592
1315
2492
9717
6984
2803
3802
9572
3024
7167
4511
7397
5366
6434
8006
9605
2634
1579
6757
4150
9377
1007
805
4495
1072
2113
5812
6958
4258
2431
3772
9174
3318
2583
971
7323
3550
7208
208
507
5407
4988
3172
1364
9431
4907
1524
1169
4991
7518
516
2062
1561
1364
4341
1219
4396
3219
2720
365
2707
4329
3855
2140
3154
3224
9531
1757
4961
322
2080
8690
2783
4080
201
3062
6547
7650
1663
3433
4318
3278
200
9615
4260
501
5580
1808
5718
6541
4022
9697
1884
1317
2203
2746
4224
2224
7212
2306
1478
2979
3969
9900
7077
6785
4505
6401
2160
1987
8417
5461
1812
6766
6352
5694
8546
8665
5653
5637
706
6171
9982
3541
4662
9833
4960
7945
7795
9699
2636
3470
985
3902
5448
8235
6374
2491
5492
8794
5060
7169
156
2210
7565
6818
3651
7880
9629
5680
9955
907
2776
3367
2223
7899
1913
3091
3187
8145
734
8438
4651
7312
232
3264
1030
7088
8411
2343
3472
6896
9706
5475
2966
2263
7754
7400
5148
3027
4333
5838
726
5854
8605
1687
9533
7273
6186
6808
8980
6750
9805
7249
6921
283
323
688
2047
411
3897
4625
7884
6339
1425
9872
6582
5030
9116
2733
6983
6368
5337
7456
9746
6215
5341
154
1973
9693
2181
4023
8608
7652
2352
4188
3806
4690
1246
7380
4515
7728
4250
2411
4113
2046
3889
1464
391
2385
9051
6335
2608
2479
1572
6621
1203
8007
2224
4724
5615
8395
5574
7207
2093
6036
2011
4768
7683
9924
1275
115
215
1295
553
1045
2048
6683
8384
474
7244
6715
4260
2825
3173
5769
8215
7921
2008
6668
5738
5404
8157
1159
9266
7071
7006
7212
8825
8282
1457
7635
8387
1665
4462
986
2420
2401
4038
9038
1687
2901
8036
657
4367
417
3904
1701
7875
7174
3080
6773
715
1016
9352
8248
9937
9716
6073
7282
3445
2386
2252
5570
1367
7265
4199
6147
6137
1836
4570
6405
1785
7506
1676
5315
7020
6222
2542
8389
7086
129
4596
987
598
593
8602
6336
5749
2992
3709
4799
482
1105
643
236
6093
1136
2167
3419
2071
6561
6182
826
6691
2469
8024
3378
3249
7649
7813
4324
7916
50
8952
3462
2159
8298
3746
7899
9079
9453
8535
5914
2591
4474
5622
6689
5799
7962
5011
5933
9055
1589
1131
9408
6606
8691
1526
7351
2900
9857
1479
8193
2652
7641
4532
9314
6807
9062
8245
1480
6779
7960
7147
9785
6485
9689
5958
6184
5130
6751
6998
2639
7283
3392
6674
8438
2535
1031
9321
6264
9234
4265
6334
681
6029
5097
2544
7864
5286
7152
5855
1937
4369
6148
8298
3160
1427
1082
3255
2735
3381
71
697
2252
9233
5593
6677
2083
9547
6113
6735
3495
6
7947
8700
3510
8824
9934
3082
1820
7791
884
3219
5126
537
6482
7000
7636
5039
6997
1393
8419
8315
6467
1327
2443
9747
8822
7342
4134
4437
489
7339
2817
5829
5244
6223
7361
1156
9869
7173
2486
59
3074
6234
3623
5148
6662
8645
2807
4071
1188
8834
7604
8318
9297
2521
498
8020
637
7621
8705
3888
6583
1361
2695
1504
5380
3813
5118
4721
9331
4022
1477
1430
6863
4536
7533
4040
3953
7261
2131
6665
2927
5930
1478
6837
9227
3874
5067
4788
953
6867
3152
7629
1767
4645
3087
4086
3750
3873
9217
7762
4425
2403
5711
335
7482
1993
9338
718
9565
1450
9767
3145
7773
5838
4259
3628
4083
1778
5241
5007
5658
4981
5474
1825
2722
2446
4914
7058
5780
3420
4187
111
46
6535
7239
7281
7494
6588
8237
2421
6153
5139
2011
4043
7705
9063
6657
5656
9466
5265
3217
1265
5378
5227
9125
3842
1225
6638
2027
2907
5480
3458
7343
9928
5358
5735
6245
9637
3073
733
2648
4479
1061
9799
2678
4084
8478
8218
8407
2858
2247
9431
9709
3315
48
4772
223
2758
5893
5426
8706
7485
3806
7645
2181
4146
1525
6898
5816
4570
3746
6972
2976
8530
5989
1924
7612
7816
9931
5133
5384
2864
2828
2102
9581
508
78
4696
1538
7818
5272
4832
8870
2370
1750
8952
5487
5501
5553
4788
5062
9645
6172
5442
9594
9869
5353
3885
9534
7901
2726
4155
4280
4384
1773
1924
1934
1685
8288
4184
6381
3976
8175
8455
2840
7198
90
7948
8489
8551
8290
7469
6573
641
1110
5024
4695
5070
7288
1901
8601
8784
2359
7171
8938
1089
5630
6033
8234
2690
9367
1763
7470
30
8386
3390
4705
1943
8484
6317
7024
9954
575
9303
3737
92
5570
4251
1760
508
6364
7640
686
8021
2451
6120
8116
1352
6253
2888
2779
7751
2891
5743
9288
2155
5396
490
8397
5422
7546
2615
296
5067
1652
1221
2662
8973
787
726
1113
9832
8242
2761
9447
4553
2625
7264
7815
6483
8808
4858
1716
9120
749
4885
3691
2939
9372
127
1004
8459
8901
2663
6944
8397
3943
6752
4545
7294
8689
5396
1847
4077
2948
2702
3780
6460
4677
7861
9339
9322
8495
7258
2926
514
1160
4361
3582
6432
8626
7998
7884
239
8975
4714
7378
1072
1986
4528
8811
4557
9441
1911
5133
6098
7601
909
6875
8603
7390
8374
7873
8723
7469
487
4648
5312
8992
2935
2065
9033
3706
739
1945
3375
9073
7998
1583
327
8064
3841
4553
1747
9547
7130
7302
9077
4444
6412
2781
4769
7254
5317
2734
6996
963
185
9726
1153
3700
357
7998
383
9372
1076
462
1498
7388
6114
9878
9858
2794
880
967
6450
6454
1553
5399
3796
5855
910
2914
9542
6800
3391
9945
1242
3812
1310
3217
5851
5817
6323
3646
9892
6023
3699
7453
1448
9256
8734
8552
7983
2201
7800
3165
5148
4325
5900
9029
8791
6445
2795
4639
511
2153
7886
7346
5
3129
3613
6094
9643
8806
2948
782
9768
7847
8225
642
55
2950
3084
4163
2386
3154
6222
4607
9342
80
8827
8212
7238
8233
9414
2285
638
7254
8597
4836
8064
6589
9468
9275
5209
9183
1773
8482
3871
1027
9371
6609
7218
6381
8849
9664
1545
4067
6651
554
1655
8443
7189
2704
6618
7035
5704
5932
1187
6024
8218
4457
4780
8212
1414
2514
786
9467
5316
7693
7147
6512
5518
7254
7445
4528
8955
9568
9542
2097
1602
9593
9814
1312
8072
4568
9189
723
8899
7101
4728
8375
4353
9841
3846
6372
4983
4882
7785
3816
9758
9428
9591
7230
8394
4810
4409
3577
799
1603
2453
1965
4953
515
5134
6493
9697
2835
2094
5946
8089
3539
857
328
1010
2453
7037
702
5636
49
7622
4379
8518
9225
6868
6199
6849
4113
760
9071
4939
5876
3532
2850
1996
5585
9239
3357
4090
6101
2670
26
1783
3930
1362
8201
5494
9993
7747
3900
833
3381
5732
3555
1198
2669
7587
4144
6539
7570
6658
2879
5201
6408
3098
1485
2319
7541
889
4344
9349
53
6938
5677
3352
2477
5113
1208
5015
3888
2285
8808
1128
645
7804
7592
8030
9945
7125
5083
2911
4705
9156
2809
5695
4923
9408
9512
7455
8255
3654
9751
4282
1892
9081
9183
7207
8827
8076
1155
9473
8499
2386
6016
4084
3688
222
7882
5467
1371
1673
3887
7143
772
3367
9366
5708
7041
7538
9663
7629
1813
6390
9023
9261
9235
2290
4057
2098
8201
5444
6544
9674
9529
855
3328
4166
2732
3862
7736
9551
6342
7750
9473
1547
2496
3470
4911
7032
9405
2137
5289
5859
9888
1425
8543
3340
4035
8706
8184
9901
4030
2922
7187
9123
8822
2522
8984
9571
4808
6858
5189
7831
2204
1622
2588
2000
361
5174
3500
8709
6038
7039
997
8176
6008
6967
3846
9551
305
403
8007
4937
3470
11
2853
9884
2445
1711
7100
6732
1873
2460
282
6640
9802
7468
9480
651
7396
1168
9052
2483
1388
6681
2847
2018
6647
3320
9798
6732
5091
2373
7216
1217
3194
2982
4503
5641
2727
6769
2599
4104
540
7544
5718
9889
7559
8608
4110
8943
7567
3713
5035
7785
4004
2305
7326
7679
6206
7877
6927
6407
5396
4094
5212
3552
1320
6772
9203
9413
1463
6675
9609
6250
4033
1605
5747
762
640
2893
985
5078
9309
371
1532
9547
4968
8697
7019
9546
3347
3148
2695
3243
2668
2372
8445
3063
8765
6398
3472
4317
5400
9847
7743
6739
6451
3814
4295
685
9807
9346
9900
7705
6280
7882
3033
2236
4362
7821
341
4584
6413
3901
1362
7765
3219
3772
6805
5654
4095
7071
4479
5081
8588
5774
6976
9674
6143
7514
6575
465
1075
7639
6688
9247
9174
7436
8765
2078
9165
9179
6634
3039
7660
8672
4869
6596
5283
8921
9349
1970
7133
949
7475
4075
3428
2804
1533
4620
5953
4070
4812
1226
518
2060
8943
558
7055
2826
2458
607
755
1629
6856
1623
1090
1772
835
1481
3755
9817
7597
3049
1928
1274
2418
4095
1675
7505
7880
8225
765
3404
6773
4913
7526
7392
3709
7318
880
7833
4158
7979
5381
4170
351
5940
17
5615
9541
9932
2102
4223
3704
3089
6152
7423
4033
8903
2850
5132
2030
8397
34
5479
2549
6954
595
8250
9816
5483
1088
87
1514
8332
5140
9905
8623
9841
9396
9216
4161
3218
1727
4249
8897
8369
8060
8005
7126
1131
3437
1526
3061
7950
7064
7547
2611
8263
7785
2973
5392
8591
7573
4825
6215
280
3165
8345
7789
2008
9862
4017
9157
1110
3219
2296
8251
1728
772
2607
5969
8971
8456
3312
8494
672
8887
8452
8672
968
4525
4929
9475
4848
6994
7803
6805
9739
9571
3498
8913
3834
5722
7148
5238
918
1681
4680
139
386
3800
3770
5721
5654
8165
2403
6633
4793
5385
489
341
5895
4465
7963
8971
1307
9473
963
5664
4225
8453
6728
5611
4615
757
8716
9929
811
5423
4643
1559
9597
8205
6787
4568
5760
8606
3139
4331
4967
1815
4588
2595
5076
5542
1485
2057
3940
9073
2309
4513
9437
8189
5329
6646
9054
4629
7910
7820
4057
6646
8718
7744
4868
6184
7432
5159
592
9684
3248
2390
8060
7082
1121
2466
7934
8853
2499
3405
4641
793
1034
6694
4652
6964
498
160
6873
6652
9081
5983
9621
8148
5597
1590
9298
7839
8040
1881
1102
3694
1851
4078
4712
6649
9825
1255
5015
6069
3716
1114
8521
6092
6680
2252
8755
7941
3012
3377
5483
6997
3877
8094
4309
3784
3384
6185
2705
91
3989
7539
1033
7591
8932
9292
979
4772
3233
2969
7272
8152
9608
1007
7270
355
6427
1630
83
699
1279
4591
9411
6357
499
5867
9314
5024
9375
7460
727
8712
943
5181
7242
199
2273
8706
6099
7590
8283
8929
5638
3841
2343
3139
6624
902
9251
9738
4014
2891
5063
3959
6960
100
2957
4375
7840
1018
1223
8249
6465
7698
145
1431
8461
7583
1326
3578
7608
5528
4322
2785
3051
266
5542
818
1519
3133
925
4058
6681
3706
6200
6606
132
6509
8334
4405
7685
1829
5519
4454
1692
3686
5563
1483
2578
3161
6174
9336
2255
4095
3416
7073
1704
3871
6610
7230
2888
1218
913
9450
5388
8147
7566
6626
2371
7933
2352
8610
3771
5404
8298
4817
2237
2837
4855
7197
1871
167
4648
9092
5745
2723
3440
3040
5383
2600
332
8752
8491
2734
4600
9649
8192
4589
3377
5026
2482
6826
8853
391
7608
2658
8832
1280
319
282
6647
9844
3405
2457
4838
5435
8087
4265
4982
735
4436
9559
1873
5263
9194
3054
3192
1093
8932
2064
5476
5518
1804
2696
9806
323
1521
4765
5950
5683
4640
8451
7489
3372
3253
3560
8007
7566
1802
4508
1269
5299
9743
4702
9925
539
2891
1699
6594
7074
9618
4968
1276
4252
8807
5290
167
7558
74
2711
9493
6626
8660
8294
6491
5467
3048
8992
7470
8919
9141
2368
3567
7675
864
6305
5496
9085
4300
6441
9533
8734
9077
2506
454
9289
6590
2361
511
2212
215
7905
4031
2915
9186
9528
1860
7594
8101
682
171
3113
6496
5594
2149
705
7530
155
8647
375
3572
9297
6635
6412
9575
6614
4747
1389
568
6234
373
8262
3683
6829
5284
6386
1254
2225
9727
5547
483
7220
8342
6014
5298
8319
8566
2859
8669
1118
8559
9513
7258
5855
2613
2668
9755
7346
4922
5701
1589
7196
1310
2388
8382
91
4500
7561
5365
5460
2838
6579
9442
8636
4601
4671
7210
1832
6935
6592
3800
7723
6296
6605
8267
516
3457
7722
6044
3082
3313
5996
9460
9019
5550
2287
3873
8567
2642
864
395
868
8060
6901
7595
7916
7392
2839
90
6408
4172
2981
9211
8533
9571
9244
2383
812
316
7144
7971
3153
1668
7353
304
8445
9879
9988
7598
2991
6499
5909
2646
9994
3588
8435
2840
8125
5876
740
3694
9966
3453
7347
223
703
4779
6281
749
1169
3931
6447
5140
4163
7148
2066
2320
3278
1239
2197
6161
5481
3843
7876
7314
88
9339
6009
9169
9805
2252
8338
9391
5537
5456
1800
6007
3276
4951
5951
5203
685
4316
8868
3399
2338
8331
50
9526
7004
9604
7085
2905
8013
4628
146
8721
545
4949
8937
1638
8880
9551
3909
5064
8184
4188
6043
4489
9518
3991
118
7716
2193
1451
9668
8815
5417
501
2828
4779
4898
9081
5175
1952
6196
9574
259
3574
9287
143
6745
4329
768
6620
8646
3350
611
9389
8460
1164
9422
6929
8067
250
7368
4768
1380
4193
6255
6789
9272
8262
7388
8931
7388
4466
3006
5421
9848
569
6009
5022
1664
69
7149
937
7484
10
1831
2271
5007
91
8753
5594
4851
4622
6339
8153
6457
7386
8595
7301
3017
5931
3577
2512
3178
771
6568
5321
6425
4087
7835
9853
9202
1203
8187
2227
1925
8216
2621
7894
7697
7675
9222
8671
4176
9393
7965
5679
972
5971
2519
4096
3160
9423
873
5860
3949
1380
9238
1810
9202
3713
6425
1456
7791
5821
7397
5589
3742
5705
6487
8444
5306
7805
7132
5872
980
3289
9523
3834
1746
9322
30
8297
4837
286
3669
9343
7264
7652
1651
7995
6375
6607
7849
945
9034
4016
7256
7750
2577
8147
748
1640
1549
1953
8960
2463
7725
8453
1007
5722
4723
6998
205
2049
1793
8585
3729
7914
6322
2112
5948
2175
3972
5713
7429
6112
4064
3481
2345
8323
4246
9393
1077
9163
3100
9672
8500
1084
6892
8127
2421
2672
8059
9042
4848
9296
8927
8980
7458
7437
7975
9692
9528
7809
7409
8905
7807
3381
9457
701
8003
7451
5415
7492
5302
7258
4948
7822
8116
3229
5632
7457
821
8317
4776
522
640
6106
19
4711
235
4660
8607
8992
1845
4032
5042
5745
4758
2648
9375
4957
7110
1425
8351
352
549
105
9414
5422
8416
3246
1338
666
5276
4431
4866
8197
9228
1262
9907
991
6732
249
8453
2734
6506
7000
4419
5951
6441
8122
700
7355
4246
576
532
2258
6672
5223
8333
5967
6504
1259
8211
7989
3168
8952
524
4944
4260
5664
2744
1743
5754
396
8927
1566
7990
3568
3700
1944
3353
522
869
1285
2089
3534
2572
246
8132
9345
3944
4385
1462
2929
7321
6182
5165
407
6818
7132
2930
8385
7498
7356
7413
9557
1370
7663
4087
4485
6888
8082
4985
9100
1969
805
1304
5359
4040
8578
7045
3001
8700
9341
957
5856
3391
58
7562
8567
5988
7017
9872
9216
1262
7276
890
6507
9113
8367
8495
9362
1452
517
379
2589
4578
9380
9545
7031
9384
6144
9158
5193
9590
7592
8933
2544
6372
1647
4664
4156
6540
4544
342
1050
532
9327
1471
990
704
2232
2195
3834
5348
4115
880
4935
5498
8993
7567
3556
1978
1193
8887
239
4727
241
3318
58
9146
6125
7656
7001
3243
4668
1943
3293
687
5166
1719
4700
6943
2804
2288
5386
5979
1853
2732
5027
2482
3002
5479
1378
7562
797
5249
3809
2410
7782
5084
4957
4855
6675
738
7838
1059
2719
8500
1728
4371
3752
2247
9213
6887
1723
1478
2523
4744
8599
3041
4216
6585
9411
4727
4791
554
6059
4973
1645
9468
9434
9119
742
865
5712
5320
9580
2647
1113
7863
6388
4520
3661
9369
8500
7657
4752
6615
1088
3673
9937
638
1388
5147
6670
936
3800
5551
9786
8522
1347
8385
9475
2658
6262
8059
2185
1507
8244
4324
3482
2556
3433
8536
2466
1039
7697
6965
8312
4987
3109
3053
3766
9936
5354
2227
9827
2892
2025
827
6075
2988
3140
6250
4780
7151
1133
4997
6333
4810
943
7011
8001
4627
5384
7227
9603
6662
9088
9191
1531
3660
9010
8404
8068
1895
6217
9656
4949
6851
335
1763
1175
9877
9673
167
4647
4163
7619
874
3095
8608
7391
114
5686
8076
1841
3522
5526
4071
6594
6417
2989
4723
3853
365
3937
1766
6161
8056
2031
9966
9769
7610
6683
8756
7952
3306
974
5996
8916
8476
8931
1502
7153
8295
1556
397
463
8903
4022
7239
5350
749
3412
272
6656
8376
5518
9984
446
857
1119
7990
2083
957
8829
4928
3780
2936
3671
5475
5969
7647
2295
1371
7653
8178
394
4227
8022
5940
6562
4347
1896
6357
6947
4145
3720
3873
185
1358
3325
3781
9719
4227
4220
7138
8448
7799
8452
2789
6785
3532
1993
7858
5371
390
2390
2970
8894
2232
8881
535
7006
793
3945
9223
3503
7680
7155
1164
6490
757
295
1059
8710
342
4902
8172
8347
6943
9047
9047
354
7387
8004
5112
3516
4749
5008
8602
6054
2552
8122
412
759
981
5866
8721
7426
4327
4072
1575
6367
7125
1060
5132
651
5302
3114
3931
7073
2488
8041
3198
2891
8417
6304
8291
2600
1192
204
992
1217
1206
3784
4113
4596
8825
627
812
786
4117
2846
9202
6875
1556
6826
9033
522
845
8126
3389
1314
4382
3089
9558
3100
763
512
5520
880
8219
5904
6016
5122
3824
8977
325
7353
1990
9570
4220
7618
2421
3175
4834
3877
4293
1494
7597
5328
6940
8451
5822
5253
548
3908
1318
7217
1663
7099
5037
2483
6608
2580
2486
889
4633
6040
806
7764
1800
8186
9842
3601
9761
292
193
7260
2386
9842
319
8629
9374
9224
9451
6636
4713
7104
4760
7066
6504
4152
6807
565
1397
6255
5040
5902
9705
563
4324
2867
1522
7566
9568
6992
6693
190
584
7343
979
9457
6794
8910
4386
6670
4951
2682
8071
3365
3929
5318
8428
5314
2349
6424
2497
2717
804
5030
3119
352
3029
2043
7158
3648
8807
3719
456
3991
1589
7749
8930
916
1761
614
237
6258
7527
4057
7886
1213
6655
6707
9856
3604
2906
4439
236
3205
9297
8558
6228
8903
7965
7180
4626
5610
5522
4549
9411
5297
5710
7334
4663
3829
3003
6200
731
8545
499
4882
2210
1444
5506
2002
7153
8475
9100
8842
1218
2771
865
250
131
236
7826
1590
8299
8530
2661
5627
2819
5698
1097
602
7530
3877
670
3845
5019
4940
3839
5492
4116
6272
3275
8229
1198
9190
2490
2518
6381
5296
8156
3150
1919
429
2944
1532
7728
2328
5603
8899
7446
4888
9168
6415
3457
2006
4489
2220
903
3621
7398
8802
7447
6636
3884
1890
2226
8236
6900
3076
489
7657
796
3799
8480
3333
7228
2926
3605
7316
86
5504
3354
5653
4115
3654
2301
9584
8089
9451
3079
733
2362
8097
5405
5179
4855
8381
9128
3704
2801
6749
8619
8321
9512
6978
1182
8339
9390
5396
7806
7639
6070
7922
9718
8905
5141
6608
9851
9230
5568
8967
1946
6867
1196
4536
2737
7654
995
7116
5118
3207
9511
9467
6993
7739
4311
5590
8379
8628
5228
1830
4652
6805
8141
1408
7619
946
8302
7834
3622
7246
5178
8717
9678
1611
7135
2658
6021
3858
8489
2712
3095
7973
8196
7709
9826
1347
7171
6422
245
5090
1252
1329
3009
5271
6957
6186
7309
5833
6783
6740
8075
4759
1045
4513
9394
4182
3986
1882
308
723
7438
2005
398
3957
8152
2509
1144
3414
4975
728
571
1768
8515
9323
9507
273
5129
8585
1855
6843
1041
6750
8907
7381
9653
1549
5051
1470
9338
8013
7308
3348
8410
221
303
3346
1375
5102
4645
6182
6600
4544
1899
8599
9339
9518
3914
1547
6064
7778
2690
5480
1829
1033
5121
9486
9522
782
5018
5713
4004
8887
5279
430
6318
6463
7283
5200
8614
3542
2123
5028
9258
4200
4073
8635
8758
2820
5860
642
3781
2035
8233
5578
7765
4245
4594
6160
3168
9856
1995
9589
2338
5113
3354
8667
2477
7976
6049
8465
5307
2259
5606
3076
6658
4973
4815
7533
1872
6477
3041
3320
8053
7031
7303
9326
363
671
4509
562
3823
9362
9241
5807
8444
3211
6116
6603
2162
106
591
1487
641
5256
4292
4756
2370
1105
2518
3923
9692
3672
9855
7376
7343
8923
2708
8884
6371
7546
6313
5024
8801
5454
9073
9669
2288
3594
4364
6469
7115
1230
6830
7749
2631
4476
677
8010
6356
8323
6295
645
7558
4391
8724
3724
3937
4690
1576
5639
674
1272
6896
8370
7599
9168
8851
4570
2222
234
318
3685
1096
526
355
8055
1839
9387
8271
42
8772
7359
4680
6331
4075
1186
9701
7570
6300
2166
1449
9148
3255
4056
1617
8561
3341
2608
340
6858
721
6073
8318
6644
3528
5600
2129
4596
1237
2736
3834
2369
8382
385
3138
1992
1616
6954
5443
2388
5315
3345
6615
4993
6144
4506
7784
738
7004
5855
5197
567
4096
5732
5911
4529
2509
4002
7345
6667
9558
6995
6131
2307
4979
3598
4886
4194
8048
2744
5020
2199
6014
9727
1620
6830
5209
2191
1076
8018
2729
6328
1376
1044
1283
5061
3068
7846
3259
9963
8075
834
5759
1183
1854
7018
5068
8180
6587
4038
1523
6851
6574
54
6874
7411
3434
7255
1714
4259
9237
7384
3832
6459
2798
7238
8605
2869
5553
9926
9969
2773
8138
5613
4297
3245
7745
5408
9537
2339
7508
8071
8120
4719
5222
2763
7214
6891
3575
5586
6309
663
1649
6220
7763
1860
711
8934
8854
3476
5293
3030
5625
9824
521
5749
299
4272
1865
3246
3775
2671
2770
7181
4842
5649
5726
1016
7431
6093
7836
2898
2903
9510
6559
535
2807
8504
179
7002
4781
1322
7970
104
2391
6243
5019
828
6098
3232
3733
1692
6839
3429
5009
3294
4253
8275
9478
8711
4023
4556
9176
5099
5082
5082
5571
4578
7543
1729
8100
8475
5672
1572
9735
2452
2800
2971
1648
9854
3148
8771
9631
9581
3209
20
2461
6009
5333
5329
4543
8941
1083
1411
9681
2986
4975
2573
2466
8931
3150
7992
5225
931
9765
8886
3099
6489
3103
9824
2127
7757
1599
6774
7289
5903
5335
184
3
8744
5058
3900
3252
5625
4042
1487
1707
5162
1062
4376
5751
3224
1339
8814
8185
5433
4560
7199
8512
9376
9815
6755
8064
6518
9670
8667
3341
5000
3223
3343
4237
4973
8537
7453
2173
2759
8260
5114
3421
2953
8994
5393
9314
2530
9911
8209
7786
5776
250
33
8568
2415
1899
8764
7188
3279
4411
2934
4037
1312
7587
7193
7754
9813
6369
5745
5722
153
7884
1568
4534
5646
3692
813
4606
6666
9569
796
9950
1269
3027
2603
6387
1281
8657
4227
7496
5335
5559
4468
2508
221
4049
7855
4431
2848
3210
8437
2060
1655
9499
9137
9254
3664
911
1916
8418
5494
8426
7599
4782
391
890
4833
6426
6677
2994
4817
4451
6187
1606
4877
2396
4476
8197
1380
2734
5008
7969
7322
5233
8207
2874
786
955
8241
9359
1388
2433
9350
3221
5498
2183
8672
3413
7208
9321
2975
8325
5775
4095
8823
7582
9485
4077
8263
1008
1797
1351
6530
9039
9654
7363
4096
7358
8131
6438
4475
5159
9259
3974
1968
1359
6075
8950
4587
9087
9677
2858
1680
5526
167
519
1454
7676
8082
8094
3670
2294
3316
6085
433
6962
2431
4695
758
9061
1893
8131
5834
2190
4757
8641
2093
2499
2530
8723
1153
6232
8805
4278
1149
8864
5791
9085
878
4646
4074
9261
8930
5504
3526
8306
8799
4054
3703
6965
5641
7045
341
2442
1519
8823
7044
6421
5379
3180
4102
7071
1280
5106
9927
9351
4870
1370
7965
7289
3529
6355
688
3967
5661
8313
6605
4129
7738
2409
3066
9641
6333
4838
3228
4259
7860
4133
3900
4192
7858
2322
6417
53
4254
2085
3765
4381
1787
2401
7297
8313
4194
7963
2113
2875
377
6229
7839
9752
5367
1025
9515
1501
1665
5883
5295
9126
3209
3539
8734
8401
3344
5066
7037
9211
315
718
3738
4325
8468
1444
9662
393
7546
6832
6569
9792
8975
3630
6775
9114
8062
1781
5229
5874
1276
9044
3947
4165
4366
5858
1713
1133
9812
5154
8249
8439
3423
9672
4995
9558
92
1209
8410
9595
7013
3925
1905
7837
9577
8466
4836
7847
701
414
6545
8789
6723
2457
897
1576
1260
1935
872
2457
9185
9276
9001
6861
8121
4985
3451
1288
2116
5561
7715
9559
9655
9065
6294
6025
8701
4114
1451
3178
2286
6465
9703
7196
9919
7972
4827
194
6040
7413
7902
2736
4869
8036
6531
6020
1231
7610
4621
5021
8257
6174
8851
9193
1513
2175
1272
4786
1536
8841
9026
4069
8812
4331
3647
2034
8729
8832
9149
4874
1046
7810
2684
3934
431
475
4346
8014
3906
1260
1712
6742
4231
4267
2020
5975
894
767
391
6812
3072
6343
8036
8317
538
1019
2860
2358
6458
6833
6112
740
980
7590
2948
7608
6349
7944
8579
4428
5832
6565
1984
1313
6543
2709
5442
8028
1529
8976
3304
3728
7188
382
3189
4572
3202
7386
388
1649
7206
7914
660
2960
4440
5823
7445
2601
79
6160
4839
2274
9786
8675
6869
5104
4190
1250
7843
1600
6452
9724
6598
1756
4957
8379
3926
7730
1362
9367
6393
2334
669
8681
2534
3558
8867
2624
1387
6589
1227
5357
4862
6479
1747
7301
9004
1497
8582
5996
858
1189
5056
4994
5874
4740
1451
3423
2373
2741
7694
7160
6230
1522
5524
4020
7044
6802
5519
4899
6208
1596
7160
6
5408
8201
6908
420
9386
8269
8780
8252
229
4528
8557
9762
4694
6367
6350
1773
1943
1222
8263
1693
9130
6990
9859
136
6614
8400
4044
7337
3213
1773
7513
7009
3183
2110
7344
6406
5711
55
2598
1214
1108
2330
8486
2883
6578
9013
434
7051
3171
714
8102
4414
4827
6573
1333
985
6709
9414
4838
723
8152
8008
3908
9881
5479
5408
3776
3659
4785
5971
8347
2218
327
6526
6358
688
5678
5061
972
3296
322
5828
3396
59
3602
5419
2856
4270
4435
6305
135
6534
1486
5213
5263
1224
275
185
81
4288
4324
7257
8810
7261
1897
3698
4956
3322
4509
3333
4305
8304
4388
2954
6394
7248
1733
2097
7917
4714
2134
9755
5749
1118
9325
6738
7770
1365
4034
2485
3679
8987
6371
5471
7335
9983
7565
5303
9096
6133
1095
4590
1284
1244
6359
3304
4482
418
2573
7960
5716
5112
4677
7202
6733
5707
1875
476
1427
6907
6695
6377
5788
8781
7632
6703
599
1365
5605
5412
7367
8357
6201
3507
7585
8364
5210
1200
9365
9289
2020
3278
2515
7468
1424
3331
6177
579
6035
3483
4130
2643
6756
6093
3652
7179
5313
9026
4224
98
4100
9451
8058
3320
599
900
8265
4210
7188
501
752
4229
6913
9213
4389
6850
4802
891
1372
7630
6775
8125
2328
9226
6252
3723
12
9893
6995
7503
1070
5448
9978
4513
8406
1310
3030
3072
9745
6704
3306
4151
2363
852
5749
7759
8306
9881
2444
6380
2952
7484
2601
6064
2050
2010
4425
4811
9405
5945
8058
7962
2245
4661
2974
4327
4845
583
7053
8978
6307
9565
2114
8205
3022
5922
3157
8359
665
6244
7818
8651
6669
4688
1297
7774
8406
7689
8755
5414
1815
1918
6374
4160
9777
3489
7131
8471
2716
2781
6692
7008
6645
5404
6791
7962
74
7586
9961
3607
4090
655
1802
6107
702
1006
5304
3324
5175
4015
2528
6244
2734
2029
5899
7339
9460
6300
1053
8842
2381
9856
7699
377
2302
8291
9849
6249
3605
2462
9038
1905
1269
6493
2998
3483
6054
5168
4791
5614
38
9352
4451
7043
841
5842
9160
6374
3185
7084
4983
3175
3273
4905
2001
5075
4438
959
602
1840
4184
7221
8147
8927
8101
4072
3016
5831
5568
6197
536
1362
9101
662
1018
8474
8061
4419
8545
3695
4530
1355
3318
822
2228
5885
2624
4421
5119
2136
8160
2504
6645
3621
759
7996
7591
295
5458
177
2415
1930
1081
4537
3616
2566
1941
1055
3304
687
3578
9641
6571
8234
3154
9570
8780
1559
3074
7323
7684
1640
6796
7544
9533
4570
894
7034
2805
9249
8973
5370
8840
958
8365
1143
8872
155
7742
3922
9707
6536
4785
1965
3366
2700
1752
4168
8277
7203
4477
3499
8532
3530
6278
5364
845
7467
3874
4000
5132
4922
5045
1150
4318
8076
90
5418
7771
1797
7997
8336
6857
117
3709
2001
2093
822
8786
2563
6466
3669
3543
6234
7808
6914
6478
1161
7878
4932
9356
7113
678
3643
2102
2852
4583
8366
2868
525
9295
3854
2654
3562
9439
1050
9324
7503
4164
7063
2346
6858
7828
9739
1084
8190
8718
7158
3302
7502
235
8513
5320
5722
527
7182
2421
9565
1335
9927
7496
132
106
3845
8569
6509
9203
9563
7787
1719
2387
6960
5195
9251
6037
9964
9767
8440
3957
8513
425
4851
6662
6093
7181
4517
6922
5988
216
3915
3105
7530
3308
84
9687
3403
701
2338
9837
5297
7480
9809
2894
7138
1550
1787
1292
2892
7968
9250
1731
998
1750
1813
9705
7697
5122
9204
1157
6672
9916
8014
2400
1918
1947
2591
5361
6031
9830
7717
2286
777
75
4412
2148
1098
9461
6680
5306
4472
8829
4449
4878
9386
2451
3968
1494
1926
4652
3793
722
1621
414
4446
1362
6521
3084
8529
2049
8004
3625
7509
3417
1155
3532
8086
7139
832
615
3507
7626
675
6242
8284
8929
7905
9310
765
1717
7778
6896
1309
6589
1400
7523
3667
8631
9002
7077
4636
8230
1255
8089
4924
7078
4536
4701
7077
8088
562
8476
5203
9116
6616
485
401
7376
486
299
3084
3113
1453
2151
6821
342
4771
4396
796
211
3165
6901
195
2744
3809
4103
1669
478
9773
3712
27
2181
7746
1599
6140
5170
303
6101
5793
1815
9003
3943
9041
6015
8130
552
173
2798
3069
8178
3224
9216
8766
4490
1481
4008
8922
8590
1322
8521
5695
9908
4692
7808
385
6268
9412
3277
2280
3677
1511
3501
5592
5628
4218
6870
7764
7965
572
7306
8018
4137
6096
5463
2499
4688
5672
2686
333
1935
1334
1317
7009
7753
8478
3770
2181
2026
7748
1635
1398
8660
4899
6641
3994
1973
5506
6491
7601
6862
3763
8876
6222
5205
521
9649
2599
6085
3585
2459
6943
3062
1342
6987
9315
3894
5789
9504
9502
8057
6518
7504
2623
6741
4712
5247
1199
4106
2795
7356
608
9915
2099
7475
7680
4334
560
2224
3848
6239
4978
1080
5723
646
9073
5090
193
3470
1524
3828
7669
3869
8080
6777
156
6773
8432
8054
2649
1510
4448
7686
2029
5626
6936
9387
8881
5383
947
1551
8125
3272
5268
6182
5809
4740
4807
4489
7801
8453
6375
6880
7121
7597
4589
6000
8013
7260
585
2420
2821
8465
7322
5796
9551
7171
1072
6144
3587
8823
7955
4006
1110
5196
772
1939
7570
7083
3813
9026
2453
6075
2569
8032
1224
3860
6551
9858
6870
3199
1170
5629
2826
1321
3460
8958
5429
2691
2116
9591
2217
4602
5067
9497
3264
9708
1300
3202
3854
5773
1932
684
2863
6606
2309
2377
9160
7630
1341
8717
6044
5210
211
4229
5792
1904
2854
5686
6804
8867
3898
9081
3627
3329
1628
819
7869
9145
8563
2748
9891
592
2548
3491
5560
2763
9474
7587
4822
3418
9040
8493
796
4199
7841
1050
8762
6921
5393
4939
6447
350
8466
1936
1848
3802
8391
3436
5937
8541
5549
9126
4336
3262
165
6899
781
7161
1688
4813
6711
7145
7555
6353
4126
2215
1117
1845
1915
4077
8960
8355
4691
9466
8851
5319
5601
1060
708
2034
4641
3468
908
5225
8513
1429
2497
9738
7267
4297
6803
8094
8374
2709
532
4575
5606
9209
3640
7370
4731
5886
497
9605
7569
2148
2546
6830
1964
5979
3384
2304
3665
795
4563
2239
3550
4899
4069
6690
9657
2955
5266
1904
7636
7509
7868
3103
5348
4945
9603
8880
9310
1335
7275
9499
2241
4994
7198
3042
2136
818
9261
9459
1902
8255
9989
1618
6824
9866
4012
9684
2623
6675
2352
9378
2869
2209
6695
6284
1238
3233
4469
6302
6782
2580
4409
2554
3236
7792
7815
8309
7660
1551
3323
4440
8766
7596
1330
5202
4837
1330
8402
5856
2735
5930
6474
1788
1843
9768
1574
9209
3480
7
3801
2306
7455
4938
2601
3273
9887
6490
4478
7199
8511
7500
4163
3809
1050
4778
1752
5234
5617
3592
9669
1518
5113
5863
3565
4085
868
8405
9137
6287
3372
4748
9610
8794
5534
736
4343
3763
6109
6159
8076
3464
995
4815
4066
5417
7258
7951
4894
9918
6402
4060
2847
5671
7594
8738
4191
1020
4559
6859
7871
2460
3010
3863
6496
6825
1070
9775
6149
3956
7967
9088
8369
1457
7284
2392
1640
3337
7836
6355
8967
9980
9646
5465
2480
4274
8496
8733
7705
4037
7816
2663
9472
3061
6046
9943
4578
2193
479
4383
1561
5570
7779
9080
4765
4105
8463
732
9537
615
5315
871
2468
7416
6876
4898
7633
9265
8542
7567
1858
3884
7559
4421
370
4718
7543
9969
8553
2920
6492
5646
7670
4488
1740
3612
3345
9273
7868
505
757
5060
9872
4716
2349
6090
9332
6275
7524
9811
8532
240
2869
3764
938
4197
415
5822
4321
9841
9563
4051
8697
4439
1751
6410
4707
9361
7268
9818
1392
8001
651
6988
3003
3078
7191
6709
5076
4144
5216
2399
9133
8890
6211
95
3953
8511
2589
8634
8359
4325
3514
5336
9230
4894
3209
777
6804
3670
586
1973
3689
7009
3547
8790
2073
7828
2842
8274
2125
4278
7373
5363
2085
5538
7247
9670
9114
2562
7734
9846
2316
603
8697
3688
9772
8194
2231
3964
6494
4806
5207
6134
7046
1068
9764
6578
9736
4237
3935
7335
3360
9553
6628
3865
1208
7076
1979
6608
447
8551
6520
3910
9420
9442
7006
786
8535
246
484
1350
3436
6876
5818
7909
4543
768
9015
6596
7710
9100
5906
410
6154
8142
852
1714
3830
1413
2678
4584
178
397
750
3435
7717
1949
8020
7151
9461
7756
6985
9808
3029
2589
3262
5437
7165
4567
9346
2474
741
8636
2911
6414
8179
1150
72
17
3238
3812
14
4647
5014
5214
3243
3529
8081
252
8357
6490
2866
3509
8583
216
8731
3408
6374
669
113
9425
6454
4178
942
5889
8204
4798
1564
602
559
7049
2488
359
8136
9368
666
1564
5993
1518
4243
7295
3079
3021
9827
5501
7350
5383
477
7302
7200
9913
1050
6075
196
4008
8937
5115
4980
9885
3605
4825
1896
8011
7641
1326
6532
7462
5732
6520
236
2600
1245
1966
2184
4812
5308
6666
6823
1378
8645
2109
1116
5458
5199
1580
7022
424
6563
1226
4832
4454
1581
5364
6755
6768
3513
8237
7157
8603
7636
5240
4274
1718
6263
107
1437
6981
1430
5574
5695
1663
5842
1376
3207
7892
3839
6899
8405
9939
8289
3787
1823
9009
20
7321
2794
4902
8608
3891
4399
4534
4567
1121
9908
6343
1037
6906
8990
1782
6793
139
8438
4824
4933
7000
4259
8553
9517
9259
5260
9480
8104
5714
2734
919
4369
1657
8983
6059
9976
6947
9631
906
5779
7839
9687
4511
9910
7595
7119
5390
9107
5948
8904
4703
6021
6857
9992
4884
8679
8201
3430
9875
4393
5759
3949
2022
4119
5170
9739
9508
2240
6174
770
7633
8859
4284
4858
9066
8929
1594
1838
4450
1379
8253
7256
2048
3709
4901
6981
7805
4091
9352
5519
4205
2581
7582
8856
8753
8300
6321
5610
3324
6499
1857
151
6361
5966
6454
7291
3221
5693
2021
5460
915
2480
9195
3304
7061
9385
2078
9052
7952
7873
3543
3897
8797
1392
1905
3849
5280
5697
7689
5975
6735
5281
485
9970
1649
247
132
2771
9928
60
8063
1584
5950
8467
4131
2991
6315
7929
5010
539
51
5533
2974
1878
9337
9857
6644
5512
1952
1931
7825
4207
1784
2926
9147
1720
2109
562
7398
1867
3879
2357
3933
7648
281
5147
717
5204
3815
5086
2478
8935
2761
4219
9389
6029
8095
9526
2198
1581
2842
5199
9172
1873
9630
6852
3496
2674
4309
1775
5707
820
213
4414
1621
2682
5076
962
4589
7351
1056
1459
5711
2573
5575
8723
4123
2762
7154
6486
8279
19
2609
7169
540
2907
2845
3170
6849
9444
4433
3803
2518
8097
9967
4263
3476
5025
610
1793
9965
3898
7922
9493
8602
900
2726
9381
2650
9445
1926
3210
4550
4262
5245
2810
8725
1612
8188
9363
9897
1459
998
851
3099
7913
1617
4541
184
5489
4155
8642
2917
9506
4306
1720
6923
623
8641
3245
8947
4809
2070
1964
8767
2619
1843
5284
1285
2649
6288
2298
6312
170
6064
7979
4803
3129
1294
7005
7499
293
4786
1267
2058
8674
4097
1293
7257
2412
4331
1325
948
11
355
4029
9692
3657
5118
9092
8504
2704
3876
9428
847
6135
3210
2507
3341
9925
6009
9355
8681
3066
5138
3772
6252
2029
5969
5706
1914
3893
9171
9609
4193
8122
6260
7240
8824
3835
5130
4741
7199
8449
2128
8165
8023
411
9989
7069
1280
6517
7174
9593
2051
5357
3443
8015
4003
9969
5227
6709
5473
7174
5139
3708
7704
1831
4066
4499
3316
4857
7132
9253
1475
9716
7841
4991
3880
9661
8702
16
4348
5028
710
1466
9319
3598
8396
3844
5335
5754
170
8557
2524
2773
5481
7268
4596
6350
6474
694
4688
7049
2824
1390
8266
3835
563
3543
4939
6574
9640
5487
9449
6660
4593
8122
9467
3379
8819
6039
8049
3172
898
9955
7223
6216
6006
6075
9329
8682
6046
6760
5849
7468
4198
4822
7176
4638
3662
3919
4530
3270
1368
1080
1813
6441
4365
5687
5714
2759
266
117
3558
7338
2980
5646
2254
6633
5696
2831
4894
2513
6497
8830
6806
9138
8649
545
1498
3383
2850
8609
6236
401
2177
6418
7058
2768
4857
2240
7065
510
6632
6161
8662
5216
9684
4383
7831
2864
8618
3354
3826
4171
650
4477
7420
770
6130
552
958
8230
3246
506
8967
5894
145
7139
3948
7353
3864
7822
3374
4753
7245
2023
5638
9154
1654
6264
1725
4019
4589
4320
3896
4940
6056
8864
1821
2745
5888
4191
2172
4349
8380
2069
1210
2592
646
6723
8610
2748
6278
7599
5331
714
1742
9171
3628
2515
8001
6185
7031
5299
3051
6483
8932
1111
4157
9398
4739
1289
5694
755
1227
868
9775
269
9328
2153
2793
5009
5286
325
4902
3379
5275
5266
3635
8977
2454
8083
1128
2405
5328
7888
427
5283
2643
6046
1982
1077
9453
5590
9932
9488
5102
4275
2273
9863
3356
2304
4179
8423
9566
7091
2841
4126
3808
5993
6650
7288
5312
9996
5392
3393
1147
2760
8162
530
5661
6572
78
2126
8367
7208
1665
549
6052
7912
7854
1957
2912
8939
5505
3534
5917
