1000
332
496
456
883
749
293
78
781
414
649
917
592
429
581
918
878
498
930
987
112
637
500
994
833
58
523
835
639
11
766
46
113
676
727
795
125
832
528
387
940
160
905
845
572
509
543
545
693
981
939
92
119
503
267
240
405
541
180
635
95
827
527
273
536
270
362
417
49
30
989
769
57
218
75
425
670
915
696
120
607
768
555
606
476
902
442
751
576
252
695
135
460
376
205
721
914
750
150
813
100
791
663
105
601
23
176
547
149
872
838
189
575
420
793
399
347
797
856
772
320
231
10
909
97
55
233
260
568
117
972
486
15
484
675
66
443
657
338
159
558
398
243
976
720
115
463
111
340
870
151
646
549
821
187
50
525
29
656
94
517
48
546
292
951
826
59
68
993
241
996
605
910
697
982
446
931
8
986
532
956
688
698
279
368
510
195
326
98
962
271
250
403
259
73
207
816
90
191
413
489
301
687
185
136
705
255
537
211
175
147
589
302
308
723
305
521
949
869
616
51
990
556
920
824
197
814
162
365
394
569
366
887
223
83
618
234
741
318
742
808
440
632
178
514
494
628
888
492
134
540
999
158
179
79
880
253
760
630
876
851
450
596
455
971
47
139
828
699
466
516
419
998
925
984
969
817
713
282
232
520
434
184
738
830
352
156
385
947
213
410
152
316
743
644
884
733
785
690
633
281
666
522
841
812
358
204
858
221
771
803
759
844
609
306
748
431
967
681
289
789
448
557
190
106
217
99
775
585
356
790
619
932
70
957
408
550
548
955
615
758
622
1
764
328
409
907
502
890
706
965
63
354
482
788
929
432
373
104
590
438
41
228
626
181
799
946
708
411
464
426
170
361
934
300
715
584
103
52
495
42
583
386
346
274
280
77
6
374
692
648
485
801
342
608
763
818
539
625
983
559
636
809
598
370
220
783
453
242
43
251
963
511
9
439
669
779
591
840
275
683
101
372
206
991
32
186
677
284
163
114
726
199
745
165
478
319
285
477
389
780
868
421
942
728
325
611
188
82
22
166
535
72
603
154
245
643
392
264
716
806
534
183
730
238
711
843
487
604
337
363
307
171
794
126
84
725
864
145
850
458
621
778
810
31
249
303
314
762
335
661
846
933
483
471
551
278
210
746
836
530
617
831
423
226
36
563
665
740
875
885
465
445
334
863
155
317
954
7
244
614
554
529
732
418
214
85
297
674
208
430
286
702
819
685
40
407
944
531
27
488
402
393
588
524
229
54
133
624
254
378
620
277
837
865
459
573
926
345
89
258
350
631
65
480
331
473
871
659
247
153
422
173
839
735
397
731
600
886
497
597
553
474
578
908
219
710
906
650
401
143
866
288
200
722
272
404
689
74
634
893
519
348
825
777
729
444
594
754
437
673
658
664
341
867
922
853
257
2
757
396
12
37
427
717
177
959
428
961
322
561
900
436
349
861
435
580
612
333
642
433
923
653
172
174
93
88
312
53
737
882
324
950
571
164
577
667
895
369
129
506
309
627
941
20
262
960
215
62
786
1000
424
311
756
108
35
645
898
579
889
19
239
441
948
265
60
995
792
755
138
935
13
671
290
315
216
515
246
707
623
360
122
161
91
852
299
943
709
574
67
168
641
28
992
61
538
834
451
38
782
454
490
724
753
16
945
655
447
849
736
807
820
390
4
140
291
380
542
367
953
14
353
892
69
236
966
586
469
310
694
979
235
805
765
237
798
18
400
829
182
638
449
526
684
203
128
123
379
304
916
17
752
96
256
351
472
704
127
225
87
505
678
714
76
938
988
336
518
5
602
975
268
901
881
227
222
796
567
552
897
21
261
467
192
276
266
130
64
109
124
891
718
566
862
958
952
712
978
854
877
468
121
330
3
654
357
295
936
784
761
599
629
544
660
587
39
212
997
371
570
680
647
842
81
481
321
491
565
388
744
198
640
970
339
146
787
822
679
381
662
672
26
921
131
686
382
406
919
209
937
493
562
248
508
329
894
224
202
533
102
507
461
774
167
33
287
802
513
770
107
860
977
974
344
194
475
911
415
383
263
700
739
118
815
701
499
230
582
144
719
691
294
613
384
412
512
682
703
169
142
137
298
355
595
416
25
148
985
141
899
767
973
132
44
34
857
196
800
560
395
359
879
903
928
116
24
452
86
980
651
157
564
377
734
811
927
269
327
296
375
470
313
904
823
479
859
457
610
847
652
504
874
56
873
343
501
71
193
80
110
668
462
747
913
896
848
912
593
323
855
364
968
776
804
964
45
773
924
283
391
201
