543
257
9
755
615
578
190
821
981
475
538
990
243
893
391
563
650
992
423
823
389
935
489
69
851
492
357
527
155
402
905
900
746
620
617
213
53
507
711
160
102
80
458
534
124
38
988
183
470
21
826
236
261
144
910
292
282
745
792
422
539
687
287
305
195
170
176
599
591
384
213
168
561
872
939
383
181
821
806
997
585
921
761
856
569
567
805
667
482
36
917
609
322
537
252
81
305
897
36
707
988
836
103
494
99
720
233
600
825
485
344
959
691
547
282
912
171
228
68
122
259
155
311
706
547
719
123
174
935
212
316
675
568
706
790
747
573
927
293
807
468
892
813
31
655
949
191
182
238
648
964
783
569
657
325
695
654
512
239
282
499
436
849
95
780
737
333
761
908
502
388
162
699
295
490
200
168
187
404
557
346
685
131
857
472
603
306
5
528
969
543
897
420
402
557
680
831
550
573
400
138
303
32
121
744
421
722
235
962
773
434
141
763
40
113
1
941
453
585
406
307
78
458
436
103
877
189
759
673
49
918
204
626
224
390
716
242
314
52
695
247
978
445
391
958
884
360
311
337
238
739
140
393
332
520
346
978
973
675
181
952
99
228
757
786
439
781
954
608
498
396
330
202
88
734
165
567
743
758
891
237
851
648
844
826
330
678
533
396
713
215
562
356
253
566
668
455
859
496
677
21
647
475
92
326
714
235
97
764
755
612
573
294
797
846
672
619
349
972
139
330
52
314
400
671
482
547
633
61
183
597
992
886
591
550
454
544
56
809
94
44
300
611
515
158
792
345
449
120
531
954
571
975
557
968
896
813
236
169
60
246
229
576
997
201
287
747
471
203
87
142
13
692
252
702
718
525
534
593
517
242
220
191
238
962
101
409
800
845
954
41
630
398
434
423
712
914
987
391
107
892
907
291
750
345
534
414
591
609
359
713
10
214
738
14
462
306
559
135
648
416
626
645
588
233
352
348
339
335
988
915
922
809
339
334
237
693
12
774
789
81
872
558
51
833
586
326
762
142
123
627
973
942
824
624
307
652
302
972
603
548
698
453
19
102
402
642
834
897
662
576
799
625
731
3
25
824
273
583
931
748
865
276
449
2
480
639
817
71
837
536
405
589
710
886
204
689
500
162
544
280
574
235
522
781
381
822
108
431
51
802
363
466
517
716
422
908
500
122
910
547
156
978
633
39
48
542
478
1000
70
107
104
47
854
340
210
106
991
433
608
638
889
393
643
469
743
825
791
898
929
417
211
807
878
382
115
142
565
643
346
58
143
488
771
42
167
430
843
863
29
667
275
554
976
352
801
636
511
558
53
154
780
921
970
926
574
908
519
746
960
12
861
226
521
796
562
51
565
739
77
804
822
645
648
312
656
854
278
785
934
971
473
467
775
769
949
692
815
665
621
208
181
279
826
795
162
819
973
100
439
177
98
638
54
112
138
206
407
715
581
600
569
714
24
577
682
633
408
16
400
807
689
118
46
840
842
330
777
936
58
883
155
104
817
547
126
581
758
258
423
797
156
44
917
698
190
267
486
409
711
484
653
16
303
560
794
315
257
931
137
364
848
679
927
305
785
164
804
95
703
345
839
591
197
542
496
507
674
331
650
667
603
284
257
627
616
870
512
960
368
400
78
776
30
508
815
771
956
296
690
331
612
683
589
13
630
517
507
880
178
537
293
282
17
158
874
927
985
115
710
907
161
675
580
525
967
1
150
591
844
385
546
457
187
978
717
435
92
275
834
354
502
574
880
422
883
157
798
171
107
43
152
484
474
612
241
448
430
406
374
251
603
734
915
351
807
316
266
547
850
101
2
315
429
867
747
529
691
867
32
899
809
469
56
577
549
845
160
50
931
843
919
456
147
449
976
624
334
890
829
630
1
338
503
33
900
231
265
750
921
830
882
332
388
665
745
161
15
439
196
194
56
277
942
455
701
333
404
876
983
992
825
206
694
614
996
519
638
889
806
126
400
831
206
699
482
597
937
421
432
187
362
374
540
184
363
321
604
190
676
294
399
2
895
907
175
854
894
836
426
387
555
43
378
777
703
714
98
57
175
601
264
177
154
475
312
50
305
461
273
657
767
40
836
670
158
492
379
841
473
527
81
898
2
717
968
999
326
483
666
972
81
471
813
552
437
944
208
605
175
319
6
44
696
686
948
114
149
509
762
72
616
642
111
764
620
207
402
770
195
694
23
575
933
297
160
684
338
348
500
980
49
589
706
177
166
104
212
93
508
507
331
93
837
121
682
35
407
793
867
