719
828
163
88
86
729
161
451
910
934
602
931
545
424
641
681
592
813
546
946
505
894
579
845
962
51
128
678
950
90
325
838
997
375
404
447
230
918
619
659
882
51
33
357
918
347
854
400
375
49
955
867
243
156
62
892
468
429
790
380
446
440
813
885
593
938
944
114
169
949
612
448
679
907
89
169
728
994
780
407
587
82
761
997
73
896
568
177
325
479
89
323
507
84
784
619
866
819
543
320
97
878
774
351
320
482
105
436
780
8
369
667
374
854
76
623
384
333
36
436
736
965
274
408
787
486
622
565
259
307
86
423
965
590
177
347
612
681
631
398
423
366
825
930
528
654
499
196
171
967
462
927
868
576
377
856
31
15
732
658
560
567
935
82
286
253
997
726
797
263
885
238
138
350
337
175
400
641
996
230
419
728
452
611
277
46
972
741
557
33
606
662
550
169
564
554
553
691
628
7
241
964
297
262
886
977
403
218
609
92
991
399
726
953
486
116
245
527
851
147
299
877
238
968
753
632
411
792
797
412
294
587
615
722
223
270
951
217
379
666
475
9
826
668
47
896
791
356
454
533
551
815
458
839
873
879
183
457
845
195
480
198
261
954
267
722
802
672
963
393
5
139
190
586
556
170
87
643
806
203
865
113
525
319
517
897
510
917
229
314
554
872
797
955
629
593
215
9
290
357
460
576
910
760
621
806
482
870
327
774
131
67
777
447
332
910
845
654
308
828
636
702
801
845
619
966
697
742
480
437
61
541
135
348
633
890
589
985
151
438
66
999
875
177
386
237
564
391
692
75
985
180
130
851
287
852
562
613
490
51
78
67
420
257
413
570
513
164
838
863
749
561
825
107
521
48
861
523
14
334
460
405
754
480
949
495
650
363
729
782
984
903
846
304
610
546
63
837
89
286
159
549
573
553
882
234
760
122
790
445
156
50
292
880
812
839
16
304
100
670
685
548
139
582
739
756
251
438
928
395
620
986
589
494
151
467
48
949
416
316
914
194
95
28
499
939
88
385
466
158
22
915
983
988
519
505
798
355
773
783
797
641
467
420
307
291
929
786
557
382
382
493
368
92
164
574
790
536
920
306
151
968
17
623
139
204
226
404
89
24
408
741
386
451
850
563
579
488
172
319
887
512
207
572
756
358
555
408
147
1
195
446
994
626
425
163
909
945
163
878
138
381
894
683
536
989
762
130
582
619
1
120
163
905
703
780
147
867
407
288
456
9
493
480
638
13
855
778
819
351
590
492
69
440
204
39
56
580
808
341
475
623
136
472
543
775
822
221
52
52
5
577
901
63
991
830
539
174
75
782
652
753
909
894
662
584
592
95
559
892
270
384
710
212
828
723
456
958
90
956
535
527
353
624
556
400
971
294
340
961
263
533
243
879
470
266
924
89
829
166
337
223
538
995
217
572
97
540
878
233
371
76
85
700
861
282
1
38
657
207
167
379
22
975
784
126
49
878
369
629
854
385
310
391
943
78
499
910
856
290
97
500
17
233
640
779
656
178
122
392
458
929
837
515
25
642
759
92
346
562
576
950
457
515
576
141
336
363
186
63
330
462
115
718
731
711
407
544
857
478
889
102
364
627
283
239
293
429
307
67
836
225
272
909
603
332
37
890
9
577
350
171
249
125
159
202
860
582
582
455
713
401
134
778
781
669
794
885
468
742
785
455
519
463
664
708
892
253
408
814
352
355
818
92
688
557
941
235
483
887
223
487
498
586
708
70
123
10
735
755
639
211
395
607
394
956
568
220
176
635
914
881
994
940
745
737
900
376
716
386
229
770
488
742
522
631
306
713
174
970
992
503
722
628
124
970
623
583
604
120
654
22
25
101
152
353
343
456
520
2
639
357
345
979
306
306
850
451
564
797
647
630
743
585
895
629
33
706
115
487
787
821
266
17
14
980
460
884
267
901
165
931
656
968
854
568
151
351
96
241
96
441
984
786
370
152
453
830
5
786
752
86
64
680
344
756
823
806
164
748
407
308
595
848
918
274
528
571
586
17
274
632
645
46
208
282
646
62
731
493
110
785
673
790
56
754
474
530
434
758
313
123
206
562
873
488
123
992
382
907
481
554
224
893
448
999
766
326
554
941
434
190
721
192
683
393
598
616
179
580
248
432
494
883
55
765
252
637
515
829
237
255
789
100
241
124
806
89
493
117
963
284
144
463
881
68
301
124
26
19
570
455
824
886
279
965
769
694
219
573
356
983
789
588
630
405
985
278
713
194
702
394
914
968
300
515
863
91
63
95
