359
88
925
140
623
484
164
817
87
566
946
21
463
705
77
905
401
51
258
287
966
284
400
161
690
209
341
10
17
794
723
44
534
793
736
75
887
843
265
239
21
888
372
205
44
615
631
442
410
489
397
303
805
952
82
945
854
843
483
695
173
336
639
461
704
268
992
102
553
856
241
776
15
982
432
133
340
43
500
194
77
246
315
758
915
580
804
150
435
336
20
347
584
456
935
201
126
487
350
490
194
132
130
470
903
192
416
474
448
85
542
875
26
133
334
724
212
150
446
349
773
640
731
372
540
445
398
843
549
589
863
84
314
55
999
53
87
332
462
609
29
998
750
924
496
119
994
870
41
471
893
738
10
201
843
809
555
5
56
219
496
105
495
748
800
477
468
234
208
225
954
595
266
386
819
554
343
168
710
620
982
299
401
417
896
163
575
430
221
294
900
1
266
68
425
338
913
743
793
749
11
335
702
877
550
193
372
103
63
390
608
171
133
542
584
363
856
805
355
669
287
698
919
63
379
854
41
359
387
968
420
870
716
748
46
184
416
564
75
539
313
591
84
519
886
338
754
23
33
513
718
128
552
723
989
63
995
205
865
476
220
310
835
15
498
791
731
10
635
785
747
643
155
726
918
113
749
609
526
87
74
634
737
625
315
939
835
329
69
831
916
707
355
150
397
920
902
548
689
337
418
690
268
598
977
30
282
633
934
892
16
111
394
585
876
621
782
264
497
349
428
415
208
364
8
115
174
874
366
320
883
10
256
633
361
181
232
449
963
597
822
559
733
848
540
809
385
923
938
554
314
248
623
363
995
314
392
144
7
613
587
555
712
628
646
269
293
79
725
99
845
178
819
690
923
329
662
482
443
174
500
220
276
755
905
314
686
994
215
321
822
223
868
88
569
315
793
322
476
165
245
144
34
416
495
788
803
441
288
624
436
341
116
794
300
99
737
143
573
912
968
327
4
728
153
191
405
98
375
476
454
393
708
138
511
543
38
536
600
703
496
471
939
774
256
692
815
183
646
741
592
853
647
862
331
586
354
602
985
607
271
338
651
984
772
356
719
214
418
336
851
210
431
440
188
944
685
318
116
390
649
736
397
184
181
137
282
658
104
952
504
279
684
96
296
81
370
922
493
407
338
180
226
681
642
128
203
348
795
113
444
631
881
453
390
21
486
777
487
246
178
985
37
82
525
522
30
807
590
735
740
678
287
498
463
633
150
228
153
628
239
404
91
845
526
155
243
71
112
254
175
792
656
304
773
322
543
851
640
147
266
424
720
575
334
963
201
507
21
288
714
264
606
636
607
809
639
546
958
989
255
458
413
437
825
690
393
767
499
202
829
100
943
525
328
533
450
935
142
500
354
820
951
26
880
155
585
188
950
730
333
689
686
286
592
397
40
315
166
341
192
437
115
312
351
843
661
922
411
214
506
350
712
541
115
752
886
914
169
540
535
746
194
317
665
690
840
911
913
143
507
777
944
113
523
572
837
34
317
306
499
547
863
319
286
151
491
563
178
907
24
262
151
843
256
802
879
438
607
774
656
49
616
781
321
954
247
731
76
134
696
859
955
4
599
917
896
745
842
102
572
58
769
424
962
712
406
456
90
156
523
964
334
103
738
945
241
488
29
289
158
45
247
471
741
265
767
842
525
194
667
107
331
54
514
817
455
224
51
344
577
291
968
55
671
320
735
759
464
484
179
58
947
210
295
758
91
248
299
491
622
170
970
627
818
994
828
250
157
558
518
833
622
823
4
867
43
646
152
433
153
555
309
252
944
447
322
10
941
596
161
382
305
215
518
505
993
394
93
418
838
167
658
650
621
325
624
451
854
405
668
530
330
477
245
959
624
735
699
496
76
679
16
509
442
723
423
972
62
968
272
544
548
342
694
894
352
375
407
799
202
593
322
438
341
112
668
886
193
934
178
993
444
989
721
921
406
924
372
572
179
299
263
245
381
651
469
654
190
283
55
717
187
256
926
864
885
740
316
950
14
930
860
802
5
121
72
921
167
518
28
205
483
827
682
517
941
227
106
184
708
706
111
358
942
897
720
202
705
679
947
165
904
96
684
125
761
252
158
694
387
729
482
620
489
529
463
372
467
895
685
641
831
185
381
534
420
804
451
612
88
779
146
775
575
866
501
189
540
955
164
680
950
623
440
943
916
145
609
87
824
978
349
973
841
297
281
245
579
851
826
789
316
459
175
960
886
788
381
398
332
227
831
718
97
809
874
380
593
103
115
557
492
444
600
280
58
735
145
186
