30
751
769
403
82
693
98
706
219
663
748
714
487
998
803
877
268
86
640
889
581
527
307
539
625
444
728
887
557
740
789
161
890
50
165
311
388
603
888
213
224
149
328
827
899
457
405
587
923
52
732
209
253
164
421
698
394
565
161
707
824
136
941
748
575
120
916
48
639
119
547
247
814
23
283
962
458
444
689
941
182
243
235
787
524
198
984
552
246
301
165
566
67
647
119
142
293
90
14
571
428
732
218
692
168
760
180
635
229
552
442
475
958
597
736
926
3
399
388
24
118
845
180
105
513
510
820
807
772
1000
604
489
584
457
299
474
493
478
62
776
603
790
697
538
555
451
488
878
945
195
725
618
658
315
485
601
337
381
82
258
444
692
597
276
772
269
997
904
194
537
837
860
585
242
364
827
986
836
691
575
25
414
821
116
825
809
87
483
301
143
702
809
253
311
743
400
204
76
230
436
438
902
363
82
525
908
7
107
603
785
43
194
376
613
83
295
788
628
351
735
394
396
484
251
856
280
775
18
202
974
45
49
280
955
834
647
297
548
476
482
393
807
950
902
304
897
983
504
478
424
543
196
539
872
379
774
888
667
615
938
718
308
398
94
173
422
111
624
1
394
764
312
927
831
115
148
81
36
576
494
95
854
762
649
184
521
992
319
884
180
351
510
935
792
754
646
300
19
126
801
411
745
846
348
246
339
624
88
813
478
143
201
906
37
885
257
96
860
345
244
511
946
72
739
684
682
970
910
19
593
65
188
64
221
513
337
948
700
798
470
941
384
397
24
22
903
712
128
369
581
298
545
141
470
489
144
70
428
289
118
764
164
607
766
348
848
384
950
623
761
443
58
90
819
767
376
915
497
129
249
621
229
879
148
264
1000
8
585
780
223
460
941
275
251
495
693
546
10
15
964
348
194
458
255
912
70
820
1000
641
573
729
659
255
552
741
406
843
226
425
312
743
675
432
225
263
103
501
439
60
102
448
960
192
879
847
600
50
489
752
752
242
734
163
42
10
568
692
427
208
934
102
243
560
885
790
332
866
816
715
732
418
538
443
997
150
416
567
672
110
378
829
633
315
97
703
136
944
95
895
238
589
844
562
301
9
525
329
482
749
358
274
7
358
956
365
316
112
438
278
318
932
614
50
122
783
660
633
117
520
13
82
333
676
633
979
828
821
150
907
360
567
431
331
16
482
677
127
813
880
764
409
449
320
809
781
682
203
546
524
433
990
344
635
640
145
860
267
402
793
475
669
820
540
668
535
643
408
780
502
196
744
18
778
933
933
979
683
156
125
162
912
469
66
899
521
779
980
714
671
98
744
297
585
808
285
577
746
498
308
424
501
805
224
28
215
616
502
618
541
415
465
886
172
956
312
852
573
804
411
850
726
460
658
875
233
162
640
782
817
454
416
502
418
972
823
616
456
169
109
193
123
262
58
773
130
311
677
428
796
314
122
734
554
978
929
635
859
232
579
502
852
1000
121
728
848
384
569
999
234
513
672
556
648
628
628
157
728
321
908
304
298
583
932
581
838
399
899
355
746
699
111
244
633
747
511
224
61
899
431
375
748
193
427
510
160
768
521
41
607
472
141
887
139
53
244
920
78
896
866
874
969
586
746
153
664
479
724
286
562
445
198
583
654
561
550
789
137
683
216
541
585
342
138
344
89
490
411
99
627
745
65
449
388
27
874
769
346
492
794
666
842
113
124
635
950
167
159
483
783
481
416
279
343
904
154
546
439
254
576
586
438
635
637
555
60
266
642
894
334
138
553
33
499
391
453
834
816
385
896
307
354
634
582
150
993
324
741
818
487
941
883
75
83
85
513
792
636
90
426
648
717
721
810
49
218
193
58
207
904
693
393
308
299
993
330
763
178
883
300
199
151
394
130
677
370
423
527
531
199
578
433
68
206
305
784
336
886
169
166
581
95
667
476
171
144
854
506
328
507
110
193
353
989
786
218
953
977
718
541
317
927
851
880
780
163
772
874
547
303
286
557
243
218
398
800
976
480
968
40
229
875
525
987
629
689
371
490
219
404
583
81
843
258
92
626
442
360
154
411
514
467
734
599
31
165
144
889
715
937
533
974
708
248
188
107
276
970
471
74
447
484
301
422
71
461
219
971
550
461
186
158
721
421
610
272
569
398
540
454
633
755
196
396
423
15
333
133
971
55
885
810
492
55
366
149
931
613
432
907
383
283
858
664
107
577
668
299
869
445
448
709
537
354
62
792
515
606
595
595
205
318
473
958
51
448
520
55
861
980
311
