56
91
973
331
634
577
879
851
281
163
163
319
826
578
486
779
592
584
508
538
608
680
467
302
704
933
544
680
147
499
378
550
262
239
81
990
942
350
398
229
250
293
304
852
962
298
306
949
903
520
509
46
150
896
385
890
696
313
287
164
950
309
882
110
94
949
316
118
844
380
920
570
699
874
142
371
613
15
561
39
291
320
345
9
227
418
472
587
43
406
927
479
708
845
269
162
9
634
751
332
302
532
98
274
418
302
255
702
999
242
80
281
343
932
181
714
672
561
303
26
461
554
362
798
381
563
342
976
134
650
488
92
359
978
968
485
479
833
12
628
489
826
969
114
334
228
246
953
800
586
571
480
190
190
772
908
42
43
603
893
873
150
726
121
127
439
937
57
646
320
174
99
844
586
590
899
50
94
677
447
49
949
194
928
943
729
447
219
854
685
676
802
524
42
635
505
36
483
3
563
69
976
57
935
943
121
595
156
747
511
641
508
317
325
798
455
362
348
73
728
376
829
733
212
67
708
767
941
364
702
103
641
953
46
216
765
476
873
384
951
558
666
411
880
497
466
685
259
197
646
309
824
825
250
447
332
988
519
895
811
555
751
547
888
589
19
969
912
336
888
615
155
558
919
128
386
168
600
980
226
193
282
261
237
352
749
625
518
813
746
302
697
363
866
295
801
614
762
694
649
654
782
87
809
914
768
210
38
237
34
207
597
960
554
446
202
962
124
211
547
523
906
214
379
984
186
759
186
646
357
23
962
336
223
876
530
94
836
274
556
366
94
969
938
634
285
645
792
421
754
703
42
47
678
372
929
202
91
909
757
737
462
180
996
697
412
703
188
167
868
661
112
917
380
590
809
24
601
96
224
448
919
525
971
175
12
549
901
412
229
262
184
998
840
846
433
938
676
556
552
298
736
888
502
574
326
23
995
283
620
36
614
853
90
929
790
179
335
973
64
771
514
572
691
566
947
879
525
976
893
874
597
190
300
433
38
802
568
924
700
114
27
778
19
12
844
462
56
401
205
154
979
738
848
440
604
68
862
945
795
253
77
324
10
746
535
373
392
641
49
814
13
987
942
262
841
423
660
87
164
942
547
452
492
644
115
117
585
450
215
523
244
525
867
857
882
675
113
917
993
394
392
195
303
564
795
774
548
673
982
711
760
144
364
423
924
92
571
47
490
938
442
482
876
195
339
711
963
990
794
199
519
792
282
839
474
445
618
905
898
51
482
47
260
40
538
559
58
990
153
293
804
32
927
1
907
406
846
21
417
201
519
362
901
439
84
569
835
455
90
469
652
178
321
171
885
592
313
364
960
96
406
404
160
155
548
419
465
166
200
276
383
208
573
181
914
172
399
49
254
266
125
354
486
410
762
940
281
709
856
352
177
662
950
200
417
479
187
758
955
542
666
143
342
476
97
701
867
553
898
794
645
360
229
590
78
642
862
20
366
323
355
786
811
922
999
508
235
525
843
777
203
753
623
191
657
290
537
831
279
859
941
689
333
441
288
371
200
327
289
781
398
756
639
158
569
329
700
389
45
278
383
404
813
355
741
68
168
875
218
893
559
614
631
48
411
449
36
565
89
960
788
868
967
370
457
214
868
891
978
234
468
965
586
301
532
588
777
920
12
361
37
515
503
674
381
739
139
774
801
351
415
578
819
757
332
659
446
56
868
201
145
395
122
95
126
897
971
98
564
46
972
367
272
320
730
863
182
482
693
573
349
393
260
802
327
431
16
995
446
429
290
491
825
138
203
857
397
854
501
455
949
638
371
788
942
899
261
506
735
396
873
771
987
214
294
791
812
587
948
66
84
798
327
181
435
617
578
573
595
507
448
849
258
102
967
353
925
57
213
911
21
273
474
334
942
964
759
1000
51
343
445
251
44
164
790
142
396
35
46
241
915
643
623
808
14
151
737
379
590
922
918
276
173
341
738
249
180
439
609
905
793
430
506
900
536
194
247
435
72
932
907
206
15
949
262
517
202
218
164
918
688
470
165
256
650
961
225
689
89
430
969
238
903
789
897
854
723
807
313
920
735
483
211
905
964
305
659
400
491
478
218
555
169
762
823
445
55
439
421
942
495
953
655
127
197
672
210
771
815
31
512
99
211
965
758
835
924
301
392
138
961
782
713
330
733
577
646
223
873
107
771
377
546
919
824
738
134
618
253
283
654
10
841
350
727
154
466
211
239
710
198
126
1000
704
880
972
113
19
879
75
877
851
477
415
930
882
342
607
660
756
905
374
388
75
573
530
294
779
663
