161
974
793
843
562
520
945
357
19
189
201
31
664
427
378
236
383
838
28
232
522
324
872
106
491
465
291
143
869
17
711
686
473
624
159
431
72
12
568
264
190
496
596
85
555
288
130
506
894
998
365
991
887
700
88
551
616
131
743
139
342
220
281
572
82
179
5
292
849
661
983
270
558
657
810
735
346
323
588
499
368
918
527
564
25
350
497
936
464
668
7
41
219
941
509
233
984
414
642
706
420
893
920
387
608
10
791
773
399
455
891
957
951
379
472
231
950
690
666
302
320
959
90
183
622
448
671
688
151
636
24
689
992
3
705
525
681
626
750
443
927
290
578
75
598
256
254
740
388
687
638
999
194
761
962
679
168
334
607
347
247
375
585
423
787
822
92
600
858
523
30
725
613
358
907
205
535
56
536
6
363
937
428
228
152
915
576
960
20
435
21
934
602
829
445
739
182
413
543
415
722
542
511
436
988
767
569
191
285
120
757
367
162
418
345
447
704
487
204
851
637
146
931
170
86
488
646
492
133
792
788
519
432
580
997
374
97
698
283
396
747
875
933
330
341
251
321
406
114
272
649
32
766
68
150
749
801
599
208
58
677
845
110
925
389
81
430
354
703
619
235
257
467
730
701
782
820
827
128
611
981
278
51
338
590
892
667
286
153
481
538
91
778
665
986
581
224
946
67
468
371
592
975
786
673
444
932
74
628
824
807
268
476
192
805
262
215
816
8
754
760
623
753
864
982
537
924
741
546
297
141
736
122
748
482
583
883
100
381
469
336
180
271
160
456
275
202
912
62
479
904
618
579
961
908
663
721
865
158
59
284
293
979
589
633
935
614
823
104
516
971
52
249
316
1000
547
940
629
107
239
855
225
815
508
980
819
669
995
881
335
33
802
549
419
207
57
566
775
570
644
794
80
48
615
779
376
22
617
9
978
461
93
304
446
817
108
719
870
716
878
327
395
837
718
212
255
899
554
76
969
217
279
343
737
771
553
187
501
73
575
526
460
193
307
176
922
556
157
372
812
147
101
825
124
18
867
604
866
769
325
263
13
326
49
466
720
149
34
301
965
813
898
410
154
529
882
226
38
391
911
879
612
314
928
955
474
173
709
905
135
246
394
489
968
909
781
277
310
364
712
54
136
685
441
184
916
678
683
630
913
868
422
83
361
674
295
534
651
71
175
880
99
714
259
417
513
66
884
401
914
434
861
727
462
433
561
483
409
282
303
64
854
319
713
500
138
439
502
214
839
188
209
785
352
96
876
723
248
923
451
306
344
524
831
412
318
697
886
265
213
571
759
322
530
438
185
402
784
503
498
244
356
732
400
996
116
707
594
874
639
145
169
515
987
311
729
11
112
610
744
47
70
903
408
29
708
95
45
557
606
655
702
621
87
577
261
411
939
424
777
742
463
821
715
69
863
89
595
953
296
186
994
65
970
241
693
808
495
830
94
952
609
993
930
61
37
373
643
841
140
662
223
989
425
504
756
746
539
559
309
833
601
15
211
947
478
877
958
23
857
118
174
656
860
964
234
42
724
731
752
312
229
670
696
178
803
540
895
393
985
55
565
574
340
796
78
853
528
799
79
222
943
426
694
397
40
563
126
16
370
27
195
645
896
457
548
755
490
521
963
458
377
60
308
14
84
267
885
407
640
403
846
852
156
245
582
127
954
726
142
505
210
809
117
218
567
454
115
125
77
102
826
380
385
811
250
798
620
653
944
453
717
948
641
111
900
366
652
910
470
50
404
148
171
165
200
230
459
129
514
36
763
776
902
449
680
835
917
398
842
421
43
967
386
416
294
197
532
632
545
976
405
181
938
289
631
627
98
331
276
351
238
834
243
206
113
790
477
216
480
942
349
163
390
956
675
774
672
240
493
252
298
648
328
844
650
804
44
440
471
840
762
695
475
450
362
966
850
164
990
818
797
828
890
560
859
507
847
765
63
253
856
305
517
510
260
274
768
332
926
137
486
437
550
733
888
586
177
382
203
518
795
132
832
442
172
46
39
269
591
873
348
889
196
603
258
166
660
313
355
315
339
299
369
198
780
227
659
280
676
121
710
103
359
541
353
199
699
109
647
360
593
692
814
783
929
584
2
764
105
333
921
871
634
691
901
53
745
155
1
512
848
654
949
972
221
973
242
337
573
587
658
684
552
544
266
392
533
123
237
977
682
772
167
484
119
862
635
605
384
897
806
789
728
144
906
317
485
134
770
734
429
452
531
329
800
625
494
4
758
35
919
287
300
597
836
273
738
751
26
