302
579
535
410
885
282
5
173
694
656
178
80
301
813
905
323
171
489
18
178
40
829
381
802
161
261
456
215
749
883
57
69
248
569
55
323
86
667
516
655
902
297
805
141
96
36
311
205
127
180
742
690
906
385
2
517
236
529
188
761
934
510
513
863
540
595
190
865
754
682
485
419
571
663
874
596
81
695
138
393
897
68
342
211
129
747
481
641
429
706
744
273
555
919
117
322
66
286
694
1000
842
444
846
642
738
940
272
371
260
318
195
901
532
777
274
685
903
915
108
387
761
995
500
212
42
277
293
721
180
936
496
370
36
564
328
102
660
870
701
129
742
767
854
258
432
734
149
533
549
592
805
15
952
933
867
320
168
229
826
376
7
595
694
37
291
970
904
775
244
184
58
724
202
450
89
643
257
545
924
936
355
493
297
418
887
459
327
92
928
143
709
636
178
470
470
576
780
108
42
823
217
768
356
357
906
479
106
294
629
709
777
946
832
348
993
791
546
159
867
596
234
256
458
454
962
937
62
384
141
195
172
608
710
902
525
238
640
456
968
420
380
310
800
401
342
36
474
809
25
792
934
900
151
139
721
828
394
401
865
312
764
971
428
580
674
974
851
171
677
155
300
501
352
875
524
397
15
235
710
252
122
981
748
686
571
422
525
773
101
196
681
678
480
682
952
94
65
282
316
715
458
868
845
808
680
450
999
353
565
667
578
592
942
624
693
128
695
376
50
67
961
539
776
275
824
380
473
894
541
880
710
38
908
865
181
599
347
903
108
478
494
329
90
674
264
834
910
385
31
946
594
754
484
908
417
759
461
802
297
974
302
342
945
83
780
200
686
727
618
810
68
42
280
186
457
243
356
688
919
20
603
409
179
497
705
706
738
194
192
178
480
341
997
280
802
902
238
933
596
12
520
372
84
647
926
587
836
284
766
685
612
736
505
845
850
212
827
843
791
550
48
314
501
102
281
386
648
759
188
696
817
500
878
922
600
173
158
47
740
775
987
888
8
243
734
365
297
954
783
188
978
779
85
498
513
582
51
475
749
790
316
426
253
238
857
536
113
330
675
996
317
26
932
985
794
954
614
800
233
605
421
915
192
373
704
772
607
777
827
829
786
775
314
441
686
730
825
166
736
502
129
949
921
432
415
311
711
770
976
626
469
449
615
904
583
636
905
779
213
771
895
650
750
653
685
24
664
394
979
834
901
9
874
871
642
503
368
690
828
893
547
424
903
328
727
461
682
25
594
75
170
968
314
880
140
124
805
889
421
578
663
372
166
575
408
427
933
691
414
250
671
287
778
744
674
150
362
557
693
183
730
626
261
629
648
197
585
537
200
467
437
621
450
522
856
366
680
945
815
408
773
965
426
805
595
123
856
210
643
167
19
545
860
809
455
905
828
795
973
456
599
79
213
404
108
893
971
41
551
207
806
506
955
397
298
1
851
671
53
471
801
99
398
8
733
80
403
493
785
440
973
106
141
879
829
332
137
564
421
487
595
847
907
322
262
731
143
150
209
988
956
837
271
292
51
677
411
634
195
75
908
101
72
810
963
601
210
711
227
31
461
901
740
305
892
70
290
818
249
304
462
252
240
64
31
405
930
118
726
555
165
561
549
802
366
688
163
743
9
609
619
318
439
69
908
92
459
776
625
438
153
631
174
585
4
121
849
102
951
710
907
114
193
614
725
235
603
462
385
72
104
442
136
787
954
843
458
790
764
569
421
399
6
208
935
541
449
221
763
274
332
118
625
417
836
307
226
915
958
464
869
973
242
99
210
55
313
144
583
400
257
232
432
344
378
577
883
999
695
678
365
34
738
954
56
371
209
186
836
67
737
648
961
261
541
17
670
570
212
519
214
129
462
571
690
780
207
383
978
237
397
907
842
139
732
539
51
138
325
89
650
599
959
156
509
36
413
924
989
492
169
562
399
688
731
364
233
766
166
668
216
62
765
884
557
998
403
767
635
987
760
832
340
955
684
634
341
83
479
186
491
842
949
289
39
137
932
72
580
427
30
547
434
368
265
464
234
335
369
852
191
914
541
319
283
244
54
907
847
315
500
534
950
697
2
542
891
987
577
333
251
630
305
810
278
648
212
92
752
419
857
437
750
960
72
119
238
657
598
619
696
342
36
952
162
985
475
771
821
184
470
77
908
177
765
903
450
639
935
981
877
825
177
871
378
630
564
91
950
40
569
463
221
452
109
188
249
95
363
179
734
659
405
117
439
49
389
447
386
668
168
801
437
314
881
155
244
96
948
531
