120
227
835
331
773
126
134
109
463
387
133
989
6
807
373
210
30
221
555
681
879
623
89
54
603
93
438
97
290
460
145
179
909
247
91
330
117
469
896
372
533
256
534
167
347
940
937
429
48
903
900
926
60
49
82
893
346
371
244
702
897
756
9
665
118
147
281
57
752
571
176
494
207
168
894
639
589
621
383
786
466
61
112
345
653
304
202
742
819
314
80
498
636
977
420
367
721
354
521
612
574
401
491
765
409
821
295
536
56
538
616
28
283
709
231
312
535
687
155
407
542
588
320
857
139
482
974
975
392
393
150
205
934
585
540
677
955
471
690
257
241
661
502
414
872
976
964
925
55
985
583
4
29
291
315
252
157
462
617
381
284
191
698
809
656
461
916
906
427
419
33
496
34
969
794
930
410
580
759
228
790
293
668
467
106
436
32
46
384
391
640
672
920
208
951
77
568
727
596
88
404
846
784
84
875
417
567
706
904
671
946
805
426
716
379
517
995
847
165
47
245
948
550
929
102
740
576
816
813
11
651
143
288
789
601
670
297
780
500
921
578
693
264
733
37
1000
605
783
148
449
475
380
812
558
673
434
912
802
428
515
138
737
572
561
553
887
770
785
219
990
505
627
360
115
214
660
523
747
659
437
23
715
620
42
323
634
569
869
261
953
669
963
403
994
822
549
910
338
68
913
837
99
19
820
321
470
236
799
149
183
796
648
861
79
237
255
958
608
509
479
296
825
1
689
508
864
113
480
860
787
200
739
421
942
881
40
390
300
263
725
258
250
15
622
528
530
53
328
276
741
344
919
335
301
307
389
720
192
160
234
274
854
194
635
647
12
277
164
464
180
292
705
817
522
758
642
777
456
782
696
121
927
982
828
326
457
285
631
905
658
211
865
159
156
269
337
432
836
240
613
209
72
832
332
552
684
481
455
359
713
949
266
64
526
170
203
45
858
16
357
901
593
965
544
385
127
719
943
680
229
448
682
477
655
199
768
87
792
997
130
833
548
914
845
416
632
886
891
108
501
862
441
870
7
978
917
724
181
581
722
527
666
598
125
935
174
220
839
268
853
984
289
96
675
868
992
144
697
233
604
67
691
753
351
116
738
239
36
267
683
507
873
308
286
450
31
556
600
492
43
657
182
259
316
692
993
50
595
988
8
952
171
18
932
850
760
243
584
342
592
444
842
197
446
299
366
628
763
465
708
238
814
388
606
431
957
539
834
454
370
936
619
911
362
334
69
899
451
778
223
775
745
876
242
529
830
303
731
490
195
831
430
13
473
122
844
375
717
718
710
279
803
746
566
933
590
924
597
278
188
162
151
396
204
645
730
688
824
967
808
654
804
986
532
856
543
260
962
378
966
306
895
506
81
928
146
609
944
629
607
779
643
734
131
519
92
922
744
761
20
158
140
885
123
890
736
311
329
254
142
90
152
246
2
751
217
349
411
959
637
137
222
788
902
915
313
826
408
855
764
422
327
107
987
497
769
356
339
950
980
514
412
938
352
559
272
193
405
398
443
166
71
336
262
907
226
843
38
667
445
14
801
59
63
124
317
435
333
395
774
664
525
972
791
340
175
41
425
748
646
626
614
518
750
173
488
776
531
76
341
472
230
153
547
945
678
563
512
931
415
970
62
402
701
707
101
551
712
618
638
440
439
361
852
382
25
704
499
75
674
353
703
216
859
562
298
981
625
98
215
22
662
265
27
880
685
537
248
757
201
732
866
163
663
565
726
318
66
189
51
516
877
376
132
644
433
413
476
489
888
823
766
365
615
827
287
998
94
570
212
878
971
119
78
851
249
711
85
110
95
815
394
294
503
21
838
196
611
941
755
406
452
979
573
213
270
397
545
594
486
186
74
350
218
275
973
458
699
104
271
652
996
280
599
198
735
602
961
459
86
728
424
190
892
650
363
5
302
762
633
114
641
374
800
582
447
172
322
251
474
867
309
105
355
749
442
610
871
829
305
423
135
546
178
232
771
863
954
695
111
225
983
882
487
520
968
58
956
939
884
418
103
128
364
874
848
224
541
586
282
485
591
348
73
44
700
754
630
840
676
797
184
810
806
947
649
575
999
468
35
129
743
960
24
818
83
377
324
679
849
495
511
273
560
510
714
400
579
3
883
524
325
624
798
686
694
795
358
898
187
65
554
141
368
557
235
161
484
513
10
70
577
100
504
39
136
493
793
17
253
478
169
483
908
177
453
369
772
386
918
841
399
319
811
206
185
587
729
154
889
310
52
923
564
343
26
723
767
781
991
