344
158
192
615
626
217
63
174
477
337
855
467
796
591
634
643
879
82
937
691
208
255
132
246
921
319
655
593
143
604
61
618
711
371
969
663
577
48
239
674
87
149
100
734
148
728
101
998
493
563
684
299
824
491
77
221
490
755
703
468
465
733
433
17
883
151
771
263
114
988
154
941
244
737
436
923
960
896
569
980
482
510
44
619
66
353
115
374
864
572
527
439
756
566
644
235
506
175
186
985
424
30
277
480
682
646
165
829
826
40
695
537
891
570
29
523
219
323
248
972
315
356
423
443
379
141
653
116
296
339
418
411
249
953
838
207
683
764
402
551
752
867
667
647
816
368
11
58
525
398
851
936
916
64
508
907
160
416
983
746
780
957
7
704
932
98
823
354
757
127
528
606
607
993
282
340
241
788
47
741
914
397
576
70
453
405
336
96
97
144
712
139
289
136
729
422
483
659
547
172
912
748
839
638
275
351
890
906
500
303
254
34
516
859
789
1000
460
209
120
649
432
370
358
775
250
386
603
599
258
357
93
738
362
121
578
949
157
772
541
579
39
229
341
582
59
401
140
108
543
840
548
546
620
363
722
677
366
817
145
504
190
426
479
886
665
978
198
185
278
881
732
119
60
159
259
559
787
724
662
509
889
784
240
103
321
478
807
408
782
564
552
31
555
931
539
328
671
182
955
390
260
155
708
503
62
610
449
487
834
545
919
466
196
346
222
797
24
429
272
977
849
25
233
880
307
280
786
294
736
410
395
648
698
8
628
522
979
286
894
163
868
871
450
42
561
542
917
836
431
872
177
802
903
4
18
457
719
79
10
631
981
670
822
76
928
180
269
361
214
15
437
766
848
819
343
206
329
821
473
783
735
213
642
385
556
601
531
550
382
367
592
33
53
813
687
419
288
898
227
308
46
325
929
49
131
264
23
442
718
134
904
380
668
586
952
714
391
80
699
808
5
675
832
230
690
359
830
242
702
841
481
968
970
427
20
9
633
173
901
447
191
430
332
122
446
654
485
459
388
253
94
658
152
641
216
863
95
26
905
71
814
92
925
320
524
375
461
680
106
486
124
801
844
725
105
37
727
284
984
73
869
107
594
6
908
384
825
575
211
27
511
778
199
694
128
938
117
565
951
568
129
617
35
130
1
505
664
571
922
300
290
964
715
837
91
52
770
421
846
835
623
283
999
349
899
588
475
584
900
381
701
184
331
281
744
956
930
616
89
142
125
373
88
348
345
205
976
387
476
118
393
257
236
987
785
38
598
81
862
713
650
754
847
285
138
706
492
212
514
22
777
526
123
971
798
279
109
166
600
858
440
799
924
176
164
597
637
751
322
679
350
293
635
948
112
247
581
920
750
317
102
661
820
463
870
877
995
885
84
210
761
583
146
513
911
669
298
895
434
313
875
910
954
685
167
762
169
404
193
518
302
982
448
966
407
533
469
557
882
187
338
795
377
769
389
326
162
973
697
629
383
197
651
347
717
803
179
295
534
413
573
842
310
218
147
943
660
861
790
90
945
997
497
113
580
311
45
204
51
360
779
933
676
540
645
270
624
232
396
765
549
65
378
220
939
203
168
950
16
181
892
156
19
276
488
562
915
41
267
657
747
940
3
942
602
56
68
32
297
686
927
884
860
301
238
612
595
502
656
873
12
731
36
828
590
673
521
72
613
710
342
887
228
809
994
963
893
237
681
417
535
261
376
452
621
935
438
622
314
781
55
793
13
50
967
763
133
721
268
926
225
135
512
126
456
200
372
965
759
74
909
913
252
743
792
472
470
962
760
652
415
494
498
640
224
201
902
707
833
560
188
946
195
587
520
334
605
304
693
223
266
484
831
515
489
992
111
178
171
54
496
585
627
274
558
666
854
876
462
688
934
815
974
392
958
850
335
428
857
21
812
567
189
692
256
827
43
231
636
316
532
611
700
888
333
403
400
852
291
215
897
99
226
818
632
495
435
625
137
369
678
57
805
768
425
536
455
989
365
530
609
519
639
742
996
944
265
28
458
104
791
800
309
399
758
251
614
730
394
959
574
689
327
67
804
170
810
773
441
312
991
202
75
986
78
451
352
753
364
262
739
412
745
414
554
723
726
878
716
234
918
499
843
774
110
243
589
445
845
306
292
517
696
2
961
85
596
324
287
271
355
806
183
273
865
811
990
538
454
83
471
406
529
330
150
420
866
705
409
318
740
709
794
553
672
947
14
161
853
608
305
153
501
444
507
464
767
194
720
69
86
874
245
630
776
474
749
544
856
975
