936
139
108
713
790
246
526
20
400
951
784
919
962
312
710
204
429
482
591
475
348
520
625
562
219
910
468
797
844
439
259
303
785
109
256
886
792
339
540
389
342
88
695
307
609
629
849
58
939
305
432
385
765
509
663
510
850
692
56
201
635
26
828
838
117
825
916
45
106
507
698
992
700
427
488
909
879
864
60
180
831
555
880
862
171
120
567
158
384
29
579
781
229
408
232
260
228
772
128
19
284
537
758
41
38
43
69
945
848
696
748
80
301
888
935
115
185
134
206
802
367
96
137
842
500
46
141
70
100
679
608
101
890
973
267
131
866
44
282
49
871
592
233
512
841
521
630
530
501
737
681
589
453
174
967
94
308
914
796
690
682
726
66
421
90
242
156
673
143
519
667
499
393
582
768
306
657
230
531
355
205
843
969
552
498
472
194
404
940
508
653
207
446
477
82
787
856
522
580
151
964
98
289
280
948
528
32
974
261
733
474
63
876
391
314
428
197
85
950
203
59
413
697
416
222
576
356
142
295
932
546
37
906
527
559
52
716
262
237
300
815
476
745
747
146
450
183
36
239
465
366
481
840
315
157
955
33
915
113
40
523
926
354
383
430
97
130
566
388
51
2
883
791
420
487
7
789
701
927
153
783
91
71
449
933
254
746
426
934
12
160
435
418
621
434
122
455
396
729
330
195
637
3
334
808
708
357
643
496
558
390
646
616
987
596
211
126
76
145
363
918
165
319
198
524
689
557
234
626
824
212
257
269
624
93
615
30
159
317
958
483
628
941
917
911
759
9
594
693
931
845
833
731
240
471
957
965
753
553
226
952
365
913
990
961
192
244
711
960
631
587
534
764
860
872
377
889
804
894
114
395
287
55
959
478
547
677
811
227
95
846
568
604
209
72
345
718
734
870
277
611
236
21
410
489
839
387
658
327
68
672
392
773
539
777
899
774
525
77
897
822
986
304
213
728
517
243
907
877
208
861
178
463
347
816
376
741
110
694
903
407
191
786
600
344
368
14
563
937
516
360
497
86
495
328
329
370
920
35
65
255
518
373
73
279
991
763
309
431
586
451
184
727
372
649
762
583
362
972
648
821
318
382
651
810
18
403
801
947
793
666
771
467
655
321
350
464
250
417
854
161
28
324
994
116
182
751
640
8
584
48
381
641
361
966
984
627
623
74
466
882
378
433
755
778
904
438
322
809
89
296
971
337
574
177
742
441
556
341
270
199
581
782
752
253
722
452
705
504
719
636
548
980
196
249
988
353
448
738
172
550
132
331
358
645
963
721
138
458
293
264
459
593
379
683
380
744
271
620
869
290
814
423
740
654
92
168
619
999
977
996
352
320
953
956
851
50
333
53
662
573
664
902
750
179
878
545
887
397
221
119
930
252
169
1000
316
575
22
536
714
585
281
997
606
399
323
87
493
622
302
675
235
561
760
709
805
163
216
394
251
836
64
411
554
976
868
263
571
406
769
310
170
968
454
266
129
247
84
674
13
601
61
767
532
125
881
602
462
24
268
634
686
633
123
533
415
799
273
671
665
730
190
437
102
515
998
486
578
978
505
703
610
202
687
885
491
447
16
617
595
989
564
944
756
896
351
938
444
436
928
386
852
214
826
349
502
149
659
340
837
231
685
925
485
313
374
272
136
560
912
402
993
702
720
949
855
543
25
775
684
401
285
286
135
776
943
144
17
995
338
189
590
638
152
605
618
343
511
929
514
749
440
469
154
754
150
67
818
176
900
757
292
761
859
166
187
11
813
817
480
535
834
275
513
807
736
551
922
901
598
668
245
479
905
806
569
647
942
820
766
892
224
460
983
409
147
607
875
494
588
105
541
299
863
577
364
217
298
112
492
827
414
99
223
75
218
288
739
34
614
83
676
975
893
57
725
81
981
699
422
265
294
661
788
127
704
712
335
723
549
812
669
891
954
241
124
858
107
133
873
1
225
193
794
865
27
985
724
39
167
979
867
650
743
23
445
490
544
644
111
847
346
457
770
186
276
215
283
200
680
660
570
982
603
707
565
278
691
103
371
946
140
173
884
656
706
248
819
424
4
10
258
835
895
375
853
652
461
857
336
220
78
398
325
503
542
442
118
42
898
405
425
238
612
908
803
6
79
412
921
162
175
15
923
688
735
732
359
326
470
795
47
832
632
274
369
830
599
715
332
419
572
800
31
538
506
670
597
104
642
148
780
210
823
54
121
311
970
5
779
443
717
829
639
62
164
456
297
181
291
613
529
484
798
473
155
924
188
874
678
