1000
231
618
187
475
723
692
176
460
319
198
415
318
638
875
239
695
647
920
807
270
29
209
181
701
379
154
820
973
326
738
648
409
12
833
841
750
932
433
769
321
931
674
736
954
368
668
15
302
80
830
741
9
927
714
258
294
113
614
550
230
31
217
685
524
926
576
501
358
895
659
735
267
233
663
540
102
909
442
880
774
782
144
573
697
819
416
234
886
521
229
452
105
203
519
535
293
930
387
381
243
65
165
630
92
53
977
689
152
431
397
33
27
288
383
49
148
802
311
898
768
206
937
587
553
441
207
922
179
420
150
879
432
467
597
479
403
315
465
192
220
344
759
987
565
800
108
140
594
123
593
985
646
699
654
97
494
320
502
994
676
739
169
526
59
116
755
446
574
827
611
106
904
717
773
967
204
908
4
943
644
924
88
912
300
386
730
963
146
523
352
414
91
734
861
790
424
372
814
221
398
815
425
580
859
512
561
531
998
445
215
871
289
34
464
628
197
183
853
558
914
338
130
418
691
809
351
546
127
704
8
32
851
928
222
225
715
786
990
771
876
656
764
359
780
921
680
448
42
395
852
596
616
90
199
520
47
586
371
991
313
23
794
878
923
548
107
601
305
970
577
625
151
349
533
457
829
728
252
733
52
413
308
451
556
3
436
604
188
997
175
195
370
563
306
785
870
263
884
58
748
312
458
566
170
952
87
342
286
50
95
959
429
783
121
37
407
292
114
516
155
744
684
182
778
364
348
669
385
805
218
706
5
688
683
100
476
128
690
571
401
709
85
491
404
167
812
454
517
335
989
858
652
444
902
743
71
36
211
124
831
823
781
232
111
44
661
490
260
346
775
196
241
836
120
382
324
708
60
846
813
157
423
608
615
345
753
600
227
763
901
325
283
159
673
339
101
527
86
213
710
958
508
406
410
961
329
939
250
557
840
606
595
860
679
202
61
354
483
511
240
682
455
721
322
889
126
705
903
653
212
857
426
261
268
842
314
110
20
551
132
532
559
69
14
776
893
115
854
309
762
761
726
453
626
275
584
375
948
686
899
581
117
651
603
434
570
694
287
84
353
142
979
278
510
257
89
549
377
707
650
333
366
598
719
907
698
282
515
78
56
969
392
485
129
883
645
440
572
388
624
658
869
363
357
929
390
480
35
228
976
787
945
337
43
236
238
946
45
509
806
758
112
334
174
336
328
461
369
55
667
919
391
772
975
579
745
271
256
365
503
478
637
996
131
500
139
438
589
972
803
887
918
24
825
297
497
980
172
247
544
466
792
992
122
39
514
660
498
756
770
118
810
569
459
18
323
166
892
119
341
6
274
235
671
843
301
447
554
740
944
327
828
881
636
964
245
380
11
542
703
935
950
957
518
681
978
872
74
216
896
224
844
856
435
208
399
360
280
749
143
751
38
330
469
793
22
316
21
281
138
891
384
986
665
643
276
925
583
417
477
481
430
911
488
468
201
824
439
161
632
866
885
396
194
657
295
995
253
627
536
613
547
96
877
766
796
724
915
729
752
7
936
522
272
620
400
642
153
882
471
949
93
171
19
162
134
821
303
655
193
474
609
537
343
981
795
177
255
421
285
951
411
484
722
672
602
890
284
164
244
185
412
226
894
1000
610
16
983
449
747
702
189
633
310
214
317
180
186
470
291
666
273
617
428
804
798
968
332
848
266
578
17
76
612
64
982
248
10
200
205
13
641
393
784
26
163
754
539
916
834
605
849
168
135
607
525
874
482
72
356
262
70
133
513
443
664
237
779
900
419
765
868
640
677
184
727
373
725
863
818
340
28
634
427
507
940
993
988
462
94
277
57
541
304
492
590
811
355
472
799
98
82
298
63
746
720
582
619
862
48
693
732
675
2
716
422
942
839
947
801
528
136
251
489
178
83
347
264
405
504
649
246
145
560
331
68
296
191
506
955
190
822
487
137
631
700
731
223
905
712
104
718
835
54
808
290
888
534
737
962
897
456
493
25
495
757
77
149
141
777
585
543
791
562
41
938
838
242
1
696
51
917
530
934
953
46
486
437
249
847
555
662
545
933
832
73
350
173
79
622
389
817
408
567
984
367
687
269
588
450
623
575
974
265
742
629
789
767
837
635
361
279
40
473
711
160
259
463
850
529
760
826
62
147
713
374
999
873
966
156
568
797
299
552
956
564
538
219
125
109
910
378
499
913
99
941
402
505
592
960
867
254
66
621
158
81
394
103
362
639
845
496
75
855
906
376
965
67
678
816
670
591
864
30
599
788
865
971
307
210
