1000
856
350
678
301
830
280
162
930
454
998
571
653
239
399
46
328
580
762
409
553
701
392
220
216
694
124
818
408
79
445
734
884
963
931
329
202
848
398
901
149
113
531
949
683
478
720
897
712
76
620
66
579
103
736
592
110
540
436
550
666
588
546
431
984
911
138
774
541
874
825
593
563
809
145
727
309
799
721
218
476
243
106
611
713
561
500
806
449
373
834
15
129
31
511
355
711
575
28
360
107
536
817
229
421
82
662
77
9
41
379
464
413
896
729
370
321
878
543
262
122
558
417
975
427
483
765
191
19
877
403
132
180
691
970
470
401
681
12
118
885
349
719
92
784
904
804
533
504
733
100
457
639
342
752
119
59
619
34
227
751
937
204
306
221
88
979
481
629
631
863
80
622
958
816
366
50
831
808
880
714
498
759
8
396
198
902
407
715
699
205
171
994
723
24
29
265
837
637
193
112
555
990
661
570
241
525
638
315
261
133
974
668
43
660
415
597
688
954
115
65
368
146
613
95
853
285
161
624
4
821
600
26
828
725
484
266
276
288
952
584
94
208
868
87
755
81
320
391
515
876
748
924
943
779
174
980
887
7
246
348
781
680
657
651
795
623
16
836
589
864
326
858
641
108
151
281
386
5
677
325
971
520
258
507
585
475
99
812
695
64
67
928
486
314
625
69
219
224
51
494
840
54
649
814
305
463
512
867
941
763
380
972
978
502
612
989
21
291
997
424
697
556
60
614
385
335
240
367
914
761
109
747
468
377
40
802
785
889
169
883
456
354
434
552
532
918
117
951
738
842
120
869
829
815
596
562
968
915
732
920
339
977
472
42
775
172
492
706
565
84
344
201
181
726
718
601
768
545
136
307
155
547
811
160
303
702
685
55
437
743
244
207
251
14
841
671
501
599
618
843
302
451
1000
83
640
485
352
382
234
63
330
948
300
299
805
746
435
469
705
194
626
548
679
792
962
489
664
833
297
910
163
150
467
771
211
554
259
780
521
523
537
282
616
423
310
182
777
935
892
700
20
991
98
317
425
39
838
104
754
147
260
372
128
932
455
544
324
538
247
907
446
57
89
870
410
879
222
659
184
430
93
337
929
183
389
53
615
826
414
279
850
859
318
159
428
56
74
420
166
134
277
144
772
590
444
192
986
44
788
756
996
96
988
441
529
357
447
982
356
148
646
482
365
534
506
675
45
789
378
894
443
642
230
237
783
730
658
253
627
452
906
272
787
23
791
217
542
406
851
956
52
17
568
670
187
861
778
75
175
803
517
557
284
402
179
58
608
551
296
197
488
252
91
170
200
993
693
137
750
946
383
142
698
728
976
499
460
628
105
30
630
912
199
73
293
872
737
351
289
957
852
857
586
411
474
346
2
412
899
509
35
882
844
278
634
987
158
245
846
114
854
125
121
667
810
535
493
343
228
11
923
692
875
1
849
466
645
3
68
947
847
416
32
140
78
359
665
173
311
602
635
36
939
514
333
871
387
186
249
674
287
934
212
283
371
549
577
165
522
422
587
574
731
188
839
583
400
362
223
338
48
518
459
960
895
363
487
154
807
961
323
591
206
426
603
965
462
594
794
419
312
295
903
866
390
505
890
232
919
985
607
264
178
440
513
908
936
905
353
177
766
473
458
940
690
764
716
722
384
304
164
621
539
999
465
773
964
855
710
757
37
168
790
503
560
643
709
652
917
682
331
704
25
364
157
439
263
745
569
578
845
893
274
116
740
944
62
992
418
959
656
375
433
822
527
686
530
18
242
581
739
633
564
340
900
90
925
153
758
254
689
767
663
271
609
139
782
801
888
953
203
397
567
233
687
495
744
70
209
749
654
909
684
707
215
967
886
708
741
672
361
823
450
250
316
405
189
123
130
582
290
927
176
256
921
33
950
945
576
669
27
983
374
559
696
141
572
776
286
865
167
345
973
480
86
955
735
214
510
327
760
490
969
448
526
644
47
432
319
796
797
742
376
388
916
703
606
127
101
61
753
496
933
332
604
827
798
85
461
648
770
102
38
860
942
524
10
49
347
13
673
143
508
717
111
313
786
292
190
394
966
636
336
156
442
655
453
395
196
268
632
913
650
793
294
926
322
231
267
72
516
213
369
235
769
519
273
981
381
248
573
479
617
891
595
898
269
813
236
819
832
22
195
97
334
238
275
438
491
471
341
429
610
824
862
497
820
835
676
152
404
135
598
724
226
6
210
308
225
255
298
71
358
881
270
647
873
995
528
922
126
477
800
393
566
131
185
938
605
257
