827
436
410
441
611
804
530
888
767
420
436
78
777
919
928
199
394
789
495
395
196
550
101
540
371
900
716
756
106
441
69
730
337
643
810
760
837
12
825
193
376
290
124
362
903
845
296
277
603
498
846
557
949
189
818
186
927
899
889
67
637
481
565
867
728
597
239
792
666
642
425
432
358
172
939
70
671
805
938
574
418
274
145
243
645
143
922
10
816
406
17
85
394
671
979
25
337
852
235
917
318
125
183
60
563
816
690
287
963
454
523
374
835
517
696
509
224
488
179
399
877
942
981
280
626
512
553
602
909
672
582
57
960
871
769
589
746
360
706
326
603
631
893
995
370
800
632
915
214
4
547
583
898
823
633
298
505
858
481
65
246
493
783
965
23
180
957
251
595
75
868
883
844
991
115
378
792
296
630
618
121
709
132
326
619
450
902
134
760
682
301
468
913
975
564
963
408
611
817
721
755
738
751
726
520
507
386
184
567
146
646
5
511
896
95
492
189
463
921
499
957
215
737
179
858
565
115
821
489
514
729
610
240
704
69
585
369
521
413
978
126
914
61
256
217
553
215
855
686
467
406
390
870
710
612
993
564
929
868
47
499
945
107
723
709
732
185
239
714
363
495
25
787
833
251
364
842
895
335
475
279
291
276
645
350
246
159
115
602
497
158
843
237
211
947
856
812
655
191
157
517
310
713
520
958
154
570
249
27
473
931
360
599
351
790
175
421
410
860
364
561
396
143
560
839
747
709
622
492
476
863
674
234
100
524
724
135
419
496
114
765
13
41
666
317
273
6
520
155
427
946
449
610
228
417
896
781
824
258
297
96
483
959
143
655
814
719
952
919
437
291
658
53
243
747
112
152
471
498
788
688
469
367
449
9
91
964
25
77
316
406
70
20
247
672
879
761
685
295
452
651
597
558
62
689
372
998
503
89
738
370
208
32
129
678
194
866
285
173
418
589
856
157
869
542
783
602
198
913
368
470
72
599
873
245
488
750
621
557
730
90
935
407
278
813
430
715
286
879
711
257
432
496
699
879
630
163
432
995
286
125
862
312
743
64
172
421
329
495
828
560
715
503
320
159
895
692
780
676
135
153
864
59
982
157
674
709
522
419
742
590
496
628
55
572
79
463
831
469
413
630
461
215
370
389
4
839
261
410
364
765
444
27
655
956
907
406
33
682
137
675
636
208
708
237
916
497
810
496
651
25
160
739
220
941
846
752
103
640
157
987
143
103
158
530
661
543
233
493
609
47
937
240
322
635
319
15
552
556
839
43
513
461
909
143
425
796
100
9
350
381
488
622
813
268
566
872
718
292
624
536
108
426
631
863
913
964
498
950
333
728
22
375
767
713
182
233
542
887
932
38
14
966
938
178
656
631
487
76
476
13
898
519
997
81
775
692
261
654
714
797
102
666
381
113
214
706
590
45
760
362
533
339
87
280
833
73
362
548
927
780
780
227
485
637
842
575
403
912
872
794
749
167
397
756
542
255
689
452
315
626
968
227
879
546
72
782
761
39
141
224
154
638
304
531
123
407
187
577
593
93
299
962
866
728
744
414
312
4
921
130
296
138
107
721
411
778
262
532
774
135
717
210
986
185
189
989
527
628
264
929
708
182
508
130
428
208
842
384
331
837
430
654
942
599
548
977
779
566
73
8
95
952
489
879
830
127
35
412
963
712
601
694
50
544
273
979
397
21
483
88
321
984
109
193
766
87
521
483
356
84
937
735
618
599
719
682
131
997
73
829
958
923
707
321
613
33
789
888
468
432
910
483
131
759
45
42
317
200
319
117
529
902
725
77
310
519
620
248
240
108
36
43
269
75
77
325
607
65
561
284
852
210
629
674
82
199
991
671
834
81
387
3
255
385
151
418
330
36
928
447
1
722
108
647
571
550
49
649
552
250
770
923
298
357
606
803
350
619
280
969
771
749
363
355
143
76
291
184
949
102
956
872
483
964
60
503
476
156
120
38
114
983
20
375
653
479
360
231
544
833
989
394
558
535
802
688
185
999
994
338
160
591
61
233
495
572
133
811
286
581
964
31
86
106
423
794
21
489
66
327
89
876
825
457
822
323
648
341
533
344
796
735
686
310
875
531
857
696
192
279
378
268
672
315
498
809
953
199
882
554
971
898
71
857
365
731
174
419
210
901
55
366
19
974
647
141
139
268
604
992
933
993
791
153
399
543
917
722
285
973
643
405
736
179
870
547
470
809
854
243
470
852
730
943
466
452
590
548
379
244
463
339
102
247
343
261
345
987
687
