461
111
151
360
847
392
301
326
5
275
956
895
177
953
474
102
613
840
493
817
963
10
585
690
913
926
798
556
124
522
366
278
962
485
639
959
856
715
457
257
30
722
839
791
867
32
313
47
688
401
138
330
73
424
602
911
473
979
655
422
363
136
213
471
118
818
989
675
134
821
634
1
6
505
24
413
303
857
388
712
838
622
691
26
100
426
235
495
561
877
48
661
435
901
314
377
633
402
850
949
706
827
781
110
482
355
714
53
786
101
994
18
489
319
43
359
841
82
628
90
180
968
975
191
615
222
236
276
555
673
906
554
464
383
757
617
573
601
917
568
350
606
266
669
287
929
636
273
445
790
945
692
394
9
512
774
938
2
816
687
946
85
483
409
923
939
523
609
496
710
35
19
114
551
960
428
226
88
312
843
169
802
708
264
998
748
862
611
914
188
704
591
380
304
438
282
414
532
158
281
423
972
912
878
547
131
765
882
125
518
773
121
924
749
892
339
896
274
269
356
397
385
858
991
759
344
686
417
229
629
680
728
454
663
466
931
933
375
667
297
812
193
696
652
899
425
872
762
599
210
756
80
746
910
207
475
416
65
571
490
836
997
653
957
234
659
122
270
545
96
470
726
684
944
809
465
825
693
672
119
753
574
815
508
494
873
992
197
948
198
239
250
698
400
325
196
538
458
542
777
566
27
506
610
280
113
635
792
644
434
429
446
345
771
760
738
849
369
209
244
705
940
695
112
919
89
175
772
731
95
928
651
4
544
990
387
845
502
676
681
437
966
15
468
84
689
109
440
87
500
331
868
768
163
219
442
347
155
60
597
29
272
642
253
511
879
460
909
729
259
581
725
486
580
519
851
362
403
668
451
336
950
507
537
683
61
178
54
824
874
25
734
318
251
67
142
509
754
575
1000
183
720
902
782
254
491
492
94
56
854
170
735
299
353
974
293
776
535
737
162
785
530
104
52
779
258
341
432
871
456
75
420
59
365
806
127
167
83
265
147
453
620
340
320
221
730
638
641
619
406
977
584
883
49
650
861
700
242
775
267
811
443
550
192
436
846
86
999
462
648
64
501
732
467
666
182
352
920
881
305
431
510
452
976
240
433
727
307
292
832
885
595
123
21
133
372
514
970
160
916
224
789
626
399
787
745
298
853
381
23
736
156
208
865
289
187
930
332
181
517
149
348
656
810
894
925
478
277
351
338
69
107
391
211
952
637
852
937
694
504
967
76
993
329
419
99
600
159
709
166
685
543
677
795
66
36
189
70
660
794
707
984
954
20
572
513
880
980
40
579
77
367
296
897
826
674
801
527
915
646
876
342
472
905
564
995
614
747
723
260
108
71
337
204
184
534
230
592
7
368
335
955
713
205
828
168
764
447
8
81
405
758
588
117
106
870
173
283
202
616
199
327
316
799
378
598
922
964
855
866
549
864
859
761
769
487
249
455
143
576
540
285
217
129
631
216
965
594
596
227
788
164
78
246
671
904
835
603
306
194
988
42
248
148
190
450
374
223
860
951
145
261
288
934
546
497
373
321
833
98
820
116
778
526
578
448
498
449
308
488
364
328
185
553
218
404
334
418
560
647
231
408
978
682
618
11
370
770
796
105
941
557
361
640
430
570
632
969
165
232
479
716
349
382
57
528
481
932
172
37
829
317
654
971
890
961
780
898
376
751
322
657
72
407
589
819
987
649
536
887
16
79
741
154
699
291
256
888
719
567
379
357
34
605
750
767
97
389
793
3
516
884
46
921
255
996
985
742
658
521
565
766
711
393
247
33
733
593
665
935
842
484
936
900
983
604
703
463
12
139
869
823
290
469
45
804
590
63
515
539
891
279
803
215
863
58
848
524
718
157
942
412
120
558
630
323
295
395
396
309
343
807
784
262
814
670
986
586
797
245
228
28
200
907
503
608
212
22
701
68
206
740
386
739
477
171
74
981
411
886
808
252
161
678
203
889
358
300
582
752
286
44
284
531
115
621
92
783
533
625
569
837
13
214
612
176
302
126
679
91
927
174
421
525
311
41
38
583
830
152
805
315
140
744
186
153
763
529
721
958
93
324
562
238
520
480
144
499
263
31
233
577
55
146
908
62
444
439
17
918
587
755
947
982
697
410
427
220
130
51
201
717
607
50
800
643
14
398
310
459
384
559
943
822
39
664
128
441
743
371
834
135
346
415
903
548
195
552
268
973
875
237
271
294
541
563
702
132
662
137
724
813
333
390
179
150
103
476
893
831
354
241
844
623
141
243
645
624
225
627
