738
54
704
571
538
199
570
983
550
673
310
793
641
343
499
88
317
169
291
192
681
934
810
968
961
146
823
929
855
435
860
790
767
232
463
42
584
113
88
351
643
657
801
574
605
951
258
513
268
382
692
951
148
814
728
970
910
456
941
645
479
613
507
396
620
919
41
221
277
19
787
877
127
979
26
496
445
322
267
418
995
393
322
926
734
681
992
432
620
944
720
233
544
414
590
528
613
983
347
123
489
681
443
908
902
263
780
508
404
160
378
561
824
670
180
245
511
655
835
88
974
218
181
577
741
712
349
70
764
351
191
214
269
492
859
865
79
911
906
487
642
530
571
910
910
802
491
349
891
776
653
395
473
71
744
448
896
928
978
218
749
20
998
974
985
550
234
765
527
993
857
60
793
753
873
200
288
769
997
294
835
980
6
570
114
468
577
873
903
688
137
473
728
962
984
384
580
265
752
643
612
744
454
343
632
441
644
60
425
793
472
682
687
983
789
860
401
27
273
654
597
746
168
517
892
531
255
928
573
684
22
838
961
248
414
417
314
514
427
337
197
905
936
911
488
249
535
490
718
251
966
555
925
804
452
873
660
467
562
580
795
257
316
253
919
596
234
336
58
661
989
580
688
332
307
427
232
242
823
861
39
622
38
864
148
889
337
582
367
729
878
517
301
568
618
856
768
334
884
642
514
587
625
339
924
327
515
772
34
53
578
492
281
105
34
441
350
347
286
151
251
433
712
619
26
645
334
408
464
97
791
413
373
539
299
41
836
1
610
618
624
232
332
834
7
635
996
572
391
810
296
990
510
853
61
403
487
372
820
164
245
909
703
55
750
836
442
56
415
324
410
311
971
638
594
250
954
373
10
108
613
216
978
480
468
649
466
409
473
507
312
249
944
657
26
776
252
761
309
584
636
740
965
815
81
609
173
861
871
277
964
508
282
300
288
783
352
598
723
513
394
769
591
615
438
321
105
901
853
890
411
792
748
819
871
967
41
80
282
512
809
627
646
464
857
379
751
477
759
277
856
350
161
649
842
772
986
865
310
585
361
213
860
16
822
56
393
757
537
25
266
59
508
755
388
890
389
245
845
792
164
726
774
372
871
347
973
771
773
974
674
102
191
544
644
578
460
973
865
993
516
298
58
111
520
650
886
424
209
824
229
166
331
307
921
744
722
357
398
424
428
18
806
657
439
359
355
34
975
914
161
617
211
528
963
214
237
829
631
305
649
21
316
160
414
64
27
20
655
217
173
651
518
273
453
319
692
861
757
772
438
795
114
977
957
144
317
71
115
110
583
829
735
880
770
425
799
488
170
118
240
580
870
123
678
311
119
737
114
807
896
77
314
268
303
180
37
702
680
645
11
974
803
215
734
605
627
718
951
629
162
570
152
725
838
802
702
18
913
273
761
224
950
659
968
621
992
83
234
444
76
625
182
920
223
132
739
151
714
103
906
644
680
297
568
409
239
597
377
470
177
275
605
35
842
863
350
805
107
794
952
489
518
917
675
484
418
527
958
884
320
223
104
590
51
444
885
849
663
336
110
363
512
542
310
784
109
949
326
246
535
809
547
749
167
391
334
813
236
957
11
814
105
66
468
46
189
307
574
167
457
897
887
186
48
263
245
130
518
419
708
759
923
49
121
554
997
423
768
85
326
552
283
752
701
698
187
782
465
395
165
197
742
459
780
743
757
728
751
736
628
244
584
171
764
327
593
271
167
341
878
309
61
831
87
56
412
910
653
43
716
18
493
422
934
984
790
660
282
249
472
915
836
421
591
378
854
50
12
359
399
470
723
279
799
600
940
403
932
870
507
241
934
963
305
95
64
53
179
159
753
283
94
707
826
24
452
964
424
831
910
532
737
477
573
487
502
572
654
304
565
133
745
579
608
873
68
811
342
549
461
764
113
552
476
458
601
852
136
714
263
23
202
262
969
6
765
231
802
652
987
24
69
761
962
341
363
782
825
894
252
914
746
938
30
728
981
147
67
189
694
719
382
415
384
499
360
725
771
144
737
691
684
370
90
723
191
371
754
672
92
817
91
977
311
219
625
360
702
168
118
30
622
231
522
404
532
567
263
337
967
934
909
711
434
353
941
220
56
318
496
587
525
376
324
80
660
931
193
983
765
781
23
525
882
875
745
601
925
563
608
129
534
719
69
906
328
384
894
172
318
495
251
608
390
539
963
212
609
925
48
837
564
169
837
275
394
948
483
586
895
895
398
860
286
626
417
286
683
936
510
170
847
930
807
640
715
948
371
260
