342
499
540
181
871
442
777
656
270
127
430
374
341
726
851
151
186
542
254
551
303
147
578
241
888
101
125
390
501
328
518
929
114
219
853
990
357
432
489
248
294
646
996
506
497
928
932
675
711
580
716
333
977
309
435
550
899
388
403
354
973
500
875
517
911
274
137
885
699
944
521
64
93
170
541
366
577
860
18
678
105
297
58
414
6
823
233
157
301
202
561
999
355
799
537
608
449
663
280
907
397
914
234
570
884
22
839
633
409
886
562
772
912
278
82
844
856
648
413
923
272
573
650
316
131
344
421
111
806
106
882
822
627
913
594
696
116
244
564
770
119
808
163
43
323
250
400
599
952
569
982
27
494
520
332
417
827
255
724
440
69
104
693
965
431
731
334
336
4
532
563
283
917
657
503
155
867
554
87
368
361
896
768
371
715
367
411
667
635
957
524
48
552
389
816
237
321
591
975
530
760
601
984
790
122
124
269
859
406
148
612
691
832
941
492
192
620
198
313
130
454
893
516
769
308
780
258
351
567
637
687
609
63
814
276
658
478
9
231
448
284
84
46
14
480
632
872
295
771
796
138
940
546
576
502
741
824
68
665
142
904
207
782
290
89
510
55
209
239
775
47
360
438
549
736
475
479
141
249
139
754
330
164
292
956
98
331
159
279
95
281
850
708
470
102
79
461
669
890
660
20
394
826
253
329
356
813
645
991
80
324
617
589
787
672
992
39
23
184
846
788
444
340
946
661
962
3
365
891
427
739
210
263
762
320
559
607
908
180
582
833
382
485
429
326
926
265
348
459
597
829
649
792
841
484
640
733
493
684
196
698
725
451
869
970
980
183
616
883
81
76
194
268
474
752
972
285
420
396
989
462
641
936
779
889
100
558
223
211
593
42
903
988
986
103
959
526
393
789
86
108
795
854
966
513
450
723
905
539
160
647
954
195
61
302
508
596
232
443
993
120
483
133
273
585
863
598
643
37
861
892
631
695
352
730
193
92
167
123
226
261
419
793
306
424
734
870
7
630
363
595
24
126
71
759
868
379
804
96
312
902
412
19
720
235
60
271
57
1
670
805
383
287
553
934
457
897
761
751
118
404
545
176
925
602
12
509
460
171
364
604
212
358
692
140
985
70
821
979
611
765
801
385
955
228
791
735
544
288
243
38
784
391
968
50
838
835
33
230
85
683
386
819
236
568
129
187
238
676
588
828
325
437
347
840
802
384
847
369
91
266
222
422
511
304
615
188
182
866
522
574
174
969
745
215
587
820
200
504
410
994
803
134
547
557
958
251
353
579
655
436
722
642
953
744
45
843
690
971
581
416
686
560
252
214
738
565
651
25
714
471
401
534
629
262
345
298
15
809
289
978
746
848
49
830
964
747
555
152
909
707
624
842
983
948
865
59
378
402
922
220
614
919
16
149
873
107
915
887
299
947
653
742
709
208
625
689
349
879
399
381
373
74
376
165
311
439
613
976
906
685
445
75
51
335
362
949
377
704
468
705
277
267
945
90
995
495
527
177
538
619
221
713
110
343
282
592
338
204
415
387
852
728
72
781
834
491
825
878
13
486
845
638
77
721
66
605
218
753
247
606
898
452
242
701
158
286
930
536
482
519
117
783
216
32
764
337
732
717
146
797
205
877
583
300
121
156
603
213
786
168
876
679
375
203
961
939
259
128
652
225
818
305
960
681
910
88
428
490
35
54
880
109
757
688
507
920
529
636
197
525
628
34
743
113
623
811
697
556
798
621
173
112
831
145
162
380
927
671
317
586
477
703
467
136
315
664
763
425
533
44
566
933
17
794
737
62
729
5
240
407
465
528
718
810
535
191
94
951
918
441
987
836
10
622
36
447
199
855
257
694
78
293
895
260
680
881
115
767
600
864
673
682
172
395
314
750
639
31
185
464
572
246
997
548
921
456
256
626
2
668
967
473
727
584
217
99
800
179
408
433
8
749
135
29
662
423
310
446
815
916
710
83
778
154
53
52
346
327
392
190
426
370
677
748
974
498
339
307
702
776
807
998
322
434
26
143
740
666
935
150
463
56
674
65
469
942
874
189
275
458
41
571
453
931
132
229
21
318
398
700
418
937
719
496
712
654
178
514
755
201
900
938
812
405
296
505
481
857
756
11
943
175
1000
97
28
523
950
858
817
766
476
73
206
466
40
590
372
227
634
862
531
894
644
166
144
319
472
610
659
515
512
291
773
245
350
169
543
488
706
67
924
837
849
758
981
963
30
785
901
487
153
618
161
224
774
455
359
264
575
