53
123
417
425
242
868
623
458
668
185
552
137
214
547
543
935
510
803
292
6
587
901
25
578
122
779
200
227
538
919
924
875
181
89
73
959
406
944
911
644
636
299
370
249
434
545
712
297
540
940
521
566
447
395
995
969
489
574
839
274
640
592
905
50
639
184
620
823
163
18
263
950
108
864
264
947
300
331
235
356
890
521
176
981
172
694
790
322
516
90
785
184
326
913
952
869
136
732
391
550
379
154
694
642
202
760
603
826
758
73
171
832
452
750
333
318
676
644
346
270
423
685
143
260
34
365
679
177
50
437
930
828
345
651
810
695
137
88
464
863
593
862
821
921
918
777
440
448
190
414
544
373
142
334
440
823
1000
737
79
678
454
662
181
63
483
591
592
361
322
265
370
399
981
74
61
635
181
875
651
278
633
554
329
507
628
506
480
368
316
608
877
404
557
35
249
299
742
604
537
646
238
712
504
855
165
641
50
928
448
102
23
949
172
498
965
540
629
59
239
180
26
542
487
53
270
631
742
908
102
563
505
839
881
514
787
566
426
148
833
529
938
180
611
495
67
995
931
798
343
473
949
33
718
210
205
821
504
374
444
981
830
114
818
993
317
76
502
215
344
386
133
30
856
960
439
950
865
207
47
169
733
75
814
475
901
414
521
209
501
699
186
628
48
580
784
597
475
187
455
578
533
443
699
68
227
925
435
768
443
758
238
815
190
339
918
343
578
602
722
170
758
804
40
691
571
240
346
444
53
918
129
163
318
983
764
27
614
213
480
802
162
779
890
892
980
178
734
173
223
927
157
502
73
19
328
633
28
146
652
303
212
428
845
417
103
690
59
103
230
468
250
773
116
385
987
119
154
255
93
979
811
558
574
210
318
880
762
440
361
475
93
847
573
462
571
427
902
883
354
535
811
112
793
219
270
607
831
444
319
937
261
26
296
612
174
910
313
84
726
758
443
678
716
461
166
517
141
72
251
242
114
131
220
805
175
139
513
670
119
474
29
482
881
425
664
347
749
878
21
766
348
787
597
113
272
916
565
121
428
584
651
543
327
787
417
50
919
239
192
155
909
881
240
196
891
37
7
463
9
545
433
544
634
539
729
743
956
620
234
991
172
878
922
612
28
543
305
845
858
598
313
719
239
703
194
954
568
64
530
582
123
837
135
491
504
23
862
413
557
57
58
271
367
213
206
368
702
408
271
285
84
689
410
75
577
274
420
96
507
549
942
257
550
458
590
184
596
642
538
411
737
993
500
795
866
99
500
553
739
256
742
653
876
573
261
393
525
401
288
876
228
580
392
810
174
543
933
16
934
985
36
512
188
743
293
553
244
832
936
355
134
317
730
255
640
144
706
864
204
332
217
71
605
864
306
772
501
823
296
363
680
224
259
296
725
407
796
165
72
284
358
513
119
704
832
785
38
419
801
705
998
865
38
496
525
900
866
19
822
655
673
969
591
665
614
358
660
346
572
855
745
494
571
519
853
509
478
883
374
220
398
812
861
989
20
313
88
367
249
322
623
404
928
573
848
422
51
235
98
979
552
502
512
512
974
439
291
2
86
210
789
258
76
271
763
458
348
176
175
416
678
376
424
378
221
219
840
980
370
423
922
296
332
333
787
489
593
647
243
44
232
351
812
859
950
614
859
150
172
686
643
91
536
599
830
155
279
366
75
406
469
362
977
304
767
197
251
921
80
231
921
392
570
107
810
801
53
478
629
9
814
781
60
255
575
920
581
939
984
559
456
948
332
642
683
708
687
968
524
249
812
817
824
617
414
745
118
442
214
680
511
206
909
587
766
641
205
655
775
990
986
924
282
281
911
978
483
527
268
281
79
795
63
512
793
190
184
422
133
447
499
701
755
667
951
519
975
381
707
835
524
152
441
200
550
189
149
59
453
414
458
620
117
831
905
467
156
977
827
423
245
675
472
357
202
730
314
183
773
546
674
999
35
728
992
819
255
517
407
500
342
196
603
614
419
596
535
562
806
588
252
116
95
215
179
826
437
79
321
338
326
712
106
84
217
967
251
492
790
826
664
746
293
72
715
785
764
425
157
725
707
124
653
131
195
484
66
956
385
335
595
552
162
473
486
466
749
184
228
837
450
221
698
882
492
513
390
397
306
898
829
152
936
721
341
124
570
29
391
736
548
264
602
288
867
432
317
264
608
431
282
632
854
279
500
594
349
516
492
380
131
712
113
838
770
358
462
99
116
958
779
452
408
636
454
317
746
267
301
598
908
977
923
378
73
706
106
1
310
217
