807
331
54
109
190
901
409
427
865
907
142
830
735
487
182
90
443
768
351
453
44
818
4
473
909
665
553
370
451
589
430
835
464
182
88
295
175
483
960
387
552
395
841
767
406
227
702
430
68
504
855
346
205
934
5
925
65
221
241
5
772
105
954
420
892
728
380
192
939
800
345
114
332
747
525
462
549
283
179
421
272
173
302
212
159
55
560
882
193
753
454
115
881
387
805
828
720
252
614
439
29
446
389
190
600
507
594
424
103
130
45
807
383
156
666
662
668
715
878
52
536
323
743
517
197
441
839
575
604
539
98
228
700
751
169
863
71
900
254
779
788
623
167
961
916
536
76
166
518
588
169
718
217
943
445
64
599
646
261
223
166
165
253
673
599
991
172
452
998
720
769
873
609
45
498
646
757
359
885
750
877
105
483
521
163
919
31
39
421
260
168
39
563
131
101
21
996
353
440
255
942
834
77
908
685
387
811
157
24
467
221
364
661
689
35
557
12
281
423
929
308
631
118
715
566
180
426
424
617
735
106
64
941
525
181
198
387
97
531
31
883
719
781
915
876
736
851
289
643
692
778
380
390
915
116
641
328
410
16
358
748
371
395
954
715
308
342
440
596
640
864
289
758
11
685
935
852
766
138
156
996
251
208
552
916
343
823
478
590
100
843
290
140
919
588
920
168
648
511
405
687
774
330
171
560
896
376
75
842
920
826
431
53
527
941
428
302
777
652
776
811
219
352
568
577
421
650
971
677
296
340
685
968
828
621
166
524
279
646
505
311
63
518
121
715
373
788
747
683
568
347
747
865
275
705
437
468
763
907
780
403
267
326
651
10
743
140
817
269
451
438
576
609
566
873
822
486
800
184
797
196
463
881
956
986
126
493
975
408
67
560
414
635
824
439
280
659
117
200
383
472
477
628
111
359
798
158
508
92
772
400
5
489
309
589
296
367
322
26
944
889
637
435
814
734
959
145
90
933
527
200
506
112
83
609
695
947
81
382
590
928
194
669
700
977
74
212
704
245
911
561
77
477
249
194
901
521
442
803
103
364
895
429
289
145
913
643
938
360
396
615
487
156
962
601
651
483
150
281
816
222
494
934
661
94
325
90
317
475
270
907
19
212
50
944
563
815
353
388
463
890
477
206
84
2
772
662
951
328
921
29
553
520
210
826
754
980
994
124
457
503
155
384
941
402
13
435
40
817
476
87
930
580
84
231
293
379
928
815
935
923
10
780
83
280
653
368
118
848
21
12
729
151
589
581
500
445
261
247
287
869
830
658
217
12
584
89
421
830
109
828
276
78
692
902
180
392
596
519
382
728
605
541
281
766
868
344
951
316
122
914
894
244
681
953
445
579
94
316
684
210
949
900
659
3
847
131
162
439
66
203
551
490
208
575
575
270
767
65
903
957
360
76
889
738
420
70
822
416
572
967
569
886
793
951
704
283
571
412
924
17
979
135
406
377
314
929
967
802
16
110
840
164
453
646
512
731
724
929
591
470
837
28
9
359
715
873
744
639
356
936
708
162
270
343
709
806
699
834
519
672
461
22
321
164
144
973
352
85
253
561
547
187
759
874
705
903
451
846
545
858
361
591
251
425
657
73
255
564
822
113
596
119
307
345
863
882
859
645
741
273
411
433
243
125
994
660
776
48
743
966
178
708
185
894
854
510
517
706
568
436
480
570
458
528
994
720
328
919
203
149
997
194
434
650
648
794
955
806
938
677
459
161
289
94
295
418
276
934
520
581
738
911
245
606
361
881
410
279
720
923
417
90
898
657
81
208
643
872
458
195
92
60
108
800
222
278
204
54
48
919
602
860
757
502
5
320
849
313
515
114
267
595
1000
4
349
643
355
737
189
16
157
340
16
947
793
838
234
981
922
808
546
466
458
790
100
465
91
785
282
147
205
385
895
35
83
289
432
604
815
749
913
692
659
236
925
382
493
582
938
33
130
533
395
134
911
740
324
487
410
377
53
211
647
683
260
519
920
230
257
333
609
443
66
724
115
438
886
803
863
716
276
666
244
658
740
753
59
673
184
434
147
208
63
173
31
827
147
664
438
734
44
63
44
311
391
990
748
693
869
205
454
722
815
959
530
606
868
76
429
565
622
33
717
495
728
750
660
464
727
40
584
365
705
662
359
700
371
720
762
123
610
169
730
427
766
12
22
300
659
399
123
207
161
642
332
610
783
771
993
213
94
430
5
515
850
454
645
306
308
780
924
522
366
423
607
186
485
677
773
912
387
615
64
386
990
348
465
971
748
