373
128
29
67
958
716
794
900
593
465
326
976
559
422
536
339
861
27
126
751
106
481
742
314
547
642
241
745
277
222
596
510
354
428
831
4
551
649
5
139
802
498
485
77
451
459
350
85
229
21
38
58
921
344
103
522
567
635
925
471
858
997
240
288
595
499
406
821
242
193
470
75
647
823
866
119
543
915
699
156
537
234
54
799
279
35
52
60
849
930
99
439
801
983
583
30
550
654
523
430
628
763
561
566
249
573
403
805
86
221
230
889
618
276
926
798
328
878
842
836
893
44
723
442
753
310
795
87
533
134
168
552
728
367
841
268
495
458
524
535
184
954
419
982
811
796
334
611
919
237
857
984
9
924
167
200
376
111
695
190
39
93
112
580
882
282
418
959
492
246
760
845
710
186
768
969
452
669
191
759
383
733
474
720
61
865
171
621
890
860
867
365
658
31
600
847
239
643
17
343
247
251
648
153
986
917
204
473
546
196
556
136
295
697
496
104
778
876
330
466
390
400
743
766
140
629
508
888
957
131
338
810
51
809
651
675
362
45
41
393
183
493
644
500
255
884
76
636
612
702
284
349
539
603
670
875
988
972
516
660
526
776
737
3
934
922
582
993
303
79
678
627
894
916
80
771
832
394
40
933
928
599
172
217
107
88
659
311
358
264
62
885
828
129
941
692
211
553
69
299
904
73
715
868
113
170
377
224
275
895
322
306
826
529
101
964
120
302
335
991
519
588
684
966
712
939
355
956
779
64
490
467
203
971
159
854
711
879
23
219
47
579
59
180
63
43
57
220
609
590
155
178
977
574
132
815
296
410
646
83
662
321
225
789
194
399
758
13
11
992
292
970
352
674
562
317
910
179
765
315
968
534
147
408
740
454
253
679
773
824
639
480
68
942
389
484
943
726
558
256
125
351
717
503
395
949
722
309
752
260
6
862
386
244
273
369
541
42
294
521
641
808
425
332
960
482
325
158
432
568
320
569
731
887
433
227
141
557
267
415
116
477
610
286
703
461
803
308
940
920
509
775
109
138
444
762
262
445
652
953
148
56
672
886
819
804
908
96
812
307
734
545
151
401
431
840
250
212
235
844
730
528
198
914
901
664
464
709
624
589
785
584
89
749
974
28
182
892
572
1
604
497
392
133
233
932
218
166
571
591
375
756
475
631
366
738
777
274
698
606
985
463
507
680
195
995
336
883
232
927
144
72
479
877
100
905
725
281
855
790
347
987
414
625
891
594
290
694
686
152
447
438
671
996
455
285
323
620
948
565
688
687
864
719
316
456
517
853
807
781
653
869
833
755
706
767
201
457
822
774
16
364
640
981
838
15
872
405
446
345
506
820
850
881
505
453
124
947
741
50
690
416
736
859
24
215
436
348
929
441
619
359
142
205
616
258
902
150
95
896
420
248
575
468
412
538
12
689
691
360
97
449
511
906
622
7
614
721
978
961
185
615
18
160
118
923
770
581
398
361
487
154
911
666
257
304
254
931
504
385
780
998
898
520
265
356
32
271
213
429
693
586
37
423
270
472
542
114
380
592
327
231
427
22
49
266
448
226
66
413
544
578
813
518
329
74
846
839
955
337
746
800
391
65
597
681
437
668
514
8
122
110
216
633
92
298
793
313
372
718
346
214
769
764
130
513
426
585
269
967
945
26
645
788
608
829
440
374
409
874
818
665
830
848
502
989
278
71
637
527
729
744
708
607
667
243
90
772
192
207
407
944
209
105
735
747
605
353
732
381
962
685
324
78
525
754
443
748
434
630
683
108
387
483
181
312
121
727
817
14
783
378
396
188
792
951
555
291
371
576
782
176
368
587
46
297
137
20
623
650
739
530
560
300
661
435
223
305
127
145
806
210
283
999
663
197
549
856
787
598
421
199
169
388
143
912
899
965
825
263
843
319
980
98
705
206
677
460
2
379
357
55
424
187
656
918
174
814
750
696
990
175
852
53
975
873
673
655
634
501
177
202
489
701
287
91
870
228
946
252
907
10
757
149
713
289
827
84
548
784
333
994
402
462
935
602
871
937
476
676
123
384
157
48
834
724
761
370
863
564
280
491
837
950
146
1000
897
626
94
704
816
342
797
102
973
341
851
791
261
488
272
512
331
469
363
979
238
936
657
913
532
554
189
714
19
450
577
531
563
786
36
301
478
293
835
601
81
34
938
880
963
397
236
700
162
540
494
903
382
135
173
909
82
115
515
617
340
613
208
161
164
707
318
417
70
682
245
570
25
486
952
117
632
411
163
33
404
165
259
638
